9.133321326614449731e-01 -8.666816956887768431e-02
6.681783276512549552e-01 -3.318207521281735239e-01
9.985563756507492839e-01 -1.443990047213810583e-03
9.961756217124653201e-01 -3.824435953930079186e-03
1.000000000000000000e+00 0.000000000000000000e+00
7.727256629159678925e-01 -2.272733332516637395e-01
9.661866812409540817e-01 -3.381318214484679840e-02
8.950174087143495383e-01 -1.049828176853039724e-01
9.984224882432600756e-01 -1.577820989166642870e-03
9.998177843796599573e-01 -1.822149294604948847e-04
8.377135219068064798e-01 -1.622860718300565552e-01
4.929431812337461416e-01 -5.070621482698063343e-01
6.482201263720839268e-01 -3.517781931566961728e-01
7.506454492055445460e-01 -2.493554340569640870e-01
9.979491037609183879e-01 -2.050941191264513044e-03
6.980251676927882176e-01 -3.019743709072534865e-01
9.747268859903273075e-01 -2.527293889746293210e-02
9.234528057332933582e-01 -7.654765159657256346e-02
7.099017292246545541e-01 -2.900999582972830781e-01
8.390563017127892209e-01 -1.609438053581753736e-01
8.552724306201617832e-01 -1.447272925345780004e-01
8.778901006264610007e-01 -1.221095856401605978e-01
1.000000000000000000e+00 0.000000000000000000e+00
9.051577516499855758e-01 -9.484284507834431222e-02
9.804404537451606449e-01 -1.955957853780890265e-02
7.137921237571215327e-01 -2.862063703326348518e-01
1.000000000000000000e+00 0.000000000000000000e+00
7.523005208684241385e-01 -2.476999446097062907e-01
9.965847815874631088e-01 -3.415890237930073632e-03
9.996504128487632146e-01 -3.497158504724007916e-04
9.975697863360890594e-01 -2.430502081000833394e-03
9.605618673950976349e-01 -3.943811300645565232e-02
9.420182956336532465e-01 -5.798170149258932010e-02
1.000000000000000000e+00 0.000000000000000000e+00
9.928078270207035816e-01 -7.192197247543052029e-03
1.000000000000000000e+00 0.000000000000000000e+00
2.006206576809217434e-01 -7.993762126256718226e-01
9.245442043766283202e-01 -7.545559542724003532e-02
9.139310584898601153e-01 -8.606896143007557176e-02
9.977712891702882336e-01 -2.229054955036165013e-03
1.000000000000000000e+00 0.000000000000000000e+00
9.998117775525259265e-01 -1.882217059724233961e-04
5.825469781656240631e-01 -4.174523479812943805e-01
9.880159260869664228e-01 -1.198422197476385100e-02
1.000000000000000000e+00 0.000000000000000000e+00
1.000000000000000000e+00 0.000000000000000000e+00
9.758970314276758096e-01 -2.410281030519733497e-02
2.146108198403726686e-01 -7.853866814090751935e-01
1.912895848516716901e-01 -8.087077645265607906e-01
9.903264390036108367e-01 -9.675232985761813079e-03
1.000000000000000000e+00 0.000000000000000000e+00
1.000000000000000000e+00 0.000000000000000000e+00
9.971223868266544388e-01 -2.877649612955305355e-03
9.971837681091183514e-01 -2.816247092904745550e-03
9.997487351684449797e-01 -2.512624475283122948e-04
1.000000000000000000e+00 0.000000000000000000e+00
9.004416875092757788e-01 -9.955870316516121643e-02
9.976922381811222929e-01 -2.307754857088422339e-03
8.996269719753186012e-01 -1.003726752721131321e-01
3.544365781084343192e-01 -6.455612952269009774e-01
9.113676640594403633e-01 -8.863234531675584504e-02
4.502124880468491019e-01 -5.497862721771040739e-01
1.000000000000000000e+00 0.000000000000000000e+00
9.915381551036808183e-01 -8.461797944694815499e-03
1.000000000000000000e+00 0.000000000000000000e+00
8.959485290631072907e-01 -1.040509139132068939e-01
9.804463480901558503e-01 -1.955787398541569341e-02
9.792195786446715733e-01 -2.078091230483717494e-02
7.487037532141078700e-01 -2.512956673092296978e-01
1.000000000000000000e+00 0.000000000000000000e+00
9.465495106396702996e-01 -5.345032884235333126e-02
9.029117505813391009e-01 -9.708779310151569031e-02
1.000000000000000000e+00 0.000000000000000000e+00
9.136443077206335417e-01 -8.635563348489595781e-02
1.000000000000000000e+00 0.000000000000000000e+00
7.542045712651836986e-01 -2.457970345796304523e-01
6.447731168140736768e-01 -3.552259248507415035e-01
9.840471363530516324e-01 -1.595311157919363648e-02
9.761182620528142673e-01 -2.388183181963593124e-02
9.645339491359478101e-01 -3.546586682573928118e-02
1.000000000000000000e+00 0.000000000000000000e+00
9.915381551036808183e-01 -8.461797944694815499e-03
9.872312536940408556e-01 -1.276889941652321718e-02
1.746138270574087992e-01 -8.253836621901219361e-01
7.419016238438134181e-01 -2.580979670694625860e-01
5.340374561060957648e-01 -4.659618118955118904e-01
9.980103379754693416e-01 -1.989684650102495518e-03
9.701496028608130873e-01 -2.985020036943120819e-02
1.000000000000000000e+00 0.000000000000000000e+00
1.000000000000000000e+00 0.000000000000000000e+00
1.000000000000000000e+00 0.000000000000000000e+00
1.000000000000000000e+00 0.000000000000000000e+00
6.400331191735121328e-01 -3.599659686938112002e-01
9.927778927653858609e-01 -7.222158507237593297e-03
8.431707726575047301e-01 -1.568288606122845152e-01
9.932938012137521033e-01 -6.706181352710144372e-03
8.653403827453888253e-01 -1.346612317093432987e-01
1.000000000000000000e+00 0.000000000000000000e+00
9.083215863119706857e-01 -9.168010011850327712e-02
2.540032789490417331e-01 -7.459944313225332913e-01
8.796067769797684122e-01 -1.204021627206792872e-01
9.749841862727421926e-01 -2.501589166138123987e-02
9.856711447708886853e-01 -1.432876710023363483e-02
7.905561795181311746e-01 -2.094432880976765665e-01
9.411195944187431550e-01 -5.888025777646980347e-02
1.000000000000000000e+00 0.000000000000000000e+00
1.000000000000000000e+00 0.000000000000000000e+00
1.000000000000000000e+00 0.000000000000000000e+00
9.936401624030167801e-01 -6.360370903793632555e-03
9.574700601182172255e-01 -4.253166481428736351e-02
1.000000000000000000e+00 0.000000000000000000e+00
9.920734843924509105e-01 -7.928249927614670900e-03
7.027378406568715041e-01 -2.972607991563027130e-01
8.890435603560805644e-01 -1.109560312831989193e-01
7.115126079166209649e-01 -2.884865462410859949e-01
1.000000000000000000e+00 0.000000000000000000e+00
9.288389065938003064e-01 -7.116171066395982070e-02
9.774254059653290083e-01 -2.257452322305051468e-02
1.488773983841599202e-01 -8.511196116651166266e-01
1.000000000000000000e+00 0.000000000000000000e+00
9.740266278647576881e-01 -2.597320517082860741e-02
9.417432460144761208e-01 -5.825636866772943706e-02
6.889225297088314992e-01 -3.110820509210543428e-01
8.332230276695183901e-01 -1.667775460854937220e-01
9.946739669428587005e-01 -5.326031690179421595e-03
1.000000000000000000e+00 0.000000000000000000e+00
1.000000000000000000e+00 0.000000000000000000e+00
8.499021028843634085e-01 -1.500982626560266042e-01
9.384603759070201390e-01 -6.153953876021217573e-02
9.973184030744968176e-01 -2.681616022917184591e-03
9.646946910982654444e-01 -3.530530509224938385e-02
9.630165851009601097e-01 -3.698352751959155249e-02
8.242104049472510630e-01 -1.757887707845495473e-01
9.963570511748544023e-01 -3.642955514595537861e-03
8.495347466959524141e-01 -1.504649996186639693e-01
9.978744538014624466e-01 -2.125539927627927671e-03
6.482204937102777897e-01 -3.517793404177245731e-01
8.189774715194866328e-01 -1.810214122298968442e-01
9.721586568157254415e-01 -2.784117079349686386e-02
1.000000000000000000e+00 0.000000000000000000e+00
7.008120560099638796e-01 -2.991870087869504813e-01
1.000000000000000000e+00 0.000000000000000000e+00
9.978744538014624466e-01 -2.125539927627927671e-03
7.412417981776773246e-01 -2.587575819666156351e-01
9.476847189335464439e-01 -5.231507796150089429e-02
9.521561495672915543e-01 -4.784392551594233989e-02
3.278866922122102290e-01 -6.721124745926884136e-01
6.401777249291318306e-01 -3.598211772064272562e-01
1.000000000000000000e+00 0.000000000000000000e+00
1.000000000000000000e+00 0.000000000000000000e+00
9.753430797303498379e-01 -2.465728286224241200e-02
1.000000000000000000e+00 0.000000000000000000e+00
7.647146099974562183e-01 -2.352858300151319804e-01
9.936335311949188176e-01 -6.366436663329089196e-03
4.682200608286839483e-01 -5.317788981077786747e-01
9.117097564916319952e-01 -8.829070974654741610e-02
4.568777842589004656e-01 -5.431204657585204654e-01
9.883225673546299772e-01 -1.167734283934833243e-02
9.998813696756219116e-01 -1.186293781752123424e-04
9.923907659831336936e-01 -7.609245219528022221e-03
9.983265168997303984e-01 -1.673474457130403725e-03
1.000000000000000000e+00 0.000000000000000000e+00
9.911159556075064270e-01 -8.883987160897803201e-03
1.279709963841774156e-01 -8.720256441187879126e-01
9.931140832340675795e-01 -6.887970117511356752e-03
8.430343527417177851e-01 -1.569669925040455549e-01
8.276740884654726349e-01 -1.723255053929133307e-01
9.634422274747546089e-01 -3.655766757155495816e-02
9.993829493543943121e-01 -6.170674235276151116e-04
8.667754168993297981e-01 -1.332242814329542835e-01
8.654565811083929638e-01 -1.345432226532539965e-01
9.245361065549497770e-01 -7.546565287441689418e-02
1.000000000000000000e+00 0.000000000000000000e+00
1.000000000000000000e+00 0.000000000000000000e+00
1.000000000000000000e+00 0.000000000000000000e+00
9.999799237204526348e-01 -2.007601865266475912e-05
9.357943314026936354e-01 -6.420589221978448280e-02
7.512825190602636649e-01 -2.487180242109101047e-01
5.814756954962092550e-01 -4.185236986898007161e-01
9.640087961459610222e-01 -3.599127085254968939e-02
9.951316261939830987e-01 -4.868346656336876299e-03
7.910743394428779718e-01 -2.089289433754554781e-01
5.921186339318937897e-01 -4.078799831030997525e-01
1.000000000000000000e+00 0.000000000000000000e+00
9.557042276620628662e-01 -4.429552161639366270e-02
7.402330039674100970e-01 -2.597659929982727434e-01
9.999799237204526348e-01 -2.007601865266475912e-05
1.000000000000000000e+00 0.000000000000000000e+00
9.998177843796599573e-01 -1.822149294604948847e-04
1.000000000000000000e+00 0.000000000000000000e+00
6.478540774525636259e-01 -3.521459831541313146e-01
9.928428290814017565e-01 -7.157179749030499576e-03
7.538053792793215635e-01 -2.461955955947530417e-01
9.308066010101354593e-01 -6.919300357838160942e-02
9.750218353522762671e-01 -2.497799719532666635e-02
1.000000000000000000e+00 0.000000000000000000e+00
1.000000000000000000e+00 0.000000000000000000e+00
1.000000000000000000e+00 0.000000000000000000e+00
8.803187587964306227e-01 -1.196860106667332474e-01
9.950984579000170527e-01 -4.901564166666514538e-03
1.000000000000000000e+00 0.000000000000000000e+00
8.972468131979841610e-01 -1.027540930118583523e-01
9.932542501770924570e-01 -6.745696731810718605e-03
6.987955673211616592e-01 -3.012038376983739441e-01
6.898516457490575515e-01 -3.101477145896219256e-01
6.777721996511429925e-01 -3.222269079741620912e-01
9.471419209028736352e-01 -5.285786339371374709e-02
6.567203353737833815e-01 -3.432784086281219227e-01
9.884062886576280293e-01 -1.159494335711870258e-02
8.505696655392140926e-01 -1.494295944108291196e-01
9.988336626305006627e-01 -1.166343281473961133e-03
1.000000000000000000e+00 0.000000000000000000e+00
9.599638945198341045e-01 -4.003610636857698329e-02
9.770637567706732529e-01 -2.293608240527623965e-02
9.765050827794011790e-01 -2.349476315877204596e-02
1.000000000000000000e+00 0.000000000000000000e+00
9.624493606709221272e-01 -3.755047993577020904e-02
7.007257491961891294e-01 -2.992761410373455111e-01
9.766787650112990216e-01 -2.332108311748553806e-02
9.774604704760951890e-01 -2.253948304677556511e-02
9.023057980157670466e-01 -9.769373146909329786e-02
8.143895294953332753e-01 -1.856097335761385525e-01
8.964384985693221175e-01 -1.035608587869738390e-01
1.000000000000000000e+00 0.000000000000000000e+00
9.807753534941799911e-01 -1.922452371299655793e-02
6.126280374757863134e-01 -3.873709217803625315e-01
9.051372710676962585e-01 -9.486240945314604323e-02
9.483835990486428891e-01 -5.161635938029054266e-02
1.000000000000000000e+00 0.000000000000000000e+00
1.000000000000000000e+00 0.000000000000000000e+00
9.651395218929801345e-01 -3.486067504624954655e-02
9.617893730551911879e-01 -3.821052815905239680e-02
8.490542144940611546e-01 -1.509540740251021640e-01
9.324009184436024000e-01 -6.759896167693774105e-02
9.330766799281378088e-01 -6.692313896260773665e-02
9.330766799281378088e-01 -6.692313896260773665e-02
9.655280468532498883e-01 -3.447212989648826970e-02
9.772306868286877446e-01 -2.276920765931162577e-02
9.788805353523689634e-01 -2.111949014565076346e-02
9.876109804809366510e-01 -1.238901840800395171e-02
9.708999445397452632e-01 -2.910028716314810165e-02
9.979491037609183879e-01 -2.050941191264513044e-03
9.858903798884287584e-01 -1.410976190239177780e-02
9.913191680146877793e-01 -8.680753725521864195e-03
9.894126089051431538e-01 -1.058733787232274404e-02
9.858081132628430110e-01 -1.419198510244644960e-02
9.093246165102102374e-01 -9.067485831734943547e-02
1.000000000000000000e+00 0.000000000000000000e+00
9.470559469924862972e-01 -5.294448788627657831e-02
8.776611393199379441e-01 -1.223383601982910018e-01
7.472855157856310715e-01 -2.527138854805938140e-01
1.000000000000000000e+00 0.000000000000000000e+00
9.785674990749129165e-01 -2.143239618568123020e-02
9.436421123815985634e-01 -5.635776871258359189e-02
1.000000000000000000e+00 -4.482708311272439300e-77
6.866199237949882628e-01 -3.133788923115989333e-01
1.000000000000000000e+00 0.000000000000000000e+00
9.748585234774926889e-01 -2.514173141166499079e-02
1.000000000000000000e+00 0.000000000000000000e+00
9.608224219962269164e-01 -3.917751291410945247e-02
8.796329491544369050e-01 -1.203723048037750598e-01
9.970194039710590372e-01 -2.980581819148275195e-03
9.186754394014085001e-01 -8.132412999701137124e-02
9.583514848791535590e-01 -4.164831022417160578e-02
9.976890627831046521e-01 -2.310922610805897590e-03
9.926273394697698871e-01 -7.372607682200359343e-03
9.690296532416030617e-01 -3.097025716154006361e-02
9.307412014679687928e-01 -6.925870041632692375e-02
9.768272209802471018e-01 -2.317465934387716656e-02
6.206363254995934664e-01 -3.793629794423893919e-01
9.713139817008473731e-01 -2.868631001505590403e-02
8.684985277093820732e-01 -1.315009822208244306e-01
8.925131322111353738e-01 -1.074864127342857467e-01
9.868841155427467982e-01 -1.311674478924266044e-02
9.891722702604137663e-01 -1.082772699564167954e-02
1.000000000000000000e+00 0.000000000000000000e+00
9.963740859890602986e-01 -3.625893189578755296e-03
9.857091712263130745e-01 -1.429078362630687923e-02
9.453415684759721715e-01 -5.465818817443719030e-02
9.915381551036808183e-01 -8.461797944694815499e-03
1.000000000000000000e+00 0.000000000000000000e+00
8.663761918894721248e-01 -1.336240831887012537e-01
9.766787650112990216e-01 -2.332108311748553806e-02
2.303924228411973196e-01 -7.696047974813905457e-01
9.998177843796599573e-01 -1.822149294604948847e-04
9.885366106197740477e-01 -1.146358857744402167e-02
1.000000000000000000e+00 0.000000000000000000e+00
9.757237323910631366e-01 -2.427625932922862495e-02
9.981002414067813300e-01 -1.900075333713257533e-03
9.658750164008134131e-01 -3.412488924465429535e-02
9.987773123004091147e-01 -1.222685193410688771e-03
8.702109952518017888e-01 -1.297884596469809637e-01
7.577891784693024935e-01 -2.422119555886448616e-01
9.501201621340855663e-01 -4.987973914896921129e-02
9.922611520923977357e-01 -7.738809982298797997e-03
9.998863392659053106e-01 -1.136626036403690510e-04
9.922700298527681317e-01 -7.730019350189928570e-03
9.991732830657360509e-01 -8.267084216907920943e-04
9.077496408389820193e-01 -9.225004564415459352e-02
9.947867376437744547e-01 -5.213251482054328222e-03
9.946319357728021782e-01 -5.368052558176660168e-03
0.000000000000000000e+00 -1.000000000000000000e+00
9.998177843796599573e-01 -1.822149294604948847e-04
6.409626597243489599e-01 -3.590357892597126899e-01
9.438707022840552296e-01 -5.613113046233265263e-02
9.682302993751428222e-01 -3.176953076187160468e-02
1.000000000000000000e+00 0.000000000000000000e+00
7.872150966888246115e-01 -2.127840971024984040e-01
6.282520624333467474e-01 -3.717490513614690739e-01
9.616801607514674499e-01 -3.832028749023313335e-02
1.000000000000000000e+00 0.000000000000000000e+00
6.341913750977516973e-01 -3.658071432235012743e-01
9.997361984325923157e-01 -2.637987681148579438e-04
9.963939757955655452e-01 -3.606002068092539932e-03
8.785599301597066813e-01 -1.214397195444091859e-01
9.976794717765458120e-01 -2.320522161752255896e-03
1.000000000000000000e+00 0.000000000000000000e+00
9.254211745912866993e-01 -7.457927723958036881e-02
9.505485250078941073e-01 -4.945613189168249907e-02
1.000000000000000000e+00 0.000000000000000000e+00
1.000000000000000000e+00 0.000000000000000000e+00
9.209248475172183701e-01 -7.907465317569066510e-02
7.161475191509497629e-01 -2.838518999381891561e-01
1.000000000000000000e+00 0.000000000000000000e+00
9.912875386935376953e-01 -8.712831972785150050e-03
9.909269252772182623e-01 -9.073075931499426094e-03
9.689849770112716199e-01 -3.101495377437334805e-02
3.113374336187200164e-01 -6.886622136477975609e-01
9.096918519113135204e-01 -9.030884010164562381e-02
9.876884753354309154e-01 -1.231169738183870814e-02
9.959436673843157228e-01 -4.056390082044872628e-03
9.890890144913322413e-01 -1.091097295845074380e-02
9.782057527483765114e-01 -2.179457144992780204e-02
9.998943810487563866e-01 -1.056250078251944508e-04
9.960236846004575373e-01 -3.976375128451955544e-03
9.931651781419670311e-01 -6.834984000164147887e-03
9.721154047597115877e-01 -2.788442190415264810e-02
1.000000000000000000e+00 0.000000000000000000e+00
6.770307200692047278e-01 -3.229696766979582856e-01
9.185827953932343970e-01 -8.141678906131916138e-02
7.150304645939796755e-01 -2.849688471581746652e-01
8.267702199110671391e-01 -1.732294079122385366e-01
9.979491037609183879e-01 -2.050941191264513044e-03
9.542666897225628997e-01 -4.573632856430311783e-02
9.889488825302773511e-01 -1.105105430234571036e-02
9.718598533820280716e-01 -2.813996747401022874e-02
8.847090934283501351e-01 -1.152906784505303983e-01
1.000000000000000000e+00 0.000000000000000000e+00
1.000000000000000000e+00 0.000000000000000000e+00
8.268430791202064922e-01 -1.731562441936103369e-01
9.965706565779474113e-01 -3.429438109469366228e-03
9.736735603073343182e-01 -2.632632097321320475e-02
9.886791566537079801e-01 -1.132089015344314546e-02
8.008939133892063467e-01 -1.991057639807111146e-01
9.915013836350278220e-01 -8.498538796061369527e-03
9.032499537701254022e-01 -9.674996802295279807e-02
9.681968438354324746e-01 -3.180295708083302059e-02
9.802807843534859789e-01 -1.971942112563604757e-02
1.326171995687875915e-01 -8.673811599160883290e-01
3.723517771247827346e-01 -6.276465871379326433e-01
8.206351833020775199e-01 -1.793651384922642089e-01
1.000000000000000000e+00 0.000000000000000000e+00
7.951997518307224455e-01 -2.047994719761458138e-01
9.787786928634734096e-01 -2.122120196751719340e-02
5.529315994622591157e-01 -4.470706019078671267e-01
4.103085133253859818e-01 -5.896909847998559329e-01
5.358690363158182812e-01 -4.641333157198733184e-01
9.824272400069472555e-01 -1.757298495753098835e-02
1.000000000000000000e+00 0.000000000000000000e+00
7.325981221550612599e-01 -2.674024744933995446e-01
1.000000000000000000e+00 0.000000000000000000e+00
9.102507746469382655e-01 -8.974879461368573397e-02
6.855293716878253507e-01 -3.144767605129427657e-01
8.221435531258368679e-01 -1.778588577800026549e-01
8.267566122714015142e-01 -1.732437394311972523e-01
9.073118912975244310e-01 -9.268810519658957081e-02
9.411835361197288252e-01 -5.881939471692618215e-02
7.683701870552548385e-01 -2.316288803238803762e-01
9.911159556075064270e-01 -8.883987160897803201e-03
1.000000000000000000e+00 0.000000000000000000e+00
5.406220443514611063e-01 -4.593762049391618141e-01
9.394222983660901471e-01 -6.058250277038671611e-02
1.000000000000000000e+00 0.000000000000000000e+00
3.377633753425854923e-01 -6.622343501866804205e-01
5.993223850408506692e-01 -4.006769640486640971e-01
9.722326905893071691e-01 -2.776714520686571902e-02
5.877958226131563269e-01 -4.122025875900657277e-01
9.813863184882357649e-01 -1.861356583034631113e-02
1.000000000000000000e+00 0.000000000000000000e+00
8.945931946189479289e-01 -1.054068952575338419e-01
9.398852420702971111e-01 -6.011614596633589602e-02
9.943516869915522971e-01 -5.649437716379596477e-03
8.131389596411480181e-01 -1.868630186958948058e-01
9.927013864111413621e-01 -7.298655202413336339e-03
9.041355490687088547e-01 -9.586404675687379418e-02
9.744858369188311720e-01 -2.551431553551663026e-02
9.982535136050000313e-01 -1.746591421206939799e-03
9.880159260869664228e-01 -1.198422197476385100e-02
9.922719608535850444e-01 -7.728646687254764856e-03
6.506547898583023848e-01 -3.493443996876212099e-01
1.000000000000000000e+00 0.000000000000000000e+00
9.627873443389296515e-01 -3.721253717088728041e-02
2.480616332808271984e-02 -9.751914423027069345e-01
1.000000000000000000e+00 0.000000000000000000e+00
1.000000000000000000e+00 0.000000000000000000e+00
8.513915630761044184e-01 -1.486214615457218668e-01
9.971170752201191645e-01 -2.882900502145826962e-03
9.865900035247370248e-01 -1.340989872233439538e-02
9.949878816445707486e-01 -5.012857585665018989e-03
9.828667676925600949e-01 -1.713592415533661192e-02
9.765050827794011790e-01 -2.349476315877204596e-02
1.000000000000000000e+00 0.000000000000000000e+00
7.726881922830675098e-02 -9.227294729376281923e-01
9.669234971364200071e-01 -3.307640830333519882e-02
9.926146189523445962e-01 -7.385382775315515146e-03
1.000000000000000000e+00 0.000000000000000000e+00
9.552179100643479748e-01 -4.478207342523358309e-02
9.960048868907285247e-01 -3.995095746716561570e-03
8.153258365123354778e-01 -1.846750005674730188e-01
6.751556003344173496e-01 -3.248431605870710226e-01
9.978744538014624466e-01 -2.125539927627927671e-03
9.586486817499122459e-01 -4.135134203023046323e-02
8.856880745695572266e-01 -1.143160814348826299e-01
9.955872479672056574e-01 -4.413227181152580385e-03
9.752966380806038504e-01 -2.470325253657316283e-02
1.000000000000000000e+00 0.000000000000000000e+00
9.976890627831046521e-01 -2.310922610805897590e-03
9.997977081001125921e-01 -2.022909481131596405e-04
5.605932186544924090e-01 -4.394064441757775108e-01
1.000000000000000000e+00 0.000000000000000000e+00
9.723812451601921980e-01 -2.761858183711465159e-02
9.587249769748714678e-01 -4.127482986366194651e-02
1.000000000000000000e+00 0.000000000000000000e+00
9.906717559588907873e-01 -9.328174201834198501e-03
9.960321938851659507e-01 -3.967806416031773205e-03
9.666541324200719210e-01 -3.334598117892489250e-02
6.858527491907893126e-01 -3.141460077796879857e-01
6.380557461734486235e-01 -3.619462601635554111e-01
7.233346224194396878e-01 -2.766662814976948992e-01
6.582160013367903684e-01 -3.417836904350887717e-01
9.272831126565386217e-01 -7.271701220833227952e-02
8.611627080687331848e-01 -1.388369447288129166e-01
9.938635247557010555e-01 -6.136468999938459248e-03
5.413308073531413189e-01 -4.586681612776564720e-01
9.389808626078507414e-01 -6.101939401041500677e-02
6.330197145312419504e-01 -3.669790464887022208e-01
4.776462620867354403e-01 -5.223519616040972480e-01
9.625178800568274795e-01 -3.748190410586300925e-02
7.385410477987182087e-01 -2.614581416921041845e-01
4.496598697813856127e-01 -5.503385910237950096e-01
8.833718045344762793e-01 -1.166306564646055755e-01
9.234892189855360423e-01 -7.651044895511494026e-02
9.750218353522762671e-01 -2.497799719532666635e-02
7.654359877523746469e-01 -2.345635309526092616e-01
9.903752786875581471e-01 -9.624666751138852977e-03
9.607212536741189801e-01 -3.927898317599410466e-02
9.985793315851487773e-01 -1.420667648822018271e-03
5.476020945051536248e-01 -4.523965842175584062e-01
9.432255008170435939e-01 -5.677461956991469022e-02
1.000000000000000000e+00 0.000000000000000000e+00
7.728234014059669477e-01 -2.271756304066824550e-01
9.137015399101678925e-01 -8.629833265692661570e-02
9.161901768541316216e-01 -8.380970632607208370e-02
1.000000000000000000e+00 0.000000000000000000e+00
8.308891772255226904e-01 -1.691106958559866480e-01
9.897088171957745262e-01 -1.029151035437125654e-02
9.890584953146713820e-01 -1.094156271372888171e-02
9.603753924487976601e-01 -3.962549966180270444e-02
9.964250647267446359e-01 -3.575260028429030207e-03
9.016499105456244889e-01 -9.835705772013615678e-02
1.000000000000000000e+00 0.000000000000000000e+00
3.484531998684202714e-01 -6.515445528153823718e-01
9.666821538208627551e-01 -3.331878740998606842e-02
1.000000000000000000e+00 0.000000000000000000e+00
8.601514070476399265e-01 -1.398521349183564910e-01
4.117729711012323435e-01 -5.882250197166386529e-01
9.812176052089884859e-01 -1.878239781175219253e-02
9.613545641915887119e-01 -3.864582491218194332e-02
3.368007249432293237e-01 -6.631999510390923502e-01
1.000000000000000000e+00 0.000000000000000000e+00
9.320439658750887535e-01 -6.795586122863717105e-02
1.891550326455956332e-01 -8.108424825635377475e-01
9.332166490476425658e-01 -6.678505682648966379e-02
6.843234709355774381e-01 -3.156758551033158056e-01
1.000000000000000000e+00 0.000000000000000000e+00
9.961722466877016569e-01 -3.827811040008649145e-03
9.053111808174157948e-01 -9.468835829768040835e-02
1.000000000000000000e+00 0.000000000000000000e+00
9.720034848742341582e-01 -2.799637607509286932e-02
9.345272805434848840e-01 -6.547237250912588125e-02
9.971170752201191645e-01 -2.882900502145826962e-03
7.923135021704996728e-01 -2.076891565338088441e-01
1.000000000000000000e+00 0.000000000000000000e+00
9.151348166031681997e-01 -8.486495856439459085e-02
9.820209787127794909e-01 -1.797923755109049823e-02
9.558628439349902139e-01 -4.413702309948863006e-02
9.221745721835847842e-01 -7.782519207959580354e-02
9.284179823303667645e-01 -7.158199272927372181e-02
8.845099634261108790e-01 -1.154928037145930009e-01
1.000000000000000000e+00 0.000000000000000000e+00
2.810504820895073363e-01 -7.189475756722384370e-01
8.446877136795659657e-01 -1.553118314140073397e-01
9.949968406281167743e-01 -5.003189540583232592e-03
7.493223096604736400e-01 -2.506776658097926713e-01
8.989491196698295994e-01 -1.010503506197345663e-01
9.350038857087684674e-01 -6.499594242205840311e-02
9.783693012647928233e-01 -2.163093267055356261e-02
1.000000000000000000e+00 0.000000000000000000e+00
8.703233710617361840e-01 -1.296762688954096465e-01
9.880159260869664228e-01 -1.198422197476385100e-02
1.000000000000000000e+00 0.000000000000000000e+00
1.000000000000000000e+00 0.000000000000000000e+00
9.859943707495452125e-01 -1.400552107541770328e-02
9.644472300521935715e-01 -3.555264966081467248e-02
8.298005957038500080e-01 -1.701989110832678453e-01
8.912110063909460811e-01 -1.087882967419901564e-01
9.583746437026576803e-01 -4.162547484872780590e-02
6.067391314761214627e-01 -3.932592487371655565e-01
1.000000000000000000e+00 0.000000000000000000e+00
9.831009856878942799e-01 -1.689890999194634813e-02
9.882842503983210181e-01 -1.171573405015596987e-02
6.863131296104909573e-01 -3.136905565903397863e-01
9.955430146831045768e-01 -4.456987766296127175e-03
9.964430681807443513e-01 -3.557101162790961280e-03
9.926895325889854016e-01 -7.310485439439776481e-03
6.438912805838796771e-01 -3.561083051910629571e-01
4.796458819075566371e-01 -5.203572879989227795e-01
9.815928600373219348e-01 -1.840726062202089133e-02
9.902517236187914351e-01 -9.750027173671526465e-03
9.745532188127613571e-01 -2.544662304511346659e-02
9.752122647504272157e-01 -2.478760285512831424e-02
1.000000000000000000e+00 0.000000000000000000e+00
9.710980752373892244e-01 -2.890197983532103929e-02
9.776566455816083634e-01 -2.234326779492640594e-02
9.556821174671665808e-01 -4.431794706450958854e-02
1.000000000000000000e+00 0.000000000000000000e+00
9.661045234848452123e-01 -3.389528261530858066e-02
6.195700690261745081e-01 -3.804286046421100353e-01
9.967052751851124270e-01 -3.294701292926077631e-03
1.000000000000000000e+00 0.000000000000000000e+00
9.694579709110013876e-01 -3.054200163363805093e-02
9.219042025972055132e-01 -7.809533943614298257e-02
9.140407983098098876e-01 -8.595878303291364098e-02
1.000000000000000000e+00 0.000000000000000000e+00
5.295305645841521525e-01 -4.704673388183153171e-01
1.000000000000000000e+00 0.000000000000000000e+00
9.979491037609183879e-01 -2.050941191264513044e-03
8.790298308265913629e-01 -1.209699173457078891e-01
7.382863617009389756e-01 -2.617125801592177226e-01
9.883225673546299772e-01 -1.167734283934833243e-02
1.000000000000000000e+00 0.000000000000000000e+00
9.595172702438860002e-01 -4.048259313168601353e-02
9.991532067861886857e-01 -8.467844403434569584e-04
8.801674327870729897e-01 -1.198323282175109278e-01
9.760704156589408154e-01 -2.393047039115147462e-02
9.845522088180982401e-01 -1.544776403224633332e-02
8.864948868655119218e-01 -1.135046241276030238e-01
9.637708456929879874e-01 -3.622894315156054146e-02
9.971170752201191645e-01 -2.882900502145826962e-03
1.000000000000000000e+00 0.000000000000000000e+00
1.000000000000000000e+00 0.000000000000000000e+00
9.985980061045522937e-01 -1.402346533345372702e-03
9.812588558268847683e-01 -1.874200055975320384e-02
9.893619356368826834e-01 -1.063797588912616422e-02
9.320864011036723573e-01 -6.791390552592208030e-02
5.351094268272071908e-01 -4.648887675138935749e-01
8.439162490091813851e-01 -1.560842078825979140e-01
5.964122807338322341e-01 -4.035924918132215988e-01
9.948832130194329437e-01 -5.116852453045985134e-03
9.501107811833279237e-01 -4.988906147311453904e-02
9.989935124877966643e-01 -1.006477745032199108e-03
9.251573551511335092e-01 -7.484249995753325391e-02
8.088055403432663493e-01 -1.911935805961349766e-01
8.712063885365400884e-01 -1.287954135156873792e-01
1.000000000000000000e+00 0.000000000000000000e+00
9.644942765164469245e-01 -3.550571271336622203e-02
9.928078270207035816e-01 -7.192197247543052029e-03
9.309319490892703497e-01 -6.906939304587832174e-02
8.427893746034986755e-01 -1.572107266289096972e-01
9.945889185162113399e-01 -5.411509401628484921e-03
1.000000000000000000e+00 0.000000000000000000e+00
8.443845631121810191e-01 -1.556148547903793700e-01
9.859948811384048328e-01 -1.400856263159838515e-02
3.355957671859182145e-01 -6.644036792974011840e-01
6.570974284226223094e-01 -3.429022029959072349e-01
9.218515725238178860e-01 -7.814842126095977726e-02
9.999163752198594324e-01 -8.362513757750205702e-05
1.000000000000000000e+00 0.000000000000000000e+00
-1.136761188813318300e-02 9.886289424142103988e-01
-2.007627954735894036e-05 9.999799239813473850e-01
-1.335206546287509843e-01 8.664539737311234280e-01
-1.541769014153076406e-02 9.845781984962416189e-01
-3.063855246822197106e-02 9.693567100905468026e-01
-1.989670880225137828e-01 8.010084892787583399e-01
-1.037110285871640537e-02 9.896257788226863195e-01
-2.966920995964813720e-02 9.703263711428323779e-01
-2.740434519001784877e-02 9.725896575139045819e-01
-1.080751061943641990e-02 9.891898191426021780e-01
-4.652017672295194473e-02 9.534679141612368847e-01
-1.311625488290372454e-01 8.688135539652384054e-01
-7.871465753021998288e-04 9.992126876338313091e-01
-1.255771655538101550e-01 8.743941873416719579e-01
-1.037110285871640537e-02 9.896257788226863195e-01
-9.025014577020087914e-02 9.097339969084620170e-01
-7.188691315971657003e-02 9.280952244037370402e-01
0.000000000000000000e+00 1.000000000000000000e+00
0.000000000000000000e+00 1.000000000000000000e+00
-1.644815272239473491e-01 8.354971136013981114e-01
-3.321785227124530310e-02 9.667789189090004731e-01
-1.527221966783545194e-02 9.847235414209745130e-01
-7.811521441498369203e-03 9.921870102821501725e-01
-6.399800268744525178e-02 9.359877221616066389e-01
-8.348719136739521374e-02 9.165054126733347406e-01
-2.102487952096467744e-03 9.978971237921180348e-01
-1.692460310871944651e-02 9.830729989034745486e-01
-3.128651281170986755e-03 9.968708443548169873e-01
-6.525474770834785443e-02 9.347300847304715887e-01
0.000000000000000000e+00 1.000000000000000000e+00
-2.566273054831850683e-02 9.743309996254732042e-01
0.000000000000000000e+00 1.000000000000000000e+00
0.000000000000000000e+00 1.000000000000000000e+00
0.000000000000000000e+00 1.000000000000000000e+00
0.000000000000000000e+00 1.000000000000000000e+00
-3.324464782075062935e-02 9.667484096579670450e-01
-2.007627954735894036e-05 9.999799239813473850e-01
-2.613595911000972036e-02 9.738573204971372466e-01
-2.007627954735894036e-05 9.999799239813473850e-01
-1.424811762838639091e-02 9.857497259426374336e-01
-6.760836123289037936e-02 9.323776306200561859e-01
-1.060789811920626602e-01 8.939072166955439602e-01
-1.527389690584940625e-02 9.847241156105998039e-01
-8.329171933603606026e-02 9.167083180926768327e-01
-5.315579583446442165e-03 9.946837221516824368e-01
-1.456174701619676257e-02 9.854341469706030532e-01
-2.007627954735894036e-05 9.999799239813473850e-01
-5.300468784573916098e-02 9.469852763769732729e-01
-3.519020814120494417e-02 9.648019637965433715e-01
-5.073211532724071493e-02 9.492583128075643417e-01
-9.461075714082765875e-02 9.053733066120703832e-01
-1.110454199014053456e-02 9.888926664615527162e-01
-1.822291598153833736e-01 8.177590135320945697e-01
0.000000000000000000e+00 1.000000000000000000e+00
0.000000000000000000e+00 1.000000000000000000e+00
0.000000000000000000e+00 1.000000000000000000e+00
-5.258442052423835562e-03 9.947406559339720955e-01
-2.805573881528143285e-02 9.719391323918358250e-01
-1.460594420033846097e-01 8.539221373917672553e-01
0.000000000000000000e+00 1.000000000000000000e+00
-5.735053191887930918e-02 9.426413632488691574e-01
-1.069973197798173258e-02 9.892970343363828301e-01
-3.026655213652474502e-02 9.697278999743046413e-01
-2.628169056187753400e-02 9.737125758734193059e-01
-3.340030360187698499e-02 9.665954240733216629e-01
-6.357869751002997137e-03 9.936411718517953462e-01
-2.007627954735894036e-05 9.999799239813473850e-01
0.000000000000000000e+00 1.000000000000000000e+00
-1.170242178292973390e-01 8.829601734009741021e-01
-2.687380532381079476e-02 9.731240954726059211e-01
-5.554452646002736721e-02 9.444451173030425917e-01
-6.880737495857468244e-02 9.311877802105328339e-01
-3.533283731330430499e-02 9.646585698517233798e-01
-6.001322787671235434e-03 9.939978627521427468e-01
-1.064858874119771134e-02 9.893482246134165381e-01
-1.845590060256425621e-02 9.815399471510735108e-01
-5.944710246282450955e-02 9.405365986188022331e-01
-9.766113619086313775e-04 9.990231753006595383e-01
-8.675592416372130550e-03 9.913227220282526675e-01
0.000000000000000000e+00 1.000000000000000000e+00
0.000000000000000000e+00 1.000000000000000000e+00
-3.085528397179677636e-04 9.996913315323492366e-01
-1.064980746360582459e-01 8.934767496237043805e-01
-7.485672349388072799e-02 9.251307226699041486e-01
-1.039117913826376541e-02 9.896057028040335934e-01
-3.492688494967367552e-01 6.506469230389528846e-01
-2.353002530995311481e-01 7.646698263345428348e-01
-3.176718058106370313e-02 9.682283503892379350e-01
-1.697256590254778987e-04 9.998302092519109063e-01
-1.874474362558083140e-02 9.812508869838976189e-01
-5.357713300913865412e-02 9.464110869819385430e-01
-4.744715210710896691e-02 9.525530170636202776e-01
-4.395966754320512586e-03 9.956030506992119555e-01
-1.245285325301466375e-03 9.987543879713665085e-01
-2.606696179599875610e-02 9.739282085874346739e-01
-5.726621565029205857e-02 9.427241226699639709e-01
0.000000000000000000e+00 1.000000000000000000e+00
0.000000000000000000e+00 1.000000000000000000e+00
-7.007035398543946109e-03 9.929918654229071828e-01
0.000000000000000000e+00 1.000000000000000000e+00
0.000000000000000000e+00 1.000000000000000000e+00
-2.499576657303487909e-02 9.749998095799439213e-01
-2.243548147238867696e-02 9.775592695794508291e-01
-9.387767281166536221e-03 9.906105185861635576e-01
-1.633046694255483461e-02 9.836645754694822719e-01
-6.616273754523181727e-02 9.338285152026596370e-01
-1.024356267242729039e-02 9.897546198148197139e-01
-2.780527290355344627e-01 7.218971348698459689e-01
-2.269003198541461389e-02 9.773064191109934740e-01
-2.082159284994311924e-02 9.791731266106934450e-01
-3.214108766304556164e-02 9.678527395243485820e-01
0.000000000000000000e+00 1.000000000000000000e+00
-3.854185472829930320e-02 9.614527312684518767e-01
-1.079356895652524989e-01 8.920529453496377492e-01
-3.599664738252005350e-03 9.963996867745762431e-01
0.000000000000000000e+00 1.000000000000000000e+00
0.000000000000000000e+00 1.000000000000000000e+00
0.000000000000000000e+00 1.000000000000000000e+00
-1.305066920757705189e-02 9.869457008456291591e-01
-1.180585921334384447e-01 8.819178708957560175e-01
-1.649753497215371290e-02 9.834982112588267489e-01
-9.294195067711051930e-03 9.907038150142857269e-01
-6.299301586096195393e-02 9.369940887617694836e-01
-2.007627954735894036e-05 9.999799239813473850e-01
-1.742416360188764335e-02 9.825722248786790125e-01
0.000000000000000000e+00 1.000000000000000000e+00
-9.981934504983294362e-03 9.900152274559340659e-01
-1.962443942479248638e-01 8.037158637281092144e-01
-3.546788399155149235e-02 9.645242678175288686e-01
-1.116527094190760197e-02 9.888313696479317239e-01
-2.400765651611045173e-02 9.759863138900489732e-01
-8.166378876763714934e-02 9.183190275042206752e-01
-5.553021349624888067e-04 9.994445010460593082e-01
-9.802176682791999274e-02 9.019601522048649178e-01
0.000000000000000000e+00 1.000000000000000000e+00
-3.496425071894665622e-03 9.965035779007340722e-01
0.000000000000000000e+00 1.000000000000000000e+00
0.000000000000000000e+00 1.000000000000000000e+00
-1.124954842699889788e-02 9.887471149970589179e-01
-1.895723102829406648e-02 9.810376646777322351e-01
-5.076581571405183735e-02 9.492233601557776845e-01
-6.099501956688880427e-02 9.390001509984835515e-01
-5.882510825242644181e-02 9.411651279595094621e-01
-3.085528397179677636e-04 9.996913315323492366e-01
-5.628870170662353400e-02 9.437023234962512719e-01
-7.108589525137329335e-02 9.288992873258949956e-01
-1.893618986221307435e-02 9.810591172389996339e-01
-2.007627954735894036e-05 9.999799239813473850e-01
-1.549142176555793615e-01 8.450674547604024589e-01
0.000000000000000000e+00 1.000000000000000000e+00
-4.180281437056006938e-02 9.581884742392270393e-01
-1.013016694085345885e-03 9.989867085954504677e-01
-1.355352202124415241e-02 9.864439840306296059e-01
-1.925426380256935188e-02 9.807429808136941540e-01
-6.907567885674238684e-02 9.309090211288709726e-01
-2.738913646479950725e-01 7.260734044961099087e-01
-9.092295148025147933e-02 9.090697168082707558e-01
-5.569963817246868093e-02 9.442901764940444531e-01
-4.374052114343139619e-02 9.562510336536631517e-01
0.000000000000000000e+00 1.000000000000000000e+00
-3.639209031844061609e-02 9.636000530881919657e-01
-2.681895970305567256e-02 9.731749751215414967e-01
-2.995593540775364633e-02 9.700377206061795432e-01
-7.521908006332529706e-02 9.247692883327495172e-01
-9.237121517484283770e-03 9.907610783193777637e-01
0.000000000000000000e+00 1.000000000000000000e+00
-2.541095693979015732e-02 9.745820232517449222e-01
-2.691661197788168883e-02 9.730785540339882411e-01
0.000000000000000000e+00 1.000000000000000000e+00
-4.414685099841501870e-02 9.558445701739137768e-01
-4.553649338063569326e-04 9.995444962496146113e-01
-1.025397053565440912e-02 9.897440940735017234e-01
-1.624338168844989549e-01 8.375328955649247176e-01
0.000000000000000000e+00 1.000000000000000000e+00
-1.604355544294159761e-02 9.839526139971407348e-01
-1.515621285248202055e-01 8.484141860687786085e-01
-7.171651778959378578e-04 9.992825673415632881e-01
-3.427988225120841975e-02 9.657127381044132708e-01
-1.069765392694208526e-02 9.892991033558967695e-01
-3.602438563396617721e-02 9.639734150653246347e-01
-1.056451552181621872e-02 9.894340156702706723e-01
-6.761087720957459791e-04 9.993238968654034604e-01
-4.571857164805417061e-03 9.954272888577867517e-01
-2.198246786924806101e-02 9.780113277744330036e-01
-1.524669792383323286e-01 8.475006324125541335e-01
-7.113601491851084813e-02 9.288576448304510791e-01
-2.582040144628722916e-02 9.741770871407166021e-01
-6.624924370356328855e-03 9.933737375842799366e-01
-1.670851637212905291e-02 9.832889774035947772e-01
-9.721138199216888820e-02 9.027684542225665743e-01
-2.288853572350097593e-02 9.771079471882890832e-01
-3.284088437853657783e-02 9.671530005770379024e-01
-1.462739660385900184e-02 9.853687232935572915e-01
-1.321196699833197645e-02 9.867863334225815963e-01
0.000000000000000000e+00 1.000000000000000000e+00
0.000000000000000000e+00 1.000000000000000000e+00
-1.995863389439653801e-01 8.003717592999644026e-01
-1.024578887463046400e-01 8.975203868308240240e-01
-3.191676793347648228e-02 9.680775337638798383e-01
0.000000000000000000e+00 1.000000000000000000e+00
-2.975621620286652462e-04 9.997023697720776036e-01
0.000000000000000000e+00 1.000000000000000000e+00
-3.114231847192690944e-02 9.688523555670423004e-01
-3.096108638026143917e-02 9.690324865019748213e-01
0.000000000000000000e+00 1.000000000000000000e+00
-9.004129771171404117e-03 9.909947207400374714e-01
-1.948796539691057678e-02 9.805072052781877989e-01
-6.299850860082686910e-02 9.369886807069538470e-01
-9.225798024819240745e-03 9.907730660745684981e-01
-1.159182530579506987e-02 9.884050856012275288e-01
0.000000000000000000e+00 1.000000000000000000e+00
-3.264375805127419511e-02 9.673502376558104077e-01
-1.846827350217962183e-01 8.152713393887540683e-01
-9.842790707435794539e-03 9.901562326842106021e-01
-2.432783322377662233e-02 9.756681023712779899e-01
-5.131213022990963740e-02 9.486812359727243571e-01
0.000000000000000000e+00 1.000000000000000000e+00
-1.037110285871640537e-02 9.896257788226863195e-01
-5.111944346218514484e-02 9.488687547672489675e-01
-2.674529274447940558e-02 9.732481957587014731e-01
-2.755516380578029029e-02 9.724370332678501372e-01
-2.833713371734910419e-02 9.716575307956333285e-01
-2.677513192340299011e-02 9.732199296332256777e-01
-4.881040529571685667e-03 9.951178386169408085e-01
-4.205668886099767079e-02 9.579334813733223486e-01
0.000000000000000000e+00 1.000000000000000000e+00
-1.825002069615161556e-03 9.981746780013877052e-01
0.000000000000000000e+00 1.000000000000000000e+00
-3.217507552058213732e-02 9.678193671426148503e-01
-2.646725570326563699e-03 9.973528031860566800e-01
-5.568921241647668136e-03 9.944306251694713383e-01
-3.563048921222448928e-02 9.643615320356641041e-01
-1.825598211899354291e-03 9.981740818703408458e-01
-2.519564851363783470e-02 9.747993800578518275e-01
-3.720886586215434860e-02 9.627831712000256559e-01
0.000000000000000000e+00 1.000000000000000000e+00
0.000000000000000000e+00 1.000000000000000000e+00
-7.615661960277560205e-02 9.238291079838905073e-01
0.000000000000000000e+00 1.000000000000000000e+00
-4.698113335921915573e-02 9.530086013004142043e-01
-6.881587031594213477e-02 9.311672510922400781e-01
-4.488203130995285089e-02 9.551109962765804706e-01
-4.769091639292494939e-02 9.523018283434968589e-01
-1.643792403280236736e-01 8.355904072098611080e-01
0.000000000000000000e+00 1.000000000000000000e+00
-1.741091416515679752e-02 9.825859483110428449e-01
-3.411547059007799532e-02 9.658771026455492681e-01
0.000000000000000000e+00 1.000000000000000000e+00
-1.121751756395090172e-01 8.878039767272105642e-01
-9.472395638565006548e-02 9.052591386608578317e-01
-3.852822175696227203e-02 9.614666282645133455e-01
-2.560174430936731915e-01 7.439607002995929363e-01
-5.918487899129978164e-02 9.408018361321108802e-01
-8.094002159351214309e-02 9.190426249009436832e-01
-9.356144806694577376e-02 9.064211709990682708e-01
-5.312598447091550213e-02 9.468656260471086661e-01
-8.982008775449069199e-03 9.910153741276847006e-01
-8.661782024577022523e-03 9.913357005664003019e-01
-3.799523514715076947e-03 9.962001701275078336e-01
-8.262454398874759243e-02 9.173596594809511062e-01
-2.220043090574448652e-02 9.777946002383252067e-01
-1.166618170491419831e-01 8.833285042342038373e-01
0.000000000000000000e+00 1.000000000000000000e+00
-2.060885785186011843e-02 9.793862098741777933e-01
0.000000000000000000e+00 1.000000000000000000e+00
-7.898933460017789829e-03 9.920987384779391682e-01
-2.280367003421518435e-03 9.977191742510023165e-01
-1.177309675416413765e-02 9.882234322893409528e-01
-1.357010154493270247e-03 9.986427817121731332e-01
-1.908290799571223453e-02 9.809117709165229293e-01
-3.138530677646867578e-02 9.686147449941359122e-01
0.000000000000000000e+00 1.000000000000000000e+00
-2.609732468466149924e-02 9.738966590337565510e-01
-2.032775594866812613e-02 9.796667267493309739e-01
-2.007627954735894036e-05 9.999799239813473850e-01
0.000000000000000000e+00 1.000000000000000000e+00
-8.583731232193574090e-03 9.914138830360581522e-01
-7.319313381098642435e-02 9.267929204759280948e-01
-1.570722491361021059e-02 9.842890381817887002e-01
-1.243696995296373134e-02 9.875614258523971456e-01
-2.193456697507826549e-03 9.978060284031294858e-01
-6.884474175233934456e-02 9.311487763726912226e-01
0.000000000000000000e+00 1.000000000000000000e+00
-1.116527094190760197e-02 9.888313696479317239e-01
-6.902580175582533062e-02 9.309588961221570980e-01
0.000000000000000000e+00 1.000000000000000000e+00
-1.845078349162520507e-03 9.981546019827350902e-01
-4.762963831378022594e-02 9.523619749364043985e-01
-6.314506664184126039e-02 9.368412246302411095e-01
-7.522752372246914454e-03 9.924756134165249044e-01
-2.019311297386602085e-03 9.979800753183019069e-01
-3.128649982669721996e-02 9.687069959326263247e-01
0.000000000000000000e+00 1.000000000000000000e+00
0.000000000000000000e+00 1.000000000000000000e+00
0.000000000000000000e+00 1.000000000000000000e+00
-2.154491204923361658e-01 7.845092031967203505e-01
-1.037110285871640537e-02 9.896257788226863195e-01
-8.644309583681715481e-02 9.135405730102864608e-01
-9.837897446679789992e-02 9.016032175618703404e-01
-2.068660466313484644e-02 9.793071595013436159e-01
-3.043096126769337731e-02 9.695620507066762261e-01
-1.480433567443597276e-01 8.519300282285728887e-01
-5.342926821659687436e-02 9.465661383277037544e-01
-6.146071999562584959e-02 9.385305873416376343e-01
-5.295642559747701372e-02 9.470368703279838929e-01
-1.144453980309733483e-03 9.988553467796655871e-01
-5.351303731439173428e-02 9.464745631623249222e-01
-1.211408952658603842e-02 9.878822842362279255e-01
-1.248486303135450115e-01 8.751440155104682761e-01
-1.851796743719206833e-03 9.981478275093692565e-01
-4.731366626055382753e-03 9.952679270531823441e-01
0.000000000000000000e+00 1.000000000000000000e+00
-2.829887186133657820e-02 9.716950940107470513e-01
-7.476485941395306055e-03 9.925213961068765078e-01
-8.917175816264014121e-02 9.108090227325530419e-01
-3.403858533317989654e-02 9.659517926053167169e-01
-2.981583043128579265e-04 9.997017736410307442e-01
-3.918644211450476172e-02 9.608054162053742964e-01
-1.252650614565772522e-02 9.874698866425108967e-01
-3.280360533274495616e-02 9.671869102500136872e-01
-2.953115414863450305e-01 7.046895588745765160e-01
-3.962853195995095362e-02 9.603620940815019713e-01
0.000000000000000000e+00 1.000000000000000000e+00
-1.857963792080995769e-01 8.141679104412435919e-01
0.000000000000000000e+00 1.000000000000000000e+00
0.000000000000000000e+00 1.000000000000000000e+00
-1.789885315233983795e-02 9.820999213802027450e-01
-2.597078286327477240e-02 9.740237087661520743e-01
-1.812181083319085867e-02 9.818744590961896446e-01
0.000000000000000000e+00 1.000000000000000000e+00
-2.294096844095206908e-02 9.770525351890767540e-01
0.000000000000000000e+00 1.000000000000000000e+00
-2.491248046698208915e-02 9.750825670489373653e-01
-8.192630166771580624e-02 9.180555349086709782e-01
-1.137702090865035237e-01 8.862216080567757448e-01
-9.755226537675300291e-02 9.024354820984680225e-01
-3.789118815639201665e-02 9.620985299220133902e-01
-2.986193671284325703e-03 9.970133657951329997e-01
0.000000000000000000e+00 1.000000000000000000e+00
0.000000000000000000e+00 1.000000000000000000e+00
0.000000000000000000e+00 1.000000000000000000e+00
0.000000000000000000e+00 1.000000000000000000e+00
0.000000000000000000e+00 1.000000000000000000e+00
-1.053089886219469862e-01 8.946707993341573850e-01
-8.719026098132036384e-02 9.127926526545083741e-01
-7.577185922605417234e-02 9.242126885231188860e-01
-3.150822581180837828e-02 9.684862060238074166e-01
-1.093361497853343085e-02 9.890630656520069675e-01
-6.117161119256755986e-02 9.388170288554543719e-01
-4.881316807028666244e-03 9.951173518358086278e-01
-3.446063928228814549e-02 9.655341560196473161e-01
-2.896697715501614714e-03 9.971028521513455312e-01
0.000000000000000000e+00 1.000000000000000000e+00
-1.080738643094325546e-02 9.891912509570776058e-01
-1.057764575106198424e-01 8.942015549151286491e-01
-1.265988158285795938e-03 9.987335968074901871e-01
-2.989599221077608379e-03 9.970099320502808782e-01
-1.591877249985066134e-01 8.407829588697103285e-01
0.000000000000000000e+00 1.000000000000000000e+00
-1.988862350403775708e-02 9.801096063275395176e-01
-9.624836951769974794e-03 9.903740112690565534e-01
0.000000000000000000e+00 1.000000000000000000e+00
0.000000000000000000e+00 1.000000000000000000e+00
0.000000000000000000e+00 1.000000000000000000e+00
-1.616264123970466149e-01 8.383405321241657049e-01
-1.067473519144811547e-02 9.893252875353155673e-01
-1.159663275527861859e-01 8.840101086689181598e-01
-3.140901495957793260e-03 9.968582855562806433e-01
-2.215152085557134040e-02 9.778486202738680966e-01
0.000000000000000000e+00 1.000000000000000000e+00
-1.445124011776419692e-01 8.554672219202041905e-01
-5.497904862648905072e-02 9.450094125577173099e-01
-2.007627954735894036e-05 9.999799239813473850e-01
-1.314735578445254752e-02 9.868487690871768914e-01
-7.119117517722917121e-02 9.287959179801085208e-01
-1.037110285871640537e-02 9.896257788226863195e-01
0.000000000000000000e+00 1.000000000000000000e+00
-2.415571245078024752e-03 9.975840442257756235e-01
-2.058822272990705818e-02 9.794067974817340927e-01
-1.054572610545070621e-01 8.945250662001711373e-01
-1.094233764301841098e-02 9.890544694266045767e-01
-7.716324156060098971e-02 9.228226408202184761e-01
-2.573064169042302198e-03 9.974265868666930546e-01
-9.966876414559901112e-04 9.990030992820069233e-01
-1.427846764298686642e-02 9.857176282697057701e-01
-4.239810888064106625e-04 9.995758742292463195e-01
-2.400884157821242190e-02 9.759851596623074776e-01
-2.896697715501614714e-03 9.971028521513455312e-01
-1.669321414588707253e-01 8.330465068884729263e-01
-3.103998477809976828e-02 9.689522022733315643e-01
-7.921667399309409441e-02 9.207699334143135683e-01
-3.336882991836810641e-02 9.666253380154111730e-01
-4.006194933682832686e-03 9.959930118051918413e-01
-9.264460735852539375e-02 9.073363580616240487e-01
-1.318759586264913186e-01 8.680944830936525580e-01
-2.158635592332900852e-02 9.784124112683854069e-01
-9.940974085585227438e-02 9.005704756136352351e-01
-5.802265173739595133e-02 9.419636198555952911e-01
-1.901344609670831522e-03 9.980982455476712367e-01
-3.349487170045289258e-02 9.664959656582362557e-01
-6.070202057090941239e-02 9.392831327142708853e-01
-9.577841972186963704e-02 9.042042228072812993e-01
-1.341335049893401243e-01 8.658498493344262137e-01
-1.686804242328646120e-02 9.831268638339708543e-01
-9.651577499106162375e-03 9.903482728554876546e-01
-4.542792743941677369e-02 9.545622005067636584e-01
-4.312935265323861178e-02 9.568600506688726970e-01
-5.569621175365294802e-02 9.443041382640621206e-01
-1.442280155169666511e-01 8.557484739814956720e-01
-7.258770773107120489e-02 9.273990513731869001e-01
0.000000000000000000e+00 1.000000000000000000e+00
-5.204998064006712000e-03 9.947935775218975651e-01
-1.525669015664208317e-01 8.474087556675455879e-01
-4.559027631063707585e-03 9.954402750852682225e-01
-3.406836858787002514e-02 9.659255719040501509e-01
-3.507998723224054621e-02 9.649137295880078069e-01
-2.155403286941319409e-03 9.978441078198245773e-01
-1.037110285871640537e-02 9.896257788226863195e-01
-5.006156925837361438e-02 9.499270722770229991e-01
-3.288942429792659355e-02 9.671047953702475164e-01
-1.450808140638991939e-01 8.548948798945592564e-01
-2.007627954735894036e-05 9.999799239813473850e-01
-7.399924466049856257e-03 9.925984944951911082e-01
-1.027182959806067775e-01 8.972699086730652196e-01
-1.870098687208590973e-02 9.812937036230396926e-01
-2.862201319016062853e-02 9.713721724189996465e-01
-3.207781739639881807e-02 9.679184273359603408e-01
-6.311081570069299040e-02 9.368816341544734527e-01
-1.793742638232550049e-02 9.820581804247126012e-01
-8.615702288565573602e-03 9.913823663160109545e-01
-5.461502542349167683e-02 9.453772037098789882e-01
-3.828715695627216836e-02 9.617089307311803559e-01
0.000000000000000000e+00 1.000000000000000000e+00
0.000000000000000000e+00 1.000000000000000000e+00
-7.974668735890382346e-03 9.920244483666659230e-01
-1.074808051810094596e-02 9.892487580201704267e-01
-1.424713652562736160e-02 9.857507288390101596e-01
-3.880753585811883705e-02 9.611840511081496397e-01
0.000000000000000000e+00 1.000000000000000000e+00
-1.680841258789027987e-02 9.831886481613913986e-01
-4.230806344761350369e-04 9.995768399247579872e-01
-7.049262802043692461e-03 9.929494287122817564e-01
-6.425028183039782625e-02 9.357380573607628760e-01
-9.344918782444793653e-03 9.906532322933339074e-01
-1.885460766093614154e-02 9.811399116973555934e-01
-6.765376193250960402e-03 9.932329361264772283e-01
-4.367532214052194384e-02 9.563151432253736983e-01
-5.926133121845713475e-02 9.407301470091531392e-01
-2.770545837533069586e-02 9.722907481088878257e-01
-9.881114351480113633e-02 9.011702162972359265e-01
-2.133738787339967136e-02 9.786571507450776419e-01
-2.007627954735894036e-05 9.999799239813473850e-01
-4.307114092955237339e-02 9.569208296289406501e-01
0.000000000000000000e+00 1.000000000000000000e+00
-5.431981245988062174e-02 9.456686277945270946e-01
-4.380016040039259873e-02 9.561926148295954997e-01
-3.580274837895665307e-02 9.641880552771339152e-01
-1.382904646996369578e-02 9.861672509439434187e-01
-3.574935273255412660e-03 9.964247399715709941e-01
-2.921457302570378695e-02 9.707786030479029771e-01
-1.352148122936756448e-05 9.999864733704498798e-01
0.000000000000000000e+00 1.000000000000000000e+00
-3.953981465804982248e-02 9.604568702232417765e-01
-7.871048098315266972e-02 9.212761226224441824e-01
0.000000000000000000e+00 1.000000000000000000e+00
-1.998388751480727199e-02 9.800108513113459097e-01
-2.100021614450805693e-02 9.789951615875215341e-01
-2.485915550037251856e-02 9.751348759785577469e-01
-8.467932138113409011e-04 9.991532155596565268e-01
-1.838523550844529172e-03 9.981611513718376960e-01
0.000000000000000000e+00 1.000000000000000000e+00
-5.975069440315220436e-03 9.940231934816258219e-01
-1.533537911785727917e-02 9.846608717969055347e-01
-8.075460971763015125e-03 9.919222072960336423e-01
-1.666343217974186261e-02 9.833316032174446164e-01
-3.276219973130094915e-02 9.672325487640398567e-01
-1.457461345800582612e-02 9.854213658223938133e-01
-6.930684969677120000e-02 9.306810877132795090e-01
-2.719926221867901336e-03 9.972798071147648269e-01
-1.468007899138780784e-02 9.853175742536866011e-01
-3.062436783207450695e-03 9.969367601063157114e-01
-7.806815539820578798e-02 9.219219776312738146e-01
-2.053694392814674891e-02 9.794588611236197950e-01
-9.966876414559901112e-04 9.990030992820069233e-01
-6.913936825153152443e-02 9.308480443828189843e-01
-7.829790401109375242e-02 9.216831634692111974e-01
-6.166204731198284862e-03 9.938323454499495835e-01
-1.725701962464884845e-02 9.827378087051749089e-01
-1.335824208449350181e-01 8.664046392018076581e-01
-2.718511569273686715e-02 9.728112855783186408e-01
-1.043925141801381462e-01 8.955889278287817445e-01
-1.847142294589788347e-01 8.152601092115585590e-01
0.000000000000000000e+00 1.000000000000000000e+00
0.000000000000000000e+00 1.000000000000000000e+00
-6.291335766182358340e-03 9.937076507285766969e-01
-5.030230514071903219e-02 9.496885225639226658e-01
-6.779266096525614349e-02 9.321934190667214848e-01
-1.837128798379278685e-02 9.816258523437066952e-01
0.000000000000000000e+00 1.000000000000000000e+00
-9.840027957249601956e-03 9.901587447609436765e-01
-1.099730890283484412e-02 9.889993368917872063e-01
-6.653029344341078455e-02 9.334558252875108098e-01
-2.007627954735894036e-05 9.999799239813473850e-01
-2.007627954735894036e-05 9.999799239813473850e-01
-8.105934385150949731e-03 9.918928535604522034e-01
0.000000000000000000e+00 1.000000000000000000e+00
-2.238936260073948539e-02 9.776045374974291491e-01
-3.242444374739588547e-02 9.675703680493967784e-01
-4.195873657234882453e-02 9.580300551879941118e-01
-3.289509648335716546e-02 9.670982564718245689e-01
-1.037110285871640537e-02 9.896257788226863195e-01
-1.037110285871640537e-02 9.896257788226863195e-01
-1.678738910282198682e-01 8.320963779800386595e-01
-8.959821588657296276e-02 9.103825495171145032e-01
0.000000000000000000e+00 1.000000000000000000e+00
-9.256034853236109377e-04 9.990742641088216081e-01
-1.022181609589768725e-02 9.897763831869468287e-01
-5.715876436154083279e-03 9.942823686193054122e-01
-5.927101041687407590e-02 9.407257567391428266e-01
-4.311765951849094031e-02 9.568719411740898018e-01
-1.155778503188594486e-01 8.844056613037198922e-01
-2.007627954735894036e-05 9.999799239813473850e-01
-7.457529912128740834e-02 9.254102101487841070e-01
-5.236737745411022826e-02 9.476192642992439241e-01
-7.910688715441640748e-03 9.920883988057319636e-01
-3.039704147392996089e-03 9.969595606772321261e-01
-1.351200435467419907e-02 9.864840643789668517e-01
-6.534957796056539356e-03 9.934639483372280644e-01
-4.387048346718503550e-02 9.561183746386716642e-01
-2.950452507513260172e-02 9.704890599192403933e-01
-3.514429394351977626e-02 9.648465681967810514e-01
-2.352983874580923812e-02 9.764654400370519349e-01
-7.088313378422744782e-02 9.291035952844560741e-01
-2.740333667857728500e-02 9.725894581156311336e-01
0.000000000000000000e+00 1.000000000000000000e+00
-2.708223939768627554e-03 9.972912466262492392e-01
-1.645224450078597257e-03 9.983544493617499960e-01
0.000000000000000000e+00 1.000000000000000000e+00
-1.352461279578872355e-01 8.647416464749525522e-01
-3.206081033203855846e-02 9.679348137072001368e-01
-3.981281010725060132e-02 9.601774026856377819e-01
-1.948686537219225245e-01 8.050895562885520551e-01
-1.037110285871640537e-02 9.896257788226863195e-01
-2.835710647867074191e-02 9.716362223561091360e-01
-1.069973197798173258e-02 9.892970343363828301e-01
-2.806390433349854885e-02 9.719283186222826831e-01
-8.555862172693894790e-03 9.914421807501128114e-01
0.000000000000000000e+00 1.000000000000000000e+00
-6.964391778209778894e-02 9.303468996853568873e-01
-1.401993895447731188e-03 9.985976534666546334e-01
-7.560799409472716837e-02 9.243830115168468753e-01
-2.326496224480898919e-02 9.767307900034063461e-01
-2.173067999494127794e-02 9.782655740171852798e-01
-2.007627954735894036e-05 9.999799239813473850e-01
-5.448183403454735438e-03 9.945507333332586075e-01
-1.021937123456386279e-02 9.897788481382941983e-01
-9.510992899961881464e-02 9.048829749474343043e-01
-4.193760162233231559e-02 9.580535632642059873e-01
-1.269549357998227962e-02 9.873033253883384264e-01
-2.143863782917155777e-02 9.785553460339325715e-01
-2.007627954735894036e-05 9.999799239813473850e-01
-3.709686112277386233e-02 9.628932374146974560e-01
-3.418250736082820151e-02 9.658125563046222606e-01
-9.362548781485934002e-02 9.063531902554892161e-01
-2.373940445834694588e-02 9.762565851531868066e-01
-1.091194318826255588e-01 8.908625958549001300e-01
-8.360175864209144769e-02 9.163787222092426576e-01
-5.128016131992242654e-02 9.487094431608337208e-01
-4.209326962389674937e-02 9.579022316826847350e-01
-7.157737023522627029e-02 9.284066897926870343e-01
-1.037110285871640537e-02 9.896257788226863195e-01
-1.037110285871640537e-02 9.896257788226863195e-01
0.000000000000000000e+00 1.000000000000000000e+00
-1.424507254672532225e-02 9.857518476517883599e-01
-2.552176738029959466e-02 9.744731161357208515e-01
-4.010720270290741435e-02 9.598842841086723254e-01
-2.938983731498687538e-02 9.706014446241322258e-01
-2.570602386397208630e-02 9.742875519163388676e-01
-5.239340964800633799e-02 9.475956892734825887e-01
-6.719202651316463770e-02 9.327999644014505209e-01
-3.153918440001528961e-02 9.684537253832042891e-01
-2.527099934326721420e-01 7.472677712774251635e-01
0.000000000000000000e+00 1.000000000000000000e+00
-8.015939597002870454e-02 9.198311297405747933e-01
-8.081600741356873008e-02 9.191745236844305333e-01
-4.309832289507267017e-02 9.568935776664978521e-01
-3.705854694234157753e-02 9.629331880542456590e-01
-1.632535018642931011e-03 9.983670383164781059e-01
-1.134771422062503740e-02 9.886489541233458578e-01
-4.256497176233604851e-02 9.574274135137765818e-01
-2.555601994840783417e-02 9.744388703221767978e-01
-4.721508629941267854e-02 9.527753733394199731e-01
-3.019002809135957338e-02 9.698018682737485907e-01
-2.682585346919928448e-01 7.317340173655524360e-01
-9.866756634116844284e-05 9.999013152995623877e-01
-3.277056548320075868e-02 9.672213336893692448e-01
0.000000000000000000e+00 1.000000000000000000e+00
-2.408624671043679485e-02 9.759081265395962435e-01
-3.984396114618002360e-02 9.601484532922113235e-01
-2.206470157820214495e-02 9.779315954333729355e-01
0.000000000000000000e+00 1.000000000000000000e+00
0.000000000000000000e+00 1.000000000000000000e+00
-5.045783952600927519e-02 9.495318962952510322e-01
-4.932148824056247632e-03 9.950668378566674965e-01
-3.721167939958036630e-02 9.627822032735423585e-01
0.000000000000000000e+00 1.000000000000000000e+00
-4.553649338063569326e-04 9.995444962496146113e-01
-2.876631977618426469e-02 9.712285575553564199e-01
-2.072497140819353281e-02 9.792712234215373845e-01
-1.712708567183901173e-02 9.828690724151577518e-01
-1.415064260530204121e-01 8.584675315036055521e-01
-2.902917748612731524e-02 9.709650546576158447e-01
-1.790130475922175335e-01 8.209678904697710333e-01
-6.962991374022171887e-02 9.303651085439104129e-01
0.000000000000000000e+00 1.000000000000000000e+00
0.000000000000000000e+00 1.000000000000000000e+00
-1.130670120207362579e-02 9.886899749594818543e-01
0.000000000000000000e+00 1.000000000000000000e+00
-4.569499807147204412e-02 9.542956909931704645e-01
-2.740158854531714663e-02 9.725907724148703526e-01
-4.506658008270483101e-02 9.549298368599382636e-01
0.000000000000000000e+00 1.000000000000000000e+00
-4.569377843349733265e-02 9.542968707516125138e-01
-3.568271665394401326e-02 9.643125314740854659e-01
-8.254389576853005117e-02 9.174560916609088013e-01
-6.397829422656521603e-02 9.360130934895696253e-01
-1.902186773836636591e-01 8.097508152733334796e-01
-2.774858824813062957e-04 9.997224457907302186e-01
-1.164572995558031399e-01 8.835210412643865752e-01
-2.087654823186617381e-03 9.979121648042209580e-01
-1.038759183584763574e-02 9.896092825393483228e-01
-1.037110285871640537e-02 9.896257788226863195e-01
-2.665230666057627831e-02 9.733407443770465406e-01
-7.171651778959378578e-04 9.992825673415632881e-01
-2.415207615389663651e-02 9.758407106567870137e-01
-5.961422841927332051e-07 9.999994038689531406e-01
