8.666786733855505465e-02 8.666816956887768431e-02
3.318216723487449893e-01 3.318207521281735239e-01
1.443624349250701615e-03 1.443990047213810583e-03
3.824378287534729338e-03 3.824435953930079186e-03
0.000000000000000000e+00 0.000000000000000000e+00
2.272743370840321075e-01 2.272733332516637395e-01
3.381331875904593220e-02 3.381318214484679840e-02
1.049825912856504478e-01 1.049828176853039724e-01
1.577511756739936747e-03 1.577820989166642870e-03
1.822156203400643673e-04 1.822149294604948847e-04
1.622864780931935480e-01 1.622860718300565552e-01
5.070568187662538584e-01 5.070621482698063343e-01
3.517798736279161287e-01 3.517781931566961728e-01
2.493545507944553985e-01 2.493554340569640870e-01
2.050896239081631631e-03 2.050941191264513044e-03
3.019748323072117269e-01 3.019743709072534865e-01
2.527311400967270291e-02 2.527293889746293210e-02
7.654719426670665572e-02 7.654765159657256346e-02
2.900982707753453904e-01 2.900999582972830781e-01
1.609436982872108068e-01 1.609438053581753736e-01
1.447275693798382445e-01 1.447272925345780004e-01
1.221098993735389437e-01 1.221095856401605978e-01
0.000000000000000000e+00 0.000000000000000000e+00
9.484224835001446585e-02 9.484284507834431222e-02
1.955954625483933423e-02 1.955957853780890265e-02
2.862078762428784673e-01 2.862063703326348518e-01
0.000000000000000000e+00 0.000000000000000000e+00
2.476994791315758337e-01 2.476999446097062907e-01
3.415218412536914598e-03 3.415890237930073632e-03
3.495871512367454024e-04 3.497158504724007916e-04
2.430213663910947564e-03 2.430502081000833394e-03
3.943813260490236505e-02 3.943811300645565232e-02
5.798170436634673269e-02 5.798170149258932010e-02
0.000000000000000000e+00 0.000000000000000000e+00
7.192172979296446167e-03 7.192197247543052029e-03
0.000000000000000000e+00 0.000000000000000000e+00
7.993793423190782566e-01 7.993762126256718226e-01
7.545579562337162427e-02 7.545559542724003532e-02
8.606894151013994021e-02 8.606896143007557176e-02
2.228710829711713463e-03 2.229054955036165013e-03
0.000000000000000000e+00 0.000000000000000000e+00
1.882224474740218541e-04 1.882217059724233961e-04
4.174530218343759924e-01 4.174523479812943805e-01
1.198407391303361186e-02 1.198422197476385100e-02
0.000000000000000000e+00 0.000000000000000000e+00
0.000000000000000000e+00 0.000000000000000000e+00
2.410296857232424594e-02 2.410281030519733497e-02
7.853891801596273314e-01 7.853866814090751935e-01
8.087104151483283099e-01 8.087077645265607906e-01
9.673560996389109559e-03 9.675232985761813079e-03
0.000000000000000000e+00 0.000000000000000000e+00
0.000000000000000000e+00 0.000000000000000000e+00
2.877613173345613690e-03 2.877649612955305355e-03
2.816231890881654241e-03 2.816247092904745550e-03
2.512648315550195703e-04 2.512624475283122948e-04
0.000000000000000000e+00 0.000000000000000000e+00
9.955831249072427669e-02 9.955870316516121643e-02
2.307761818877668986e-03 2.307754857088422339e-03
1.003730280246813711e-01 1.003726752721131321e-01
6.455634218915656808e-01 6.455612952269009774e-01
8.863233594055960896e-02 8.863234531675584504e-02
5.497875119531508981e-01 5.497862721771040739e-01
0.000000000000000000e+00 0.000000000000000000e+00
8.461844896319202503e-03 8.461797944694815499e-03
0.000000000000000000e+00 0.000000000000000000e+00
1.040514709368926538e-01 1.040509139132068939e-01
1.955365190984414275e-02 1.955787398541569341e-02
2.078042135532840590e-02 2.078091230483717494e-02
2.512962467858921856e-01 2.512956673092296978e-01
0.000000000000000000e+00 0.000000000000000000e+00
5.345048936032970738e-02 5.345032884235333126e-02
9.708824941866088520e-02 9.708779310151569031e-02
0.000000000000000000e+00 0.000000000000000000e+00
8.635569227936644443e-02 8.635563348489595781e-02
0.000000000000000000e+00 0.000000000000000000e+00
2.457954287348162736e-01 2.457970345796304523e-01
3.552268831859263232e-01 3.552259248507415035e-01
1.595286364694835368e-02 1.595311157919363648e-02
2.388173794718574314e-02 2.388183181963593124e-02
3.546605086405221069e-02 3.546586682573928118e-02
0.000000000000000000e+00 0.000000000000000000e+00
8.461844896319202503e-03 8.461797944694815499e-03
1.276874630595910970e-02 1.276889941652321718e-02
8.253861729425912008e-01 8.253836621901219361e-01
2.580983761561865264e-01 2.580979670694625860e-01
4.659625438939042352e-01 4.659618118955118904e-01
1.989662024530645425e-03 1.989684650102495518e-03
2.985039713918687457e-02 2.985020036943120819e-02
0.000000000000000000e+00 0.000000000000000000e+00
0.000000000000000000e+00 0.000000000000000000e+00
0.000000000000000000e+00 0.000000000000000000e+00
0.000000000000000000e+00 0.000000000000000000e+00
3.599668808264878672e-01 3.599659686938112002e-01
7.222107234614175489e-03 7.222158507237593297e-03
1.568292273424952699e-01 1.568288606122845152e-01
6.706198786247895803e-03 6.706181352710144372e-03
1.346596172546111747e-01 1.346612317093432987e-01
0.000000000000000000e+00 0.000000000000000000e+00
9.167841368802936985e-02 9.168010011850327712e-02
7.459967210509582669e-01 7.459944313225332913e-01
1.203932230202316017e-01 1.204021627206792872e-01
2.501581372725785943e-02 2.501589166138123987e-02
1.432885522911134940e-02 1.432876710023363483e-02
2.094438204818688531e-01 2.094432880976765665e-01
5.888040558125681723e-02 5.888025777646980347e-02
0.000000000000000000e+00 0.000000000000000000e+00
0.000000000000000000e+00 0.000000000000000000e+00
0.000000000000000000e+00 0.000000000000000000e+00
6.359837596983176564e-03 6.360370903793632555e-03
4.252993988178280921e-02 4.253166481428736351e-02
0.000000000000000000e+00 0.000000000000000000e+00
7.926515607549051295e-03 7.928249927614670900e-03
2.972621593431284959e-01 2.972607991563027130e-01
1.109564396439194078e-01 1.109560312831989193e-01
2.884873920833790351e-01 2.884865462410859949e-01
0.000000000000000000e+00 0.000000000000000000e+00
7.116109340619974910e-02 7.116171066395982070e-02
2.257459403467103679e-02 2.257452322305051468e-02
8.511226016158400798e-01 8.511196116651166266e-01
0.000000000000000000e+00 0.000000000000000000e+00
2.597337213524231539e-02 2.597320517082860741e-02
5.825675398552390694e-02 5.825636866772943706e-02
3.110774702911685563e-01 3.110820509210543428e-01
1.667769723304816376e-01 1.667775460854937220e-01
5.326033057141248313e-03 5.326031690179421595e-03
0.000000000000000000e+00 0.000000000000000000e+00
0.000000000000000000e+00 0.000000000000000000e+00
1.500978971156365360e-01 1.500982626560266042e-01
6.153962409297989572e-02 6.153953876021217573e-02
2.681596925503237916e-03 2.681616022917184591e-03
3.530530890173461112e-02 3.530530509224938385e-02
3.698341489903985563e-02 3.698352751959155249e-02
1.757895950527489370e-01 1.757887707845495473e-01
3.642948825145635866e-03 3.642955514595537861e-03
1.504652533040475304e-01 1.504649996186639693e-01
2.125546198537604185e-03 2.125539927627927671e-03
3.517795062897221547e-01 3.517793404177245731e-01
1.810225284805134227e-01 1.810214122298968442e-01
2.784134318427450641e-02 2.784117079349686386e-02
0.000000000000000000e+00 0.000000000000000000e+00
2.991879439900361204e-01 2.991870087869504813e-01
0.000000000000000000e+00 0.000000000000000000e+00
2.125546198537604185e-03 2.125539927627927671e-03
2.587582018223227309e-01 2.587575819666156351e-01
5.231528106645356307e-02 5.231507796150089429e-02
4.784385043270844573e-02 4.784392551594233989e-02
6.721133077877897710e-01 6.721124745926884136e-01
3.598222750708682249e-01 3.598211772064272562e-01
0.000000000000000000e+00 0.000000000000000000e+00
0.000000000000000000e+00 0.000000000000000000e+00
2.465692026965016562e-02 2.465728286224241200e-02
0.000000000000000000e+00 0.000000000000000000e+00
2.352853900025437539e-01 2.352858300151319804e-01
6.366468805081191076e-03 6.366436663329089196e-03
5.317799391713160517e-01 5.317788981077786747e-01
8.829024350836800483e-02 8.829070974654741610e-02
5.431222157410995344e-01 5.431204657585204654e-01
1.167743264537007483e-02 1.167734283934833243e-02
1.186303243781378699e-04 1.186293781752123424e-04
7.609234016866285588e-03 7.609245219528022221e-03
1.673483100269563184e-03 1.673474457130403725e-03
0.000000000000000000e+00 0.000000000000000000e+00
8.884044392493522721e-03 8.883987160897803201e-03
8.720290036158225844e-01 8.720256441187879126e-01
6.885916765932443076e-03 6.887970117511356752e-03
1.569656472582821871e-01 1.569669925040455549e-01
1.723259115345273929e-01 1.723255053929133307e-01
3.655777252524541887e-02 3.655766757155495816e-02
6.170506456056432283e-04 6.170674235276151116e-04
1.332245831006702019e-01 1.332242814329542835e-01
1.345434188916070639e-01 1.345432226532539965e-01
7.546389344505018137e-02 7.546565287441689418e-02
0.000000000000000000e+00 0.000000000000000000e+00
0.000000000000000000e+00 0.000000000000000000e+00
0.000000000000000000e+00 0.000000000000000000e+00
2.007627954735894036e-05 2.007601865266475912e-05
6.420566859730636455e-02 6.420589221978448280e-02
2.487174809397363906e-01 2.487180242109101047e-01
4.185243045037906895e-01 4.185236986898007161e-01
3.599120385403898476e-02 3.599127085254968939e-02
4.868373806016955928e-03 4.868346656336876299e-03
2.089256605571220282e-01 2.089289433754554781e-01
4.078813660681062103e-01 4.078799831030997525e-01
0.000000000000000000e+00 0.000000000000000000e+00
4.429577233793708518e-02 4.429552161639366270e-02
2.597669960325898475e-01 2.597659929982727434e-01
2.007627954735894036e-05 2.007601865266475912e-05
0.000000000000000000e+00 0.000000000000000000e+00
1.822156203400643673e-04 1.822149294604948847e-04
0.000000000000000000e+00 0.000000000000000000e+00
3.521459225474363741e-01 3.521459831541313146e-01
7.157170918598245238e-03 7.157179749030499576e-03
2.461946207206784087e-01 2.461955955947530417e-01
6.919339898986451298e-02 6.919300357838160942e-02
2.497816464772377454e-02 2.497799719532666635e-02
0.000000000000000000e+00 0.000000000000000000e+00
0.000000000000000000e+00 0.000000000000000000e+00
0.000000000000000000e+00 0.000000000000000000e+00
1.196812412035693357e-01 1.196860106667332474e-01
4.901542099982899615e-03 4.901564166666514538e-03
0.000000000000000000e+00 0.000000000000000000e+00
1.027531868020158529e-01 1.027540930118583523e-01
6.745749822907588962e-03 6.745696731810718605e-03
3.012044326788383408e-01 3.012038376983739441e-01
3.101483542509424485e-01 3.101477145896219256e-01
3.222278003488570075e-01 3.222269079741620912e-01
5.285807909712637864e-02 5.285786339371374709e-02
3.432796646262165630e-01 3.432784086281219227e-01
1.159371134237198626e-02 1.159494335711870258e-02
1.494303344607858797e-01 1.494295944108291196e-01
1.166337369499366580e-03 1.166343281473961133e-03
0.000000000000000000e+00 0.000000000000000000e+00
4.003610548016584697e-02 4.003610636857698329e-02
2.293624322932672627e-02 2.293608240527623965e-02
2.349491722059885226e-02 2.349476315877204596e-02
0.000000000000000000e+00 0.000000000000000000e+00
3.755063932907783120e-02 3.755047993577020904e-02
2.992742508038108151e-01 2.992761410373455111e-01
2.332123498870099926e-02 2.332108311748553806e-02
2.253952952390481101e-02 2.253948304677556511e-02
9.769420198423299506e-02 9.769373146909329786e-02
1.856104705046667247e-01 1.856097335761385525e-01
1.035615014306778409e-01 1.035608587869738390e-01
0.000000000000000000e+00 0.000000000000000000e+00
1.922464650582003318e-02 1.922452371299655793e-02
3.873719625242136866e-01 3.873709217803625315e-01
9.486272893230372760e-02 9.486240945314604323e-02
5.161640095135711093e-02 5.161635938029054266e-02
0.000000000000000000e+00 0.000000000000000000e+00
0.000000000000000000e+00 0.000000000000000000e+00
3.486047810701990712e-02 3.486067504624954655e-02
3.821062694480880512e-02 3.821052815905239680e-02
1.509457855059388454e-01 1.509540740251021640e-01
6.759908155639764160e-02 6.759896167693774105e-02
6.692332007186216347e-02 6.692313896260773665e-02
6.692332007186216347e-02 6.692313896260773665e-02
3.447195314675012556e-02 3.447212989648826970e-02
2.276931317131221724e-02 2.276920765931162577e-02
2.111946464763107476e-02 2.111949014565076346e-02
1.238901951906329867e-02 1.238901840800395171e-02
2.910005546025476453e-02 2.910028716314810165e-02
2.050896239081631631e-03 2.050941191264513044e-03
1.410962011157121734e-02 1.410976190239177780e-02
8.680831985312232810e-03 8.680753725521864195e-03
1.058739109485680799e-02 1.058733787232274404e-02
1.419188673715700635e-02 1.419198510244644960e-02
9.067538348978980423e-02 9.067485831734943547e-02
0.000000000000000000e+00 0.000000000000000000e+00
5.294405300751371668e-02 5.294448788627657831e-02
1.223388606800620976e-01 1.223383601982910018e-01
2.527144842143688730e-01 2.527138854805938140e-01
0.000000000000000000e+00 0.000000000000000000e+00
2.143250092508710083e-02 2.143239618568123020e-02
5.635788761840149208e-02 5.635776871258359189e-02
0.000000000000000000e+00 4.482708311272439300e-77
3.133800762050117372e-01 3.133788923115989333e-01
0.000000000000000000e+00 0.000000000000000000e+00
2.514147652250727297e-02 2.514173141166499079e-02
0.000000000000000000e+00 0.000000000000000000e+00
3.917757800377302813e-02 3.917751291410945247e-02
1.203670508455630811e-01 1.203723048037750598e-01
2.980596028940987914e-03 2.980581819148275195e-03
8.132456059859144437e-02 8.132412999701137124e-02
4.164851512084647572e-02 4.164831022417160578e-02
2.310937216895350525e-03 2.310922610805897590e-03
7.372660530230061744e-03 7.372607682200359343e-03
3.097034675839694870e-02 3.097025716154006361e-02
6.925879853203119330e-02 6.925870041632692375e-02
2.317277901975287741e-02 2.317465934387716656e-02
3.793636745004065891e-01 3.793629794423893919e-01
2.868601829915261650e-02 2.868631001505590403e-02
1.315014722906179268e-01 1.315009822208244306e-01
1.074868677888646123e-01 1.074864127342857467e-01
1.311588445725318970e-02 1.311674478924266044e-02
1.082772973958618171e-02 1.082772699564167954e-02
0.000000000000000000e+00 0.000000000000000000e+00
3.625914010939669790e-03 3.625893189578755296e-03
1.429082877368690468e-02 1.429078362630687923e-02
5.465843152402782845e-02 5.465818817443719030e-02
8.461844896319202503e-03 8.461797944694815499e-03
0.000000000000000000e+00 0.000000000000000000e+00
1.336238081105278197e-01 1.336240831887012537e-01
2.332123498870099926e-02 2.332108311748553806e-02
7.696075771588026804e-01 7.696047974813905457e-01
1.822156203400643673e-04 1.822149294604948847e-04
1.146338938022594019e-02 1.146358857744402167e-02
0.000000000000000000e+00 0.000000000000000000e+00
2.427626760893681138e-02 2.427625932922862495e-02
1.899758593218634026e-03 1.900075333713257533e-03
3.412498359918664237e-02 3.412488924465429535e-02
1.222687699590907420e-03 1.222685193410688771e-03
1.297890047481981557e-01 1.297884596469809637e-01
2.422108215306975620e-01 2.422119555886448616e-01
4.987983786591448226e-02 4.987973914896921129e-02
7.738847907602250387e-03 7.738809982298797997e-03
1.136607340947105220e-04 1.136626036403690510e-04
7.729970147231903822e-03 7.730019350189928570e-03
8.267169342639819505e-04 8.267084216907920943e-04
9.225035916101800848e-02 9.225004564415459352e-02
5.213262356225564428e-03 5.213251482054328222e-03
5.368064227197846990e-03 5.368052558176660168e-03
1.000000000000000000e+00 1.000000000000000000e+00
1.822156203400643673e-04 1.822149294604948847e-04
3.590373402756509846e-01 3.590357892597126899e-01
5.612929771594474954e-02 5.613113046233265263e-02
3.176970062485716395e-02 3.176953076187160468e-02
0.000000000000000000e+00 0.000000000000000000e+00
2.127849033111753607e-01 2.127840971024984040e-01
3.717479375666533081e-01 3.717490513614690739e-01
3.831983924853259865e-02 3.832028749023313335e-02
0.000000000000000000e+00 0.000000000000000000e+00
3.658086249022483027e-01 3.658071432235012743e-01
2.638015674076770269e-04 2.637987681148579438e-04
3.606024204434493848e-03 3.606002068092539932e-03
1.214400698402933049e-01 1.214397195444091859e-01
2.320528223454184930e-03 2.320522161752255896e-03
0.000000000000000000e+00 0.000000000000000000e+00
7.457882540871332844e-02 7.457927723958036881e-02
4.945147499210584413e-02 4.945613189168249907e-02
0.000000000000000000e+00 0.000000000000000000e+00
0.000000000000000000e+00 0.000000000000000000e+00
7.907515248278165765e-02 7.907465317569066510e-02
2.838524808490502371e-01 2.838518999381891561e-01
0.000000000000000000e+00 0.000000000000000000e+00
8.712461306462283839e-03 8.712831972785150050e-03
9.073074722781777554e-03 9.073075931499426094e-03
3.101502298872833505e-02 3.101495377437334805e-02
6.886625663812799836e-01 6.886622136477975609e-01
9.030814808868642407e-02 9.030884010164562381e-02
1.231152466456903079e-02 1.231169738183870814e-02
4.056332615684331809e-03 4.056390082044872628e-03
1.091098550866773272e-02 1.091097295845074380e-02
2.179424725162346782e-02 2.179457144992780204e-02
1.056189512435995052e-04 1.056250078251944508e-04
3.976315399542505215e-03 3.976375128451955544e-03
6.834821858032921228e-03 6.834984000164147887e-03
2.788459524028845393e-02 2.788442190415264810e-02
0.000000000000000000e+00 0.000000000000000000e+00
3.229692799307952167e-01 3.229696766979582856e-01
8.141720460676565851e-02 8.141678906131916138e-02
2.849695354060203245e-01 2.849688471581746652e-01
1.732297800889328054e-01 1.732294079122385366e-01
2.050896239081631631e-03 2.050941191264513044e-03
4.573331027743714194e-02 4.573632856430311783e-02
1.105111746972269743e-02 1.105105430234571036e-02
2.814014661797190064e-02 2.813996747401022874e-02
1.152909065716499065e-01 1.152906784505303983e-01
0.000000000000000000e+00 0.000000000000000000e+00
0.000000000000000000e+00 0.000000000000000000e+00
1.731569208797934800e-01 1.731562441936103369e-01
3.429343422052613406e-03 3.429438109469366228e-03
2.632643969266572001e-02 2.632632097321320475e-02
1.132084334629200779e-02 1.132089015344314546e-02
1.991060866107936533e-01 1.991057639807111146e-01
8.498616364972167575e-03 8.498538796061369527e-03
9.675004622987458391e-02 9.674996802295279807e-02
3.180315616456756006e-02 3.180295708083302059e-02
1.971921564651401768e-02 1.971942112563604757e-02
8.673828004312124085e-01 8.673811599160883290e-01
6.276482228752172654e-01 6.276465871379326433e-01
1.793648166979224523e-01 1.793651384922642089e-01
0.000000000000000000e+00 0.000000000000000000e+00
2.048002481692775545e-01 2.047994719761458138e-01
2.122130713652657999e-02 2.122120196751719340e-02
4.470684005377408843e-01 4.470706019078671267e-01
5.896914866746140182e-01 5.896909847998559329e-01
4.641309636841816633e-01 4.641333157198733184e-01
1.757275999305277919e-02 1.757298495753098835e-02
0.000000000000000000e+00 0.000000000000000000e+00
2.674018778449387401e-01 2.674024744933995446e-01
0.000000000000000000e+00 0.000000000000000000e+00
8.974922535306173454e-02 8.974879461368573397e-02
3.144706283121746493e-01 3.144767605129427657e-01
1.778564468741631044e-01 1.778588577800026549e-01
1.732433877285985135e-01 1.732437394311972523e-01
9.268810870247554123e-02 9.268810519658957081e-02
5.881646388027120947e-02 5.881939471692618215e-02
2.316298129447451060e-01 2.316288803238803762e-01
8.884044392493522721e-03 8.883987160897803201e-03
0.000000000000000000e+00 0.000000000000000000e+00
4.593779556485388937e-01 4.593762049391618141e-01
6.057770163390988061e-02 6.058250277038671611e-02
0.000000000000000000e+00 0.000000000000000000e+00
6.622366246574145077e-01 6.622343501866804205e-01
4.006776149591492753e-01 4.006769640486640971e-01
2.776730941069278924e-02 2.776714520686571902e-02
4.122041773868437287e-01 4.122025875900657277e-01
1.861368151176421779e-02 1.861356583034631113e-02
0.000000000000000000e+00 0.000000000000000000e+00
1.054068053810520295e-01 1.054068952575338419e-01
6.011475792970284726e-02 6.011614596633589602e-02
5.648313008447697695e-03 5.649437716379596477e-03
1.868610403588520097e-01 1.868630186958948058e-01
7.298613588858623991e-03 7.298655202413336339e-03
9.586445093129108974e-02 9.586404675687379418e-02
2.551416308116878293e-02 2.551431553551663026e-02
1.746486394999934889e-03 1.746591421206939799e-03
1.198407391303361186e-02 1.198422197476385100e-02
7.728039146414915697e-03 7.728646687254764856e-03
3.493452101416976707e-01 3.493443996876212099e-01
0.000000000000000000e+00 0.000000000000000000e+00
3.721265566107039013e-02 3.721253717088728041e-02
9.751938366719172802e-01 9.751914423027069345e-01
0.000000000000000000e+00 0.000000000000000000e+00
0.000000000000000000e+00 0.000000000000000000e+00
1.486084369238955538e-01 1.486214615457218668e-01
2.882924779880856759e-03 2.882900502145826962e-03
1.340999647526297349e-02 1.340989872233439538e-02
5.012118355429221947e-03 5.012857585665018989e-03
1.713323230743990858e-02 1.713592415533661192e-02
2.349491722059885226e-02 2.349476315877204596e-02
0.000000000000000000e+00 0.000000000000000000e+00
9.227311807716932490e-01 9.227294729376281923e-01
3.307650286357995822e-02 3.307640830333519882e-02
7.385381047655370859e-03 7.385382775315515146e-03
0.000000000000000000e+00 0.000000000000000000e+00
4.478208993565204604e-02 4.478207342523358309e-02
3.995113109271514369e-03 3.995095746716561570e-03
1.846741634876644667e-01 1.846750005674730188e-01
3.248443996655826504e-01 3.248431605870710226e-01
2.125546198537604185e-03 2.125539927627927671e-03
4.135131825008775408e-02 4.135134203023046323e-02
1.143119254304427318e-01 1.143160814348826299e-01
4.412752032794328705e-03 4.413227181152580385e-03
2.470336191939612180e-02 2.470325253657316283e-02
0.000000000000000000e+00 0.000000000000000000e+00
2.310937216895350525e-03 2.310922610805897590e-03
2.022918998874232907e-04 2.022909481131596405e-04
4.394067813455075355e-01 4.394064441757775108e-01
0.000000000000000000e+00 0.000000000000000000e+00
2.761875483980784016e-02 2.761858183711465159e-02
4.127502302512851828e-02 4.127482986366194651e-02
0.000000000000000000e+00 0.000000000000000000e+00
9.328244041109207477e-03 9.328174201834198501e-03
3.967806114834021569e-03 3.967806416031773205e-03
3.334586757992807904e-02 3.334598117892489250e-02
3.141472508092106874e-01 3.141460077796879857e-01
3.619442538265513210e-01 3.619462601635554111e-01
2.766653775805603122e-01 2.766662814976948992e-01
3.417839986632096316e-01 3.417836904350887717e-01
7.271688734346136440e-02 7.271701220833227952e-02
1.388372919312668430e-01 1.388369447288129166e-01
6.136475244298952338e-03 6.136468999938459248e-03
4.586691926468586811e-01 4.586681612776564720e-01
6.101913739214926552e-02 6.101939401041500677e-02
3.669802854687580496e-01 3.669790464887022208e-01
5.223537379132645597e-01 5.223519616040972480e-01
3.748211994317247192e-02 3.748190410586300925e-02
2.614589522012817357e-01 2.614581416921041845e-01
5.503401302186143873e-01 5.503385910237950096e-01
1.166281954655237207e-01 1.166306564646055755e-01
7.651078101446397162e-02 7.651044895511494026e-02
2.497816464772377454e-02 2.497799719532666635e-02
2.345640122476253531e-01 2.345635309526092616e-01
9.624721312441870263e-03 9.624666751138852977e-03
3.927874632588101295e-02 3.927898317599410466e-02
1.420668414851206486e-03 1.420667648822018271e-03
4.523979054948463752e-01 4.523965842175584062e-01
5.677449918295638526e-02 5.677461956991469022e-02
0.000000000000000000e+00 0.000000000000000000e+00
2.271765985940330246e-01 2.271756304066824550e-01
8.629846008983206584e-02 8.629833265692661570e-02
8.380982314586836457e-02 8.380970632607208370e-02
0.000000000000000000e+00 0.000000000000000000e+00
1.691108227744773096e-01 1.691106958559866480e-01
1.029118280422551372e-02 1.029151035437125654e-02
1.094150468532860063e-02 1.094156271372888171e-02
3.962460755120238848e-02 3.962549966180270444e-02
3.574935273255412660e-03 3.575260028429030207e-03
9.835008945437552497e-02 9.835705772013615678e-02
0.000000000000000000e+00 0.000000000000000000e+00
6.515468001315797286e-01 6.515445528153823718e-01
3.331784617913728652e-02 3.331878740998606842e-02
0.000000000000000000e+00 0.000000000000000000e+00
1.398485929523601290e-01 1.398521349183564910e-01
5.882270288987676565e-01 5.882250197166386529e-01
1.878239479101152104e-02 1.878239781175219253e-02
3.864543580841128811e-02 3.864582491218194332e-02
6.631992750567706763e-01 6.631999510390923502e-01
0.000000000000000000e+00 0.000000000000000000e+00
6.795603412491126039e-02 6.795586122863717105e-02
8.108449673544043668e-01 8.108424825635377475e-01
6.678335095235747587e-02 6.678505682648966379e-02
3.156765290644225064e-01 3.156758551033158056e-01
0.000000000000000000e+00 0.000000000000000000e+00
3.827753312298370035e-03 3.827811040008649145e-03
9.468881918258420516e-02 9.468835829768040835e-02
0.000000000000000000e+00 0.000000000000000000e+00
2.799651512576588688e-02 2.799637607509286932e-02
6.547271945651512992e-02 6.547237250912588125e-02
2.882924779880856759e-03 2.882900502145826962e-03
2.076864978295003272e-01 2.076891565338088441e-01
0.000000000000000000e+00 0.000000000000000000e+00
8.486518339683184198e-02 8.486495856439459085e-02
1.797902128722055071e-02 1.797923755109049823e-02
4.413715606500981381e-02 4.413702309948863006e-02
7.782542781641524354e-02 7.782519207959580354e-02
7.158201766963323553e-02 7.158199272927372181e-02
1.154900365738891210e-01 1.154928037145930009e-01
0.000000000000000000e+00 0.000000000000000000e+00
7.189495179104926637e-01 7.189475756722384370e-01
1.553122863204340065e-01 1.553118314140073397e-01
5.003159371883217875e-03 5.003189540583232592e-03
2.506776903395263600e-01 2.506776658097926713e-01
1.010508803301703729e-01 1.010503506197345663e-01
6.499611429123154649e-02 6.499594242205840311e-02
2.163069873520714198e-02 2.163093267055356261e-02
0.000000000000000000e+00 0.000000000000000000e+00
1.296766289382638715e-01 1.296762688954096465e-01
1.198407391303361186e-02 1.198422197476385100e-02
0.000000000000000000e+00 0.000000000000000000e+00
0.000000000000000000e+00 0.000000000000000000e+00
1.400562925045482042e-02 1.400552107541770328e-02
3.555276994780647015e-02 3.555264966081467248e-02
1.701994042961499920e-01 1.701989110832678453e-01
1.087889936090538773e-01 1.087882967419901564e-01
4.162535629734227804e-02 4.162547484872780590e-02
3.932608685238785373e-01 3.932592487371655565e-01
0.000000000000000000e+00 0.000000000000000000e+00
1.689901431210569932e-02 1.689890999194634813e-02
1.171574960167894378e-02 1.171573405015596987e-02
3.136868703895089872e-01 3.136905565903397863e-01
4.456985316895431017e-03 4.456987766296127175e-03
3.556931819255609254e-03 3.557101162790961280e-03
7.310467411014553302e-03 7.310485439439776481e-03
3.561087194161203229e-01 3.561083051910629571e-01
5.203541180924433629e-01 5.203572879989227795e-01
1.840713996267805824e-02 1.840726062202089133e-02
9.748276381208545796e-03 9.750027173671526465e-03
2.544678118723860127e-02 2.544662304511346659e-02
2.478773524957282939e-02 2.478760285512831424e-02
0.000000000000000000e+00 0.000000000000000000e+00
2.890192476261073395e-02 2.890197983532103929e-02
2.234335441839159150e-02 2.234326779492640594e-02
4.431788253283346080e-02 4.431794706450958854e-02
0.000000000000000000e+00 0.000000000000000000e+00
3.389547651515474602e-02 3.389528261530858066e-02
3.804299309738255475e-01 3.804286046421100353e-01
3.294724814887613727e-03 3.294701292926077631e-03
0.000000000000000000e+00 0.000000000000000000e+00
3.054202908899857419e-02 3.054200163363805093e-02
7.809579740279451454e-02 7.809533943614298257e-02
8.595920169019014012e-02 8.595878303291364098e-02
0.000000000000000000e+00 0.000000000000000000e+00
4.704694354158477920e-01 4.704673388183153171e-01
0.000000000000000000e+00 0.000000000000000000e+00
2.050896239081631631e-03 2.050941191264513044e-03
1.209701691734086093e-01 1.209699173457078891e-01
2.617136382990610799e-01 2.617125801592177226e-01
1.167743264537007483e-02 1.167734283934833243e-02
0.000000000000000000e+00 0.000000000000000000e+00
4.048272975611402758e-02 4.048259313168601353e-02
8.467932138113409011e-04 8.467844403434569584e-04
1.198325672129270242e-01 1.198323282175109278e-01
2.392958434105918811e-02 2.393047039115147462e-02
1.544779118190175125e-02 1.544776403224633332e-02
1.135051131344881198e-01 1.135046241276030238e-01
3.622915430701199174e-02 3.622894315156054146e-02
2.882924779880856759e-03 2.882900502145826962e-03
0.000000000000000000e+00 0.000000000000000000e+00
0.000000000000000000e+00 0.000000000000000000e+00
1.401993895447731188e-03 1.402346533345372702e-03
1.874114417311523867e-02 1.874200055975320384e-02
1.063806436311731489e-02 1.063797588912616422e-02
6.791359889632764268e-02 6.791390552592208030e-02
4.648905731727927537e-01 4.648887675138935749e-01
1.560837509908185594e-01 1.560842078825979140e-01
4.035877192661677659e-01 4.035924918132215988e-01
5.116786980567012907e-03 5.116852453045985134e-03
4.988921881667212482e-02 4.988906147311453904e-02
1.006487512203357339e-03 1.006477745032199108e-03
7.484264484886651858e-02 7.484249995753325391e-02
1.911944596567337062e-01 1.911935805961349766e-01
1.287936114634599116e-01 1.287954135156873792e-01
0.000000000000000000e+00 0.000000000000000000e+00
3.550572348355306163e-02 3.550571271336622203e-02
7.192172979296446167e-03 7.192197247543052029e-03
6.906805091072965030e-02 6.906939304587832174e-02
1.572106253965012967e-01 1.572107266289096972e-01
5.411081483788692144e-03 5.411509401628484921e-03
0.000000000000000000e+00 0.000000000000000000e+00
1.556154368878189809e-01 1.556148547903793700e-01
1.400511886159515329e-02 1.400856263159838515e-02
6.644042328140817855e-01 6.644036792974011840e-01
3.429025715773777461e-01 3.429022029959072349e-01
7.814842747618211405e-02 7.814842126095977726e-02
8.362478014055481563e-05 8.362513757750205702e-05
0.000000000000000000e+00 0.000000000000000000e+00
1.136761188813318300e-02 1.137105758578959777e-02
2.007627954735894036e-05 2.007601865266475912e-05
1.335206546287509843e-01 1.335460262688765443e-01
1.541769014153076406e-02 1.542180150375838978e-02
3.063855246822197106e-02 3.064328990945322517e-02
1.989670880225137828e-01 1.989915107212416601e-01
1.037110285871640537e-02 1.037422117731369615e-02
2.966920995964813720e-02 2.967362885716760476e-02
2.740434519001784877e-02 2.741034248609544241e-02
1.080751061943641990e-02 1.081018085739784973e-02
4.652017672295194473e-02 4.653208583876316390e-02
1.311625488290372454e-01 1.311864460347615391e-01
7.871465753021998288e-04 7.873123661686480014e-04
1.255771655538101550e-01 1.256058126583280143e-01
1.037110285871640537e-02 1.037422117731369615e-02
9.025014577020087914e-02 9.026600309153799684e-02
7.188691315971657003e-02 7.190477559626300141e-02
0.000000000000000000e+00 0.000000000000000000e+00
0.000000000000000000e+00 0.000000000000000000e+00
1.644815272239473491e-01 1.645028863986018886e-01
3.321785227124530310e-02 3.322108109099949219e-02
1.527221966783545194e-02 1.527645857902552341e-02
7.811521441498369203e-03 7.812989717849787644e-03
6.399800268744525178e-02 6.401227783839338881e-02
8.348719136739521374e-02 8.349458732666524552e-02
2.102487952096467744e-03 2.102876207882004196e-03
1.692460310871944651e-02 1.692700109652545831e-02
3.128651281170986755e-03 3.129155645182997523e-03
6.525474770834785443e-02 6.526991526952836964e-02
0.000000000000000000e+00 0.000000000000000000e+00
2.566273054831850683e-02 2.566900037452677502e-02
0.000000000000000000e+00 0.000000000000000000e+00
0.000000000000000000e+00 0.000000000000000000e+00
0.000000000000000000e+00 0.000000000000000000e+00
0.000000000000000000e+00 0.000000000000000000e+00
3.324464782075062935e-02 3.325159034203289954e-02
2.007627954735894036e-05 2.007601865266475912e-05
2.613595911000972036e-02 2.614267950286280201e-02
2.007627954735894036e-05 2.007601865266475912e-05
1.424811762838639091e-02 1.425027405736253167e-02
6.760836123289037936e-02 6.762236937994375863e-02
1.060789811920626602e-01 1.060927833044560675e-01
1.527389690584940625e-02 1.527588438940014580e-02
8.329171933603606026e-02 8.329168190732316734e-02
5.315579583446442165e-03 5.316277848317526797e-03
1.456174701619676257e-02 1.456585302939696937e-02
2.007627954735894036e-05 2.007601865266475912e-05
5.300468784573916098e-02 5.301472362302669938e-02
3.519020814120494417e-02 3.519803620345663547e-02
5.073211532724071493e-02 5.074168719243565134e-02
9.461075714082765875e-02 9.462669338792958906e-02
1.110454199014053456e-02 1.110733353844724040e-02
1.822291598153833736e-01 1.822409864679054303e-01
0.000000000000000000e+00 0.000000000000000000e+00
0.000000000000000000e+00 4.482708311272439300e-77
0.000000000000000000e+00 8.965416622544878600e-77
5.258442052423835562e-03 5.259344066027925313e-03
2.805573881528143285e-02 2.806086760816420278e-02
1.460594420033846097e-01 1.460778626082327447e-01
0.000000000000000000e+00 0.000000000000000000e+00
5.735053191887930918e-02 5.735863675113084953e-02
1.069973197798173258e-02 1.070296566361717688e-02
3.026655213652474502e-02 3.027210002569536915e-02
2.628169056187753400e-02 2.628742412658071834e-02
3.340030360187698499e-02 3.340457592667837872e-02
6.357869751002997137e-03 6.358828148204656409e-03
2.007627954735894036e-05 2.007601865266475912e-05
0.000000000000000000e+00 0.000000000000000000e+00
1.170242178292973390e-01 1.170398265990259395e-01
2.687380532381079476e-02 2.687590452739411356e-02
5.554452646002736721e-02 5.555488269695746384e-02
6.880737495857468244e-02 6.881221978946715223e-02
3.533283731330430499e-02 3.534143014827657858e-02
6.001322787671235434e-03 6.002137247857254089e-03
1.064858874119771134e-02 1.065177538658342200e-02
1.845590060256425621e-02 1.846005284892644413e-02
5.944710246282450955e-02 5.946340138119772523e-02
9.766113619086313775e-04 9.768246993404382586e-04
8.675592416372130550e-03 8.677277971747381080e-03
0.000000000000000000e+00 0.000000000000000000e+00
0.000000000000000000e+00 0.000000000000000000e+00
3.085528397179677636e-04 3.086684676508152144e-04
1.064980746360582459e-01 1.065232503762956334e-01
7.485672349388072799e-02 7.486927733009580976e-02
1.039117913826376541e-02 1.039429719596636145e-02
3.492688494967367552e-01 3.493530769610471154e-01
2.353002530995311481e-01 2.353301736654571652e-01
3.176718058106370313e-02 3.177164961076203026e-02
1.697256590254778987e-04 1.697907480891448426e-04
1.874474362558083140e-02 1.874911301610234643e-02
5.357713300913865412e-02 5.358891301806143620e-02
4.744715210710896691e-02 4.744698293637972242e-02
4.395966754320512586e-03 4.396949300788039264e-03
1.245285325301466375e-03 1.245612028633449452e-03
2.606696179599875610e-02 2.607179141256535382e-02
5.726621565029205857e-02 5.727587733003604298e-02
0.000000000000000000e+00 0.000000000000000000e+00
0.000000000000000000e+00 0.000000000000000000e+00
7.007035398543946109e-03 7.008134577092843195e-03
0.000000000000000000e+00 0.000000000000000000e+00
0.000000000000000000e+00 0.000000000000000000e+00
2.499576657303487909e-02 2.500019042005607178e-02
2.243548147238867696e-02 2.244073042054913619e-02
9.387767281166536221e-03 9.389481413836482313e-03
1.633046694255483461e-02 1.633542453051773508e-02
6.616273754523181727e-02 6.617148479734034916e-02
1.024356267242729039e-02 1.024538018518032605e-02
2.780527290355344627e-01 2.781028651301539756e-01
2.269003198541461389e-02 2.269358088900651910e-02
2.082159284994311924e-02 2.082687338930660007e-02
3.214108766304556164e-02 3.214726047565136247e-02
0.000000000000000000e+00 0.000000000000000000e+00
3.854185472829930320e-02 3.854726873154808858e-02
1.079356895652524989e-01 1.079470546503622508e-01
3.599664738252005350e-03 3.600313225423786793e-03
0.000000000000000000e+00 0.000000000000000000e+00
0.000000000000000000e+00 0.000000000000000000e+00
0.000000000000000000e+00 0.000000000000000000e+00
1.305066920757705189e-02 1.305429915437080791e-02
1.180585921334384447e-01 1.180821291042439686e-01
1.649753497215371290e-02 1.650178874117320948e-02
9.294195067711051930e-03 9.296184985714278301e-03
6.299301586096195393e-02 6.300591123823055806e-02
2.007627954735894036e-05 2.007601865266475912e-05
1.742416360188764335e-02 1.742777512132102566e-02
0.000000000000000000e+00 0.000000000000000000e+00
9.981934504983294362e-03 9.984772544065935798e-03
1.962443942479248638e-01 1.962841362718908134e-01
3.546788399155149235e-02 3.547573218247115912e-02
1.116527094190760197e-02 1.116863035206832125e-02
2.400765651611045173e-02 2.401368610995105110e-02
8.166378876763714934e-02 8.168097249577932484e-02
5.553021349624888067e-04 5.554989539406848809e-04
9.802176682791999274e-02 9.803984779513505443e-02
0.000000000000000000e+00 0.000000000000000000e+00
3.496425071894665622e-03 3.496422099265958199e-03
0.000000000000000000e+00 0.000000000000000000e+00
0.000000000000000000e+00 0.000000000000000000e+00
1.124954842699889788e-02 1.125288500294105085e-02
1.895723102829406648e-02 1.896233532226779261e-02
5.076581571405183735e-02 5.077663984422234322e-02
6.099501956688880427e-02 6.099984900151642075e-02
5.882510825242644181e-02 5.883487204049053093e-02
3.085528397179677636e-04 3.086684676508152144e-04
5.628870170662353400e-02 5.629767650374870730e-02
7.108589525137329335e-02 7.110071267410503215e-02
1.893618986221307435e-02 1.894088276100037993e-02
2.007627954735894036e-05 2.007601865266475912e-05
1.549142176555793615e-01 1.549325452395974856e-01
0.000000000000000000e+00 0.000000000000000000e+00
4.180281437056006938e-02 4.181152576077299537e-02
1.013016694085345885e-03 1.013291404549490409e-03
1.355352202124415241e-02 1.355601596937037329e-02
1.925426380256935188e-02 1.925701918630581128e-02
6.907567885674238684e-02 6.909097887112898573e-02
2.738913646479950725e-01 2.739265955038901468e-01
9.092295148025147933e-02 9.093028319172923035e-02
5.569963817246868093e-02 5.570982350595553301e-02
4.374052114343139619e-02 4.374896634633688303e-02
0.000000000000000000e+00 0.000000000000000000e+00
3.639209031844061609e-02 3.639994691180804820e-02
2.681895970305567256e-02 2.682502487845851366e-02
2.995593540775364633e-02 2.996227939382048108e-02
7.521908006332529706e-02 7.523071166725052439e-02
9.237121517484283770e-03 9.238921680622225879e-03
0.000000000000000000e+00 0.000000000000000000e+00
2.541095693979015732e-02 2.541797674825508821e-02
2.691661197788168883e-02 2.692144596601180398e-02
0.000000000000000000e+00 0.000000000000000000e+00
4.414685099841501870e-02 4.415542982608623018e-02
4.553649338063569326e-04 4.555037503853887060e-04
1.025397053565440912e-02 1.025590592649822975e-02
1.624338168844989549e-01 1.624671044350752824e-01
0.000000000000000000e+00 0.000000000000000000e+00
1.604355544294159761e-02 1.604738600285926520e-02
1.515621285248202055e-01 1.515858139312214192e-01
7.171651778959378578e-04 7.174326584367358506e-04
3.427988225120841975e-02 3.428726189558677084e-02
1.069765392694208526e-02 1.070089664410319580e-02
3.602438563396617721e-02 3.602658493467535139e-02
1.056451552181621872e-02 1.056598432972929817e-02
6.761087720957459791e-04 6.761031345965366627e-04
4.571857164805417061e-03 4.572711142213263004e-03
2.198246786924806101e-02 2.198867222556697906e-02
1.524669792383323286e-01 1.524993675874458943e-01
7.113601491851084813e-02 7.114235516954886540e-02
2.582040144628722916e-02 2.582291285928335622e-02
6.624924370356328855e-03 6.626262415720034736e-03
1.670851637212905291e-02 1.671102259640518117e-02
9.721138199216888820e-02 9.723154577743341187e-02
2.288853572350097593e-02 2.289205281171088555e-02
3.284088437853657783e-02 3.284699942296215314e-02
1.462739660385900184e-02 1.463127670644275360e-02
1.321196699833197645e-02 1.321366657741839326e-02
0.000000000000000000e+00 0.000000000000000000e+00
0.000000000000000000e+00 0.000000000000000000e+00
1.995863389439653801e-01 1.996282407000355696e-01
1.024578887463046400e-01 1.024796131691759760e-01
3.191676793347648228e-02 3.192246623612010614e-02
0.000000000000000000e+00 0.000000000000000000e+00
2.975621620286652462e-04 2.976302279223915262e-04
0.000000000000000000e+00 0.000000000000000000e+00
3.114231847192690944e-02 3.114764443295772733e-02
3.096108638026143917e-02 3.096751349802518219e-02
0.000000000000000000e+00 0.000000000000000000e+00
9.004129771171404117e-03 9.005279259962565078e-03
1.948796539691057678e-02 1.949279472181216985e-02
6.299850860082686910e-02 6.301131929304611135e-02
9.225798024819240745e-03 9.226933925431458558e-03
1.159182530579506987e-02 1.159491439877243825e-02
0.000000000000000000e+00 0.000000000000000000e+00
3.264375805127419511e-02 3.264976234418962703e-02
1.846827350217962183e-01 1.847286606112459317e-01
9.842790707435794539e-03 9.843767315789377081e-03
2.432783322377662233e-02 2.433189762872197195e-02
5.131213022990963740e-02 5.131876402727561515e-02
0.000000000000000000e+00 0.000000000000000000e+00
1.037110285871640537e-02 1.037422117731369615e-02
5.111944346218514484e-02 5.113124523275101169e-02
2.674529274447940558e-02 2.675180424129854420e-02
2.755516380578029029e-02 2.756296673214981771e-02
2.833713371734910419e-02 2.834246920436670272e-02
2.677513192340299011e-02 2.678007036677436045e-02
4.881040529571685667e-03 4.882161383059162828e-03
4.205668886099767079e-02 4.206651862667763059e-02
0.000000000000000000e+00 0.000000000000000000e+00
1.825002069615161556e-03 1.825321998612277480e-03
0.000000000000000000e+00 0.000000000000000000e+00
3.217507552058213732e-02 3.218063285738514967e-02
2.646725570326563699e-03 2.647196813943283530e-03
5.568921241647668136e-03 5.569374830528698965e-03
3.563048921222448928e-02 3.563846796433584735e-02
1.825598211899354291e-03 1.825918129659129729e-03
2.519564851363783470e-02 2.520061994214817941e-02
3.720886586215434860e-02 3.721682879997439963e-02
0.000000000000000000e+00 0.000000000000000000e+00
0.000000000000000000e+00 0.000000000000000000e+00
7.615661960277560205e-02 7.617089201610945104e-02
0.000000000000000000e+00 0.000000000000000000e+00
4.698113335921915573e-02 4.699139869958581656e-02
6.881587031594213477e-02 6.883274890775993582e-02
4.488203130995285089e-02 4.488900372341947387e-02
4.769091639292494939e-02 4.769817165650311330e-02
1.643792403280236736e-01 1.644095927901388643e-01
0.000000000000000000e+00 0.000000000000000000e+00
1.741091416515679752e-02 1.741405168895718628e-02
3.411547059007799532e-02 3.412289735445069722e-02
0.000000000000000000e+00 0.000000000000000000e+00
1.121751756395090172e-01 1.121960232727894774e-01
9.472395638565006548e-02 9.474086133914212671e-02
3.852822175696227203e-02 3.853337173548660594e-02
2.560174430936731915e-01 2.560392997004070637e-01
5.918487899129978164e-02 5.919816386788912671e-02
8.094002159351214309e-02 8.095737509905633067e-02
9.356144806694577376e-02 9.357882900093172918e-02
5.312598447091550213e-02 5.313437395289128534e-02
8.982008775449069199e-03 8.984625872315276859e-03
8.661782024577022523e-03 8.664299433599675568e-03
3.799523514715076947e-03 3.799829872492178559e-03
8.262454398874759243e-02 8.264034051904890765e-02
2.220043090574448652e-02 2.220539976167477600e-02
1.166618170491419831e-01 1.166714957657961210e-01
0.000000000000000000e+00 0.000000000000000000e+00
2.060885785186011843e-02 2.061379012582225875e-02
0.000000000000000000e+00 0.000000000000000000e+00
7.898933460017789829e-03 7.901261522060847378e-03
2.280367003421518435e-03 2.280825748997666186e-03
1.177309675416413765e-02 1.177656771065906972e-02
1.357010154493270247e-03 1.357218287826887854e-03
1.908290799571223453e-02 1.908822908347708805e-02
3.138530677646867578e-02 3.138525500586404615e-02
0.000000000000000000e+00 0.000000000000000000e+00
2.609732468466149924e-02 2.610334096624343861e-02
2.032775594866812613e-02 2.033327325066902960e-02
2.007627954735894036e-05 2.007601865266475912e-05
0.000000000000000000e+00 0.000000000000000000e+00
8.583731232193574090e-03 8.586116963941852961e-03
7.319313381098642435e-02 7.320707952407186359e-02
1.570722491361021059e-02 1.571096181821131019e-02
1.243696995296373134e-02 1.243857414760281797e-02
2.193456697507826549e-03 2.193971596870462198e-03
6.884474175233934456e-02 6.885122362730877743e-02
0.000000000000000000e+00 0.000000000000000000e+00
1.116527094190760197e-02 1.116863035206832125e-02
6.902580175582533062e-02 6.904110387784290204e-02
0.000000000000000000e+00 0.000000000000000000e+00
1.845078349162520507e-03 1.845398017264942127e-03
4.762963831378022594e-02 4.763802506359555988e-02
6.314506664184126039e-02 6.315877536975887663e-02
7.522752372246914454e-03 7.524386583475115541e-03
2.019311297386602085e-03 2.019924681698073623e-03
3.128649982669721996e-02 3.129300406737364759e-02
0.000000000000000000e+00 0.000000000000000000e+00
0.000000000000000000e+00 0.000000000000000000e+00
0.000000000000000000e+00 0.000000000000000000e+00
2.154491204923361658e-01 2.154907968032796495e-01
1.037110285871640537e-02 1.037422117731369615e-02
8.644309583681715481e-02 8.645942698971352536e-02
9.837897446679789992e-02 9.839678243812961800e-02
2.068660466313484644e-02 2.069284049865642225e-02
3.043096126769337731e-02 3.043794929332382243e-02
1.480433567443597276e-01 1.480699717714271668e-01
5.342926821659687436e-02 5.343386167229620398e-02
6.146071999562584959e-02 6.146941265836235180e-02
5.295642559747701372e-02 5.296312967201612792e-02
1.144453980309733483e-03 1.144653220334412641e-03
5.351303731439173428e-02 5.352543683767511939e-02
1.211408952658603842e-02 1.211771576377207102e-02
1.248486303135450115e-01 1.248559844895317655e-01
1.851796743719206833e-03 1.852172490630749372e-03
4.731366626055382753e-03 4.732072946817645481e-03
0.000000000000000000e+00 0.000000000000000000e+00
2.829887186133657820e-02 2.830490598925300069e-02
7.476485941395306055e-03 7.478603893123467010e-03
8.917175816264014121e-02 8.919097726744699972e-02
3.403858533317989654e-02 3.404820739468331775e-02
2.981583043128579265e-04 2.982263589692438839e-04
3.918644211450476172e-02 3.919458379462566200e-02
1.252650614565772522e-02 1.253011335748913102e-02
3.280360533274495616e-02 3.281308974998631972e-02
2.953115414863450305e-01 2.953104411254234285e-01
3.962853195995095362e-02 3.963790591849804257e-02
0.000000000000000000e+00 0.000000000000000000e+00
1.857963792080995769e-01 1.858320895587563526e-01
0.000000000000000000e+00 0.000000000000000000e+00
0.000000000000000000e+00 0.000000000000000000e+00
1.789885315233983795e-02 1.790007861979727236e-02
2.597078286327477240e-02 2.597629123384791183e-02
1.812181083319085867e-02 1.812554090381037278e-02
0.000000000000000000e+00 0.000000000000000000e+00
2.294096844095206908e-02 2.294746481092323903e-02
0.000000000000000000e+00 0.000000000000000000e+00
2.491248046698208915e-02 2.491743295106268324e-02
8.192630166771580624e-02 8.194446509132906342e-02
1.137702090865035237e-01 1.137783919432242136e-01
9.755226537675300291e-02 9.756451790153196357e-02
3.789118815639201665e-02 3.790147007798656126e-02
2.986193671284325703e-03 2.986634204866966003e-03
0.000000000000000000e+00 0.000000000000000000e+00
0.000000000000000000e+00 0.000000000000000000e+00
0.000000000000000000e+00 0.000000000000000000e+00
0.000000000000000000e+00 4.482708311272439300e-77
0.000000000000000000e+00 0.000000000000000000e+00
1.053089886219469862e-01 1.053292006658426150e-01
8.719026098132036384e-02 8.720734734549162592e-02
7.577185922605417234e-02 7.578731147688108627e-02
3.150822581180837828e-02 3.151379397619256950e-02
1.093361497853343085e-02 1.093693434799302734e-02
6.117161119256755986e-02 6.118297114454560731e-02
4.881316807028666244e-03 4.882648164191410317e-03
3.446063928228814549e-02 3.446584398035270475e-02
2.896697715501614714e-03 2.897147848654422434e-03
0.000000000000000000e+00 0.000000000000000000e+00
1.080738643094325546e-02 1.080874904292243067e-02
1.057764575106198424e-01 1.057984450848713509e-01
1.265988158285795938e-03 1.266403192509767605e-03
2.989599221077608379e-03 2.990067949719142637e-03
1.591877249985066134e-01 1.592170411302896993e-01
0.000000000000000000e+00 0.000000000000000000e+00
1.988862350403775708e-02 1.989039367246043383e-02
9.624836951769974794e-03 9.625988730943474403e-03
0.000000000000000000e+00 0.000000000000000000e+00
0.000000000000000000e+00 1.344812493381731790e-76
0.000000000000000000e+00 0.000000000000000000e+00
1.616264123970466149e-01 1.616594678758342674e-01
1.067473519144811547e-02 1.067471246468443616e-02
1.159663275527861859e-01 1.159898913310818264e-01
3.140901495957793260e-03 3.141714443719406582e-03
2.215152085557134040e-02 2.215137972613191730e-02
0.000000000000000000e+00 0.000000000000000000e+00
1.445124011776419692e-01 1.445327780797957540e-01
5.497904862648905072e-02 5.499058744228270401e-02
2.007627954735894036e-05 2.007601865266475912e-05
1.314735578445254752e-02 1.315123091282314506e-02
7.119117517722917121e-02 7.120408201989145147e-02
1.037110285871640537e-02 1.037422117731369615e-02
0.000000000000000000e+00 0.000000000000000000e+00
2.415571245078024752e-03 2.415955774224387738e-03
2.058822272990705818e-02 2.059320251826587608e-02
1.054572610545070621e-01 1.054749337998289044e-01
1.094233764301841098e-02 1.094553057339542161e-02
7.716324156060098971e-02 7.717735917978155169e-02
2.573064169042302198e-03 2.573413133306953239e-03
9.966876414559901112e-04 9.969007179931029059e-04
1.427846764298686642e-02 1.428237173029419174e-02
4.239810888064106625e-04 4.241257707536490239e-04
2.400884157821242190e-02 2.401484033769254317e-02
2.896697715501614714e-03 2.897147848654422434e-03
1.669321414588707253e-01 1.669534931115271292e-01
3.103998477809976828e-02 3.104779772666848778e-02
7.921667399309409441e-02 7.923006658568647331e-02
3.336882991836810641e-02 3.337466198458881317e-02
4.006194933682832686e-03 4.006988194808200343e-03
9.264460735852539375e-02 9.266364193837589580e-02
1.318759586264913186e-01 1.319055169063474975e-01
2.158635592332900852e-02 2.158758873161456537e-02
9.940974085585227438e-02 9.942952438636477874e-02
5.802265173739595133e-02 5.803638014440470894e-02
1.901344609670831522e-03 1.901754452328810983e-03
3.349487170045289258e-02 3.350403434176371653e-02
6.070202057090941239e-02 6.071686728572911473e-02
9.577841972186963704e-02 9.579577719271874237e-02
1.341335049893401243e-01 1.341501506655737308e-01
1.686804242328646120e-02 1.687313616602916996e-02
9.651577499106162375e-03 9.651727144512395676e-03
4.542792743941677369e-02 4.543779949323634854e-02
4.312935265323861178e-02 4.313994933112728219e-02
5.569621175365294802e-02 5.569586173593790712e-02
1.442280155169666511e-01 1.442515260185043002e-01
7.258770773107120489e-02 7.260094862681307215e-02
0.000000000000000000e+00 0.000000000000000000e+00
5.204998064006712000e-03 5.206422478102487768e-03
1.525669015664208317e-01 1.525912443324543843e-01
4.559027631063707585e-03 4.559724914731765402e-03
3.406836858787002514e-02 3.407442809594985605e-02
3.507998723224054621e-02 3.508627041199219310e-02
2.155403286941319409e-03 2.155892180175435300e-03
1.037110285871640537e-02 1.037422117731369615e-02
5.006156925837361438e-02 5.007292772297698008e-02
3.288942429792659355e-02 3.289520462975249748e-02
1.450808140638991939e-01 1.451051201054406881e-01
2.007627954735894036e-05 2.007601865266475912e-05
7.399924466049856257e-03 7.401505504808923892e-03
1.027182959806067775e-01 1.027300913269347943e-01
1.870098687208590973e-02 1.870629637696027275e-02
2.862201319016062853e-02 2.862782758100038821e-02
3.207781739639881807e-02 3.208157266403961760e-02
6.311081570069299040e-02 6.311836584552660279e-02
1.793742638232550049e-02 1.794181957528738144e-02
8.615702288565573602e-03 8.617633683989066318e-03
5.461502542349167683e-02 5.462279629012106036e-02
3.828715695627216836e-02 3.829106926881962331e-02
0.000000000000000000e+00 4.482708311272439300e-77
0.000000000000000000e+00 4.482708311272439300e-77
7.974668735890382346e-03 7.975551633334104773e-03
1.074808051810094596e-02 1.075124197982957851e-02
1.424713652562736160e-02 1.424927116098989241e-02
3.880753585811883705e-02 3.881594889185033953e-02
0.000000000000000000e+00 0.000000000000000000e+00
1.680841258789027987e-02 1.681135183860854587e-02
4.230806344761350369e-04 4.231600752419654434e-04
7.049262802043692461e-03 7.050571287718223647e-03
6.425028183039782625e-02 6.426194263923708239e-02
9.344918782444793653e-03 9.346767706666134212e-03
1.885460766093614154e-02 1.886008830264436151e-02
6.765376193250960402e-03 6.767063873522773457e-03
4.367532214052194384e-02 4.368485677462625311e-02
5.926133121845713475e-02 5.926985299084691627e-02
2.770545837533069586e-02 2.770925189111219863e-02
9.881114351480113633e-02 9.882978370276405966e-02
2.133738787339967136e-02 2.134284925492239623e-02
2.007627954735894036e-05 2.007601865266475912e-05
4.307114092955237339e-02 4.307917037105932906e-02
0.000000000000000000e+00 0.000000000000000000e+00
5.431981245988062174e-02 5.433137220547291230e-02
4.380016040039259873e-02 4.380738517040445867e-02
3.580274837895665307e-02 3.581194472286609171e-02
1.382904646996369578e-02 1.383274905605658654e-02
3.574935273255412660e-03 3.575260028429030207e-03
2.921457302570378695e-02 2.922139695209705068e-02
1.352148122936756448e-05 1.352662955006654804e-05
0.000000000000000000e+00 4.482708311272439300e-77
3.953981465804982248e-02 3.954312977675825125e-02
7.871048098315266972e-02 7.872387737755584536e-02
0.000000000000000000e+00 0.000000000000000000e+00
1.998388751480727199e-02 1.998914868865413544e-02
2.100021614450805693e-02 2.100483841247845207e-02
2.485915550037251856e-02 2.486512402144224615e-02
8.467932138113409011e-04 8.467844403434569584e-04
1.838523550844529172e-03 1.838848628162343887e-03
0.000000000000000000e+00 0.000000000000000000e+00
5.975069440315220436e-03 5.976806518374167682e-03
1.533537911785727917e-02 1.533912820309449657e-02
8.075460971763015125e-03 8.077792703966390694e-03
1.666343217974186261e-02 1.666839678255542176e-02
3.276219973130094915e-02 3.276745123596019188e-02
1.457461345800582612e-02 1.457863417760621970e-02
6.930684969677120000e-02 6.931891228672049099e-02
2.719926221867901336e-03 2.720192885235139715e-03
1.468007899138780784e-02 1.468242574631343014e-02
3.062436783207450695e-03 3.063239893684295122e-03
7.806815539820578798e-02 7.807802236872614376e-02
2.053694392814674891e-02 2.054113887638015293e-02
9.966876414559901112e-04 9.969007179931029059e-04
6.913936825153152443e-02 6.915195561718104345e-02
7.829790401109375242e-02 7.831683653078881646e-02
6.166204731198284862e-03 6.167654550050416518e-03
1.725701962464884845e-02 1.726219129482505638e-02
1.335824208449350181e-01 1.335953607981922864e-01
2.718511569273686715e-02 2.718871442168139738e-02
1.043925141801381462e-01 1.044110721712182555e-01
1.847142294589788347e-01 1.847398907884414687e-01
0.000000000000000000e+00 0.000000000000000000e+00
0.000000000000000000e+00 0.000000000000000000e+00
6.291335766182358340e-03 6.292349271423272779e-03
5.030230514071903219e-02 5.031147743607734119e-02
6.779266096525614349e-02 6.780658093327854297e-02
1.837128798379278685e-02 1.837414765629325972e-02
0.000000000000000000e+00 0.000000000000000000e+00
9.840027957249601956e-03 9.841255239056274917e-03
1.099730890283484412e-02 1.100066310821283359e-02
6.653029344341078455e-02 6.654417471248923188e-02
2.007627954735894036e-05 2.007601865266475912e-05
2.007627954735894036e-05 2.007601865266475912e-05
8.105934385150949731e-03 8.107146439547822589e-03
0.000000000000000000e+00 0.000000000000000000e+00
2.238936260073948539e-02 2.239546250257084745e-02
3.242444374739588547e-02 3.242963195060317300e-02
4.195873657234882453e-02 4.196994481200591598e-02
3.289509648335716546e-02 3.290174352817547970e-02
1.037110285871640537e-02 1.037422117731369615e-02
1.037110285871640537e-02 1.037422117731369615e-02
1.678738910282198682e-01 1.679036220199613128e-01
8.959821588657296276e-02 8.961745048288544124e-02
0.000000000000000000e+00 0.000000000000000000e+00
9.256034853236109377e-04 9.257358911784303260e-04
1.022181609589768725e-02 1.022361681305316086e-02
5.715876436154083279e-03 5.717631380694559139e-03
5.927101041687407590e-02 5.927424326085712486e-02
4.311765951849094031e-02 4.312805882591017742e-02
1.155778503188594486e-01 1.155943386962801633e-01
2.007627954735894036e-05 2.007601865266475912e-05
7.457529912128740834e-02 7.458978985121593464e-02
5.236737745411022826e-02 5.238073570075612445e-02
7.910688715441640748e-03 7.911601194268008674e-03
3.039704147392996089e-03 3.040439322767820533e-03
1.351200435467419907e-02 1.351593562103310317e-02
6.534957796056539356e-03 6.536051662771898314e-03
4.387048346718503550e-02 4.388162536132837049e-02
2.950452507513260172e-02 2.951094008075962061e-02
3.514429394351977626e-02 3.515343180321899713e-02
2.352983874580923812e-02 2.353455996294806507e-02
7.088313378422744782e-02 7.089640471554392587e-02
2.740333667857728500e-02 2.741054188436888375e-02
0.000000000000000000e+00 0.000000000000000000e+00
2.708223939768627554e-03 2.708753373750732996e-03
1.645224450078597257e-03 1.645550638249985379e-03
0.000000000000000000e+00 0.000000000000000000e+00
1.352461279578872355e-01 1.352583535250474756e-01
3.206081033203855846e-02 3.206518629279981464e-02
3.981281010725060132e-02 3.982259731436221112e-02
1.948686537219225245e-01 1.949104437114480004e-01
1.037110285871640537e-02 1.037422117731369615e-02
2.835710647867074191e-02 2.836377764389086398e-02
1.069973197798173258e-02 1.070296566361717688e-02
2.806390433349854885e-02 2.807168137771735850e-02
8.555862172693894790e-03 8.557819249887219787e-03
0.000000000000000000e+00 0.000000000000000000e+00
6.964391778209778894e-02 6.965310031464307106e-02
1.401993895447731188e-03 1.402346533345372702e-03
7.560799409472716837e-02 7.561698848315308308e-02
2.326496224480898919e-02 2.326920999659365732e-02
2.173067999494127794e-02 2.173442598281468546e-02
2.007627954735894036e-05 2.007601865266475912e-05
5.448183403454735438e-03 5.449266666741422842e-03
1.021937123456386279e-02 1.022115186170583813e-02
9.510992899961881464e-02 9.511702505256573736e-02
4.193760162233231559e-02 4.194643673579406817e-02
1.269549357998227962e-02 1.269667461166157536e-02
2.143863782917155777e-02 2.144465396606744928e-02
2.007627954735894036e-05 2.007601865266475912e-05
3.709686112277386233e-02 3.710676258530250238e-02
3.418250736082820151e-02 3.418744369537771166e-02
9.362548781485934002e-02 9.364680974451078388e-02
2.373940445834694588e-02 2.374341484681318643e-02
1.091194318826255588e-01 1.091374041450998977e-01
8.360175864209144769e-02 8.362127779075730072e-02
5.128016131992242654e-02 5.129055683916623060e-02
4.209326962389674937e-02 4.209776831731523034e-02
7.157737023522627029e-02 7.159331020731291018e-02
1.037110285871640537e-02 1.037422117731369615e-02
1.037110285871640537e-02 1.037422117731369615e-02
0.000000000000000000e+00 0.000000000000000000e+00
1.424507254672532225e-02 1.424815234821166787e-02
2.552176738029959466e-02 2.552688386427911030e-02
4.010720270290741435e-02 4.011571589132770232e-02
2.938983731498687538e-02 2.939855537586773260e-02
2.570602386397208630e-02 2.571244808366117060e-02
5.239340964800633799e-02 5.240431072651737660e-02
6.719202651316463770e-02 6.720003559854943742e-02
3.153918440001528961e-02 3.154627461679567618e-02
2.527099934326721420e-01 2.527322287225748920e-01
0.000000000000000000e+00 0.000000000000000000e+00
8.015939597002870454e-02 8.016887025942520673e-02
8.081600741356873008e-02 8.082547631556942502e-02
4.309832289507267017e-02 4.310642233350211322e-02
3.705854694234157753e-02 3.706681194575434796e-02
1.632535018642931011e-03 1.632961683521856134e-03
1.134771422062503740e-02 1.135104587665413528e-02
4.256497176233604851e-02 4.257258648622341823e-02
2.555601994840783417e-02 2.556112967782325426e-02
4.721508629941267854e-02 4.722462666057999220e-02
3.019002809135957338e-02 3.019813172625139888e-02
2.682585346919928448e-01 2.682659826344475640e-01
9.866756634116844284e-05 9.868470043761317604e-05
3.277056548320075868e-02 3.277866631063075520e-02
0.000000000000000000e+00 0.000000000000000000e+00
2.408624671043679485e-02 2.409187346040379471e-02
3.984396114618002360e-02 3.985154670778869035e-02
2.206470157820214495e-02 2.206840456662705410e-02
0.000000000000000000e+00 0.000000000000000000e+00
0.000000000000000000e+00 0.000000000000000000e+00
5.045783952600927519e-02 5.046810370474900248e-02
4.932148824056247632e-03 4.933162143332511275e-03
3.721167939958036630e-02 3.721779672645763454e-02
0.000000000000000000e+00 0.000000000000000000e+00
4.553649338063569326e-04 4.555037503853887060e-04
2.876631977618426469e-02 2.877144244464357320e-02
2.072497140819353281e-02 2.072877657846259811e-02
1.712708567183901173e-02 1.713092758484221004e-02
1.415064260530204121e-01 1.415324684963944479e-01
2.902917748612731524e-02 2.903494534238416219e-02
1.790130475922175335e-01 1.790321095302289667e-01
6.962991374022171887e-02 6.963489145608960096e-02
0.000000000000000000e+00 0.000000000000000000e+00
0.000000000000000000e+00 0.000000000000000000e+00
1.130670120207362579e-02 1.131002504051815093e-02
0.000000000000000000e+00 0.000000000000000000e+00
4.569499807147204412e-02 4.570430900682957015e-02
2.740158854531714663e-02 2.740922758512964394e-02
4.506658008270483101e-02 4.507016314006175722e-02
0.000000000000000000e+00 0.000000000000000000e+00
4.569377843349733265e-02 4.570312924838753482e-02
3.568271665394401326e-02 3.568746852591451330e-02
8.254389576853005117e-02 8.254390833909115710e-02
6.397829422656521603e-02 6.398690651043033306e-02
1.902186773836636591e-01 1.902491847266665204e-01
2.774858824813062957e-04 2.775542092697267705e-04
1.164572995558031399e-01 1.164789587356134248e-01
2.087654823186617381e-03 2.087835195779043709e-03
1.038759183584763574e-02 1.039071746065163560e-02
1.037110285871640537e-02 1.037422117731369615e-02
2.665230666057627831e-02 2.665925562295345594e-02
7.171651778959378578e-04 7.174326584367358506e-04
2.415207615389663651e-02 2.415928934321296545e-02
5.961422841927332051e-07 5.961310468523642398e-07
