9.558823529411764053e-02 7.843137254901960675e-03
3.161764705882352811e-01 0.000000000000000000e+00
1.470588235294117627e-02 3.921568627450980338e-03
7.352941176470588133e-03 0.000000000000000000e+00
0.000000000000000000e+00 0.000000000000000000e+00
1.397058823529411797e-01 0.000000000000000000e+00
5.147058823529411520e-02 3.921568627450980338e-03
9.558823529411764053e-02 3.921568627450980338e-03
0.000000000000000000e+00 3.921568627450980338e-03
2.205882352941176613e-02 0.000000000000000000e+00
1.102941176470588203e-01 0.000000000000000000e+00
3.382352941176470784e-01 6.274509803921568540e-02
3.897058823529411797e-01 3.921568627450980338e-03
1.544117647058823595e-01 1.568627450980392135e-02
7.352941176470588133e-03 0.000000000000000000e+00
2.058823529411764608e-01 3.921568627450980338e-03
1.470588235294117627e-02 3.921568627450980338e-03
8.823529411764706454e-02 3.921568627450980338e-03
2.352941176470588203e-01 2.352941176470588203e-02
1.176470588235294101e-01 1.176470588235294101e-02
1.911764705882352811e-01 1.176470588235294101e-02
1.544117647058823595e-01 7.843137254901960675e-03
7.352941176470588133e-03 0.000000000000000000e+00
8.823529411764706454e-02 3.921568627450980338e-03
6.617647058823529493e-02 3.921568627450980338e-03
2.867647058823529216e-01 0.000000000000000000e+00
0.000000000000000000e+00 0.000000000000000000e+00
2.132352941176470507e-01 2.745098039215686236e-02
2.205882352941176613e-02 7.843137254901960675e-03
0.000000000000000000e+00 3.921568627450980338e-03
1.470588235294117627e-02 3.921568627450980338e-03
4.411764705882353227e-02 0.000000000000000000e+00
5.882352941176470507e-02 3.921568627450980338e-03
0.000000000000000000e+00 0.000000000000000000e+00
7.352941176470588133e-03 0.000000000000000000e+00
0.000000000000000000e+00 0.000000000000000000e+00
6.323529411764705621e-01 7.843137254901960675e-03
4.411764705882353227e-02 0.000000000000000000e+00
6.617647058823529493e-02 3.921568627450980338e-03
2.205882352941176613e-02 3.921568627450980338e-03
0.000000000000000000e+00 0.000000000000000000e+00
2.205882352941176613e-02 0.000000000000000000e+00
3.676470588235294379e-01 1.176470588235294101e-02
7.352941176470588133e-03 0.000000000000000000e+00
0.000000000000000000e+00 0.000000000000000000e+00
0.000000000000000000e+00 0.000000000000000000e+00
1.470588235294117627e-02 0.000000000000000000e+00
6.397058823529411242e-01 0.000000000000000000e+00
6.470588235294117974e-01 0.000000000000000000e+00
1.470588235294117627e-02 7.843137254901960675e-03
0.000000000000000000e+00 0.000000000000000000e+00
0.000000000000000000e+00 0.000000000000000000e+00
1.470588235294117627e-02 3.921568627450980338e-03
7.352941176470588133e-03 0.000000000000000000e+00
1.470588235294117627e-02 0.000000000000000000e+00
0.000000000000000000e+00 0.000000000000000000e+00
1.470588235294117696e-01 1.176470588235294101e-02
1.470588235294117627e-02 0.000000000000000000e+00
1.323529411764705899e-01 0.000000000000000000e+00
5.367647058823529216e-01 0.000000000000000000e+00
8.823529411764706454e-02 0.000000000000000000e+00
5.367647058823529216e-01 3.921568627450980338e-03
7.352941176470588133e-03 3.921568627450980338e-03
1.470588235294117627e-02 0.000000000000000000e+00
0.000000000000000000e+00 0.000000000000000000e+00
6.617647058823529493e-02 0.000000000000000000e+00
2.205882352941176613e-02 1.176470588235294101e-02
2.205882352941176613e-02 3.921568627450980338e-03
2.647058823529411797e-01 3.921568627450980338e-03
0.000000000000000000e+00 0.000000000000000000e+00
3.676470588235294240e-02 7.843137254901960675e-03
1.176470588235294101e-01 0.000000000000000000e+00
0.000000000000000000e+00 0.000000000000000000e+00
7.352941176470588480e-02 3.921568627450980338e-03
0.000000000000000000e+00 0.000000000000000000e+00
1.470588235294117696e-01 2.352941176470588203e-02
2.941176470588235392e-01 0.000000000000000000e+00
1.470588235294117627e-02 3.921568627450980338e-03
2.205882352941176613e-02 3.921568627450980338e-03
3.676470588235294240e-02 0.000000000000000000e+00
0.000000000000000000e+00 0.000000000000000000e+00
7.352941176470588133e-03 0.000000000000000000e+00
2.941176470588235253e-02 0.000000000000000000e+00
7.058823529411765163e-01 0.000000000000000000e+00
2.205882352941176405e-01 3.921568627450980338e-03
4.338235294117647189e-01 1.176470588235294101e-02
2.941176470588235253e-02 0.000000000000000000e+00
4.411764705882353227e-02 0.000000000000000000e+00
0.000000000000000000e+00 0.000000000000000000e+00
0.000000000000000000e+00 0.000000000000000000e+00
0.000000000000000000e+00 0.000000000000000000e+00
0.000000000000000000e+00 0.000000000000000000e+00
2.573529411764705621e-01 7.843137254901960675e-03
1.470588235294117627e-02 0.000000000000000000e+00
1.176470588235294101e-01 7.843137254901960675e-03
2.205882352941176613e-02 3.921568627450980338e-03
1.691176470588235392e-01 2.352941176470588203e-02
7.352941176470588133e-03 0.000000000000000000e+00
1.470588235294117696e-01 1.960784313725490169e-02
5.882352941176470784e-01 0.000000000000000000e+00
9.558823529411764053e-02 9.411764705882352811e-02
7.352941176470588480e-02 0.000000000000000000e+00
3.676470588235294240e-02 3.921568627450980338e-03
2.058823529411764608e-01 0.000000000000000000e+00
4.411764705882353227e-02 0.000000000000000000e+00
0.000000000000000000e+00 0.000000000000000000e+00
0.000000000000000000e+00 3.921568627450980338e-03
7.352941176470588133e-03 0.000000000000000000e+00
7.352941176470588133e-03 7.843137254901960675e-03
9.558823529411764053e-02 2.745098039215686236e-02
0.000000000000000000e+00 0.000000000000000000e+00
0.000000000000000000e+00 2.352941176470588203e-02
2.205882352941176405e-01 0.000000000000000000e+00
1.029411764705882304e-01 0.000000000000000000e+00
2.573529411764705621e-01 0.000000000000000000e+00
7.352941176470588133e-03 0.000000000000000000e+00
2.941176470588235253e-02 7.843137254901960675e-03
2.205882352941176613e-02 0.000000000000000000e+00
7.720588235294117974e-01 3.921568627450980338e-03
0.000000000000000000e+00 0.000000000000000000e+00
4.411764705882353227e-02 0.000000000000000000e+00
4.411764705882353227e-02 3.921568627450980338e-03
2.573529411764705621e-01 4.705882352941176405e-02
1.470588235294117696e-01 1.176470588235294101e-02
1.470588235294117627e-02 0.000000000000000000e+00
0.000000000000000000e+00 0.000000000000000000e+00
3.382352941176470784e-01 0.000000000000000000e+00
1.470588235294117696e-01 7.843137254901960675e-03
6.617647058823529493e-02 0.000000000000000000e+00
7.352941176470588133e-03 0.000000000000000000e+00
2.205882352941176613e-02 0.000000000000000000e+00
1.176470588235294101e-01 7.843137254901960675e-03
1.250000000000000000e-01 3.921568627450980338e-03
2.941176470588235253e-02 0.000000000000000000e+00
1.176470588235294101e-01 3.921568627450980338e-03
7.352941176470588133e-03 0.000000000000000000e+00
2.867647058823529216e-01 1.176470588235294101e-02
1.764705882352941291e-01 0.000000000000000000e+00
3.676470588235294240e-02 0.000000000000000000e+00
0.000000000000000000e+00 0.000000000000000000e+00
2.647058823529411797e-01 0.000000000000000000e+00
7.352941176470588133e-03 0.000000000000000000e+00
1.470588235294117627e-02 0.000000000000000000e+00
2.720588235294117418e-01 3.921568627450980338e-03
3.676470588235294240e-02 3.921568627450980338e-03
5.882352941176470507e-02 3.921568627450980338e-03
4.926470588235294379e-01 1.568627450980392135e-02
3.161764705882352811e-01 0.000000000000000000e+00
7.352941176470588133e-03 0.000000000000000000e+00
0.000000000000000000e+00 3.921568627450980338e-03
2.205882352941176613e-02 7.843137254901960675e-03
0.000000000000000000e+00 0.000000000000000000e+00
2.058823529411764608e-01 1.176470588235294101e-02
4.411764705882353227e-02 0.000000000000000000e+00
4.338235294117647189e-01 1.176470588235294101e-02
8.088235294117647467e-02 3.921568627450980338e-03
4.705882352941176405e-01 1.176470588235294101e-02
7.352941176470588133e-03 3.921568627450980338e-03
1.470588235294117627e-02 0.000000000000000000e+00
1.470588235294117627e-02 0.000000000000000000e+00
7.352941176470588133e-03 0.000000000000000000e+00
0.000000000000000000e+00 0.000000000000000000e+00
7.352941176470588133e-03 0.000000000000000000e+00
6.617647058823529216e-01 3.921568627450980338e-03
0.000000000000000000e+00 7.843137254901960675e-03
1.764705882352941291e-01 1.176470588235294101e-02
1.764705882352941291e-01 0.000000000000000000e+00
5.882352941176470507e-02 0.000000000000000000e+00
7.352941176470588133e-03 0.000000000000000000e+00
1.764705882352941291e-01 3.921568627450980338e-03
1.838235294117647189e-01 3.921568627450980338e-03
6.617647058823529493e-02 1.960784313725490169e-02
7.352941176470588133e-03 0.000000000000000000e+00
0.000000000000000000e+00 0.000000000000000000e+00
0.000000000000000000e+00 0.000000000000000000e+00
0.000000000000000000e+00 3.921568627450980338e-03
1.691176470588235392e-01 7.843137254901960675e-03
2.205882352941176405e-01 1.568627450980392135e-02
3.970588235294117418e-01 7.843137254901960675e-03
5.882352941176470507e-02 0.000000000000000000e+00
1.470588235294117627e-02 0.000000000000000000e+00
2.058823529411764608e-01 3.137254901960784270e-02
4.044117647058823595e-01 7.843137254901960675e-03
0.000000000000000000e+00 3.921568627450980338e-03
3.676470588235294240e-02 3.921568627450980338e-03
2.573529411764705621e-01 0.000000000000000000e+00
0.000000000000000000e+00 3.921568627450980338e-03
0.000000000000000000e+00 0.000000000000000000e+00
7.352941176470588133e-03 0.000000000000000000e+00
0.000000000000000000e+00 0.000000000000000000e+00
3.602941176470588203e-01 7.843137254901960675e-03
1.470588235294117627e-02 0.000000000000000000e+00
3.088235294117647189e-01 1.568627450980392135e-02
8.088235294117647467e-02 0.000000000000000000e+00
2.205882352941176613e-02 0.000000000000000000e+00
1.470588235294117627e-02 0.000000000000000000e+00
0.000000000000000000e+00 0.000000000000000000e+00
0.000000000000000000e+00 0.000000000000000000e+00
8.088235294117647467e-02 3.529411764705882304e-02
2.205882352941176613e-02 3.921568627450980338e-03
0.000000000000000000e+00 0.000000000000000000e+00
9.558823529411764053e-02 1.960784313725490169e-02
7.352941176470588133e-03 0.000000000000000000e+00
2.573529411764705621e-01 0.000000000000000000e+00
2.647058823529411797e-01 0.000000000000000000e+00
3.676470588235294379e-01 0.000000000000000000e+00
3.676470588235294240e-02 0.000000000000000000e+00
3.014705882352941013e-01 0.000000000000000000e+00
7.352941176470588133e-03 7.843137254901960675e-03
1.102941176470588203e-01 0.000000000000000000e+00
7.352941176470588133e-03 0.000000000000000000e+00
0.000000000000000000e+00 0.000000000000000000e+00
7.352941176470588480e-02 0.000000000000000000e+00
2.941176470588235253e-02 0.000000000000000000e+00
1.470588235294117627e-02 0.000000000000000000e+00
0.000000000000000000e+00 0.000000000000000000e+00
4.411764705882353227e-02 0.000000000000000000e+00
3.014705882352941013e-01 3.529411764705882304e-02
1.470588235294117627e-02 0.000000000000000000e+00
1.470588235294117627e-02 0.000000000000000000e+00
8.823529411764706454e-02 0.000000000000000000e+00
1.250000000000000000e-01 0.000000000000000000e+00
8.823529411764706454e-02 3.921568627450980338e-03
0.000000000000000000e+00 3.921568627450980338e-03
2.205882352941176613e-02 0.000000000000000000e+00
4.117647058823529216e-01 3.921568627450980338e-03
1.397058823529411797e-01 0.000000000000000000e+00
4.411764705882353227e-02 0.000000000000000000e+00
0.000000000000000000e+00 0.000000000000000000e+00
0.000000000000000000e+00 0.000000000000000000e+00
5.882352941176470507e-02 0.000000000000000000e+00
6.617647058823529493e-02 0.000000000000000000e+00
1.323529411764705899e-01 9.019607843137254777e-02
5.882352941176470507e-02 0.000000000000000000e+00
8.088235294117647467e-02 0.000000000000000000e+00
8.088235294117647467e-02 0.000000000000000000e+00
5.147058823529411520e-02 0.000000000000000000e+00
2.205882352941176613e-02 0.000000000000000000e+00
5.882352941176470507e-02 3.921568627450980338e-03
5.147058823529411520e-02 0.000000000000000000e+00
5.882352941176470507e-02 3.921568627450980338e-03
7.352941176470588133e-03 0.000000000000000000e+00
2.205882352941176613e-02 0.000000000000000000e+00
1.470588235294117627e-02 0.000000000000000000e+00
2.205882352941176613e-02 0.000000000000000000e+00
7.352941176470588133e-03 7.843137254901960675e-03
8.088235294117647467e-02 0.000000000000000000e+00
0.000000000000000000e+00 0.000000000000000000e+00
4.411764705882353227e-02 1.568627450980392135e-02
1.102941176470588203e-01 0.000000000000000000e+00
2.941176470588235392e-01 0.000000000000000000e+00
0.000000000000000000e+00 0.000000000000000000e+00
2.205882352941176613e-02 0.000000000000000000e+00
4.411764705882353227e-02 1.176470588235294101e-02
0.000000000000000000e+00 3.921568627450980338e-03
2.720588235294117418e-01 0.000000000000000000e+00
0.000000000000000000e+00 3.921568627450980338e-03
3.676470588235294240e-02 0.000000000000000000e+00
7.352941176470588133e-03 0.000000000000000000e+00
2.941176470588235253e-02 0.000000000000000000e+00
1.102941176470588203e-01 3.137254901960784270e-02
3.676470588235294240e-02 0.000000000000000000e+00
5.147058823529411520e-02 3.921568627450980338e-03
3.676470588235294240e-02 0.000000000000000000e+00
7.352941176470588133e-03 0.000000000000000000e+00
1.470588235294117627e-02 0.000000000000000000e+00
4.411764705882353227e-02 0.000000000000000000e+00
7.352941176470588480e-02 0.000000000000000000e+00
1.470588235294117627e-02 1.960784313725490169e-02
3.088235294117647189e-01 3.921568627450980338e-03
2.205882352941176613e-02 3.921568627450980338e-03
1.544117647058823595e-01 0.000000000000000000e+00
8.088235294117647467e-02 0.000000000000000000e+00
1.470588235294117627e-02 7.843137254901960675e-03
1.470588235294117627e-02 0.000000000000000000e+00
0.000000000000000000e+00 0.000000000000000000e+00
1.470588235294117627e-02 0.000000000000000000e+00
1.470588235294117627e-02 0.000000000000000000e+00
4.411764705882353227e-02 7.843137254901960675e-03
7.352941176470588133e-03 0.000000000000000000e+00
0.000000000000000000e+00 0.000000000000000000e+00
9.558823529411764053e-02 3.921568627450980338e-03
1.470588235294117627e-02 0.000000000000000000e+00
8.455882352941176405e-01 0.000000000000000000e+00
7.352941176470588133e-03 0.000000000000000000e+00
2.205882352941176613e-02 0.000000000000000000e+00
0.000000000000000000e+00 0.000000000000000000e+00
4.411764705882353227e-02 0.000000000000000000e+00
0.000000000000000000e+00 7.843137254901960675e-03
2.941176470588235253e-02 0.000000000000000000e+00
1.470588235294117627e-02 0.000000000000000000e+00
6.617647058823529493e-02 0.000000000000000000e+00
2.647058823529411797e-01 2.352941176470588203e-02
9.558823529411764053e-02 3.921568627450980338e-03
2.205882352941176613e-02 0.000000000000000000e+00
7.352941176470588133e-03 0.000000000000000000e+00
3.676470588235294240e-02 3.921568627450980338e-03
7.352941176470588133e-03 0.000000000000000000e+00
1.029411764705882304e-01 0.000000000000000000e+00
3.676470588235294240e-02 0.000000000000000000e+00
4.411764705882353227e-02 0.000000000000000000e+00
8.750000000000000000e-01 4.705882352941176405e-02
7.352941176470588133e-03 3.921568627450980338e-03
2.941176470588235392e-01 0.000000000000000000e+00
5.882352941176470507e-02 3.529411764705882304e-02
5.147058823529411520e-02 0.000000000000000000e+00
0.000000000000000000e+00 0.000000000000000000e+00
1.617647058823529493e-01 3.921568627450980338e-03
2.426470588235294101e-01 2.352941176470588203e-02
7.352941176470588480e-02 3.921568627450980338e-03
0.000000000000000000e+00 0.000000000000000000e+00
2.573529411764705621e-01 3.921568627450980338e-03
7.352941176470588133e-03 0.000000000000000000e+00
7.352941176470588133e-03 0.000000000000000000e+00
1.764705882352941291e-01 0.000000000000000000e+00
7.352941176470588133e-03 0.000000000000000000e+00
0.000000000000000000e+00 0.000000000000000000e+00
4.411764705882353227e-02 3.921568627450980338e-03
2.205882352941176613e-02 5.098039215686274439e-02
0.000000000000000000e+00 0.000000000000000000e+00
0.000000000000000000e+00 0.000000000000000000e+00
1.102941176470588203e-01 0.000000000000000000e+00
2.647058823529411797e-01 0.000000000000000000e+00
0.000000000000000000e+00 0.000000000000000000e+00
7.352941176470588133e-03 3.921568627450980338e-03
3.676470588235294240e-02 3.921568627450980338e-03
5.882352941176470507e-02 0.000000000000000000e+00
5.294117647058823595e-01 3.921568627450980338e-03
1.470588235294117696e-01 1.568627450980392135e-02
2.205882352941176613e-02 0.000000000000000000e+00
2.941176470588235253e-02 0.000000000000000000e+00
3.676470588235294240e-02 0.000000000000000000e+00
5.147058823529411520e-02 3.921568627450980338e-03
7.352941176470588133e-03 0.000000000000000000e+00
1.470588235294117627e-02 0.000000000000000000e+00
6.617647058823529493e-02 0.000000000000000000e+00
4.411764705882353227e-02 3.921568627450980338e-03
0.000000000000000000e+00 0.000000000000000000e+00
2.500000000000000000e-01 7.843137254901960675e-03
6.617647058823529493e-02 3.921568627450980338e-03
3.161764705882352811e-01 7.843137254901960675e-03
1.764705882352941291e-01 0.000000000000000000e+00
7.352941176470588133e-03 0.000000000000000000e+00
3.676470588235294240e-02 2.745098039215686236e-02
1.470588235294117627e-02 3.921568627450980338e-03
2.941176470588235253e-02 3.921568627450980338e-03
1.250000000000000000e-01 0.000000000000000000e+00
0.000000000000000000e+00 0.000000000000000000e+00
0.000000000000000000e+00 0.000000000000000000e+00
1.176470588235294101e-01 0.000000000000000000e+00
7.352941176470588133e-03 0.000000000000000000e+00
2.205882352941176613e-02 0.000000000000000000e+00
4.411764705882353227e-02 0.000000000000000000e+00
1.911764705882352811e-01 3.921568627450980338e-03
7.352941176470588133e-03 0.000000000000000000e+00
8.088235294117647467e-02 0.000000000000000000e+00
2.205882352941176613e-02 3.921568627450980338e-03
5.147058823529411520e-02 7.843137254901960675e-03
1.000000000000000000e+00 1.568627450980392135e-02
4.852941176470588203e-01 0.000000000000000000e+00
1.323529411764705899e-01 7.843137254901960675e-03
0.000000000000000000e+00 0.000000000000000000e+00
1.764705882352941291e-01 0.000000000000000000e+00
2.205882352941176613e-02 0.000000000000000000e+00
3.750000000000000000e-01 1.176470588235294101e-02
4.632352941176470784e-01 2.745098039215686236e-02
4.338235294117647189e-01 1.568627450980392135e-02
2.205882352941176613e-02 0.000000000000000000e+00
0.000000000000000000e+00 0.000000000000000000e+00
2.205882352941176405e-01 7.843137254901960675e-03
0.000000000000000000e+00 3.921568627450980338e-03
8.823529411764706454e-02 0.000000000000000000e+00
2.279411764705882304e-01 9.411764705882352811e-02
1.838235294117647189e-01 3.137254901960784270e-02
1.544117647058823595e-01 1.176470588235294101e-02
1.544117647058823595e-01 0.000000000000000000e+00
5.147058823529411520e-02 1.176470588235294101e-02
2.058823529411764608e-01 7.843137254901960675e-03
7.352941176470588133e-03 0.000000000000000000e+00
0.000000000000000000e+00 0.000000000000000000e+00
3.455882352941176405e-01 0.000000000000000000e+00
3.676470588235294240e-02 5.882352941176470507e-02
7.352941176470588133e-03 0.000000000000000000e+00
5.955882352941176405e-01 3.921568627450980338e-03
3.455882352941176405e-01 3.921568627450980338e-03
2.205882352941176613e-02 0.000000000000000000e+00
2.352941176470588203e-01 7.843137254901960675e-03
2.205882352941176613e-02 0.000000000000000000e+00
0.000000000000000000e+00 0.000000000000000000e+00
8.823529411764706454e-02 3.921568627450980338e-03
2.941176470588235253e-02 1.176470588235294101e-02
0.000000000000000000e+00 3.921568627450980338e-03
1.985294117647058709e-01 1.176470588235294101e-02
7.352941176470588133e-03 0.000000000000000000e+00
1.029411764705882304e-01 0.000000000000000000e+00
3.676470588235294240e-02 3.921568627450980338e-03
2.205882352941176613e-02 3.921568627450980338e-03
7.352941176470588133e-03 0.000000000000000000e+00
7.352941176470588133e-03 7.843137254901960675e-03
3.382352941176470784e-01 3.921568627450980338e-03
0.000000000000000000e+00 3.921568627450980338e-03
5.882352941176470507e-02 0.000000000000000000e+00
9.338235294117647189e-01 1.568627450980392135e-02
0.000000000000000000e+00 0.000000000000000000e+00
0.000000000000000000e+00 0.000000000000000000e+00
9.558823529411764053e-02 7.058823529411764608e-02
7.352941176470588133e-03 0.000000000000000000e+00
2.941176470588235253e-02 0.000000000000000000e+00
7.352941176470588133e-03 1.176470588235294101e-02
2.205882352941176613e-02 7.843137254901960675e-03
2.941176470588235253e-02 0.000000000000000000e+00
0.000000000000000000e+00 0.000000000000000000e+00
7.647058823529411242e-01 1.960784313725490169e-02
5.147058823529411520e-02 0.000000000000000000e+00
1.470588235294117627e-02 3.921568627450980338e-03
0.000000000000000000e+00 0.000000000000000000e+00
5.882352941176470507e-02 0.000000000000000000e+00
7.352941176470588133e-03 0.000000000000000000e+00
2.132352941176470507e-01 1.176470588235294101e-02
2.426470588235294101e-01 0.000000000000000000e+00
1.470588235294117627e-02 0.000000000000000000e+00
3.676470588235294240e-02 3.921568627450980338e-03
1.029411764705882304e-01 3.921568627450980338e-02
2.205882352941176613e-02 0.000000000000000000e+00
2.205882352941176613e-02 0.000000000000000000e+00
0.000000000000000000e+00 0.000000000000000000e+00
7.352941176470588133e-03 0.000000000000000000e+00
1.470588235294117627e-02 3.921568627450980338e-03
2.941176470588235392e-01 1.960784313725490169e-02
0.000000000000000000e+00 0.000000000000000000e+00
1.470588235294117627e-02 0.000000000000000000e+00
2.941176470588235253e-02 0.000000000000000000e+00
7.352941176470588133e-03 0.000000000000000000e+00
2.205882352941176613e-02 0.000000000000000000e+00
7.352941176470588133e-03 0.000000000000000000e+00
4.411764705882353227e-02 0.000000000000000000e+00
2.426470588235294101e-01 0.000000000000000000e+00
2.867647058823529216e-01 3.921568627450980338e-02
2.426470588235294101e-01 7.843137254901960675e-03
2.941176470588235392e-01 1.176470588235294101e-02
7.352941176470588480e-02 7.843137254901960675e-03
8.088235294117647467e-02 3.921568627450980338e-03
2.205882352941176613e-02 0.000000000000000000e+00
3.602941176470588203e-01 3.921568627450980338e-03
1.250000000000000000e-01 7.843137254901960675e-03
5.808823529411765163e-01 1.568627450980392135e-02
3.602941176470588203e-01 7.843137254901960675e-03
2.941176470588235253e-02 0.000000000000000000e+00
2.132352941176470507e-01 0.000000000000000000e+00
4.117647058823529216e-01 1.960784313725490169e-02
8.823529411764706454e-02 1.176470588235294101e-02
6.617647058823529493e-02 0.000000000000000000e+00
2.205882352941176613e-02 0.000000000000000000e+00
1.470588235294117696e-01 3.921568627450980338e-03
2.941176470588235253e-02 0.000000000000000000e+00
8.088235294117647467e-02 3.921568627450980338e-03
7.352941176470588133e-03 0.000000000000000000e+00
4.191176470588235392e-01 7.843137254901960675e-03
7.352941176470588480e-02 1.176470588235294101e-02
7.352941176470588133e-03 0.000000000000000000e+00
1.911764705882352811e-01 3.921568627450980338e-03
8.088235294117647467e-02 0.000000000000000000e+00
7.352941176470588480e-02 0.000000000000000000e+00
0.000000000000000000e+00 0.000000000000000000e+00
1.838235294117647189e-01 1.176470588235294101e-02
2.205882352941176613e-02 3.921568627450980338e-03
2.941176470588235253e-02 0.000000000000000000e+00
2.941176470588235253e-02 2.745098039215686236e-02
1.470588235294117627e-02 0.000000000000000000e+00
7.352941176470588480e-02 5.490196078431372473e-02
0.000000000000000000e+00 3.921568627450980338e-03
5.735294117647058432e-01 7.843137254901960675e-03
5.147058823529411520e-02 3.921568627450980338e-03
0.000000000000000000e+00 0.000000000000000000e+00
1.176470588235294101e-01 3.137254901960784270e-02
5.220588235294117974e-01 0.000000000000000000e+00
2.941176470588235253e-02 0.000000000000000000e+00
2.941176470588235253e-02 3.921568627450980338e-03
4.485294117647058987e-01 4.313725490196078372e-02
7.352941176470588133e-03 0.000000000000000000e+00
8.088235294117647467e-02 0.000000000000000000e+00
6.838235294117647189e-01 3.921568627450980338e-03
7.352941176470588480e-02 1.568627450980392135e-02
2.720588235294117418e-01 7.843137254901960675e-03
0.000000000000000000e+00 0.000000000000000000e+00
2.205882352941176613e-02 0.000000000000000000e+00
1.029411764705882304e-01 0.000000000000000000e+00
0.000000000000000000e+00 3.921568627450980338e-03
1.470588235294117627e-02 0.000000000000000000e+00
7.352941176470588480e-02 0.000000000000000000e+00
7.352941176470588133e-03 0.000000000000000000e+00
1.838235294117647189e-01 3.921568627450980338e-02
0.000000000000000000e+00 0.000000000000000000e+00
8.823529411764706454e-02 3.921568627450980338e-03
4.411764705882353227e-02 0.000000000000000000e+00
5.147058823529411520e-02 0.000000000000000000e+00
1.029411764705882304e-01 0.000000000000000000e+00
8.823529411764706454e-02 7.843137254901960675e-03
1.029411764705882304e-01 2.745098039215686236e-02
0.000000000000000000e+00 7.843137254901960675e-03
5.661764705882352811e-01 1.960784313725490169e-02
1.323529411764705899e-01 0.000000000000000000e+00
2.941176470588235253e-02 0.000000000000000000e+00
2.132352941176470507e-01 1.176470588235294101e-02
5.882352941176470507e-02 0.000000000000000000e+00
2.941176470588235253e-02 0.000000000000000000e+00
8.088235294117647467e-02 0.000000000000000000e+00
0.000000000000000000e+00 0.000000000000000000e+00
1.102941176470588203e-01 0.000000000000000000e+00
1.470588235294117627e-02 0.000000000000000000e+00
0.000000000000000000e+00 0.000000000000000000e+00
0.000000000000000000e+00 0.000000000000000000e+00
2.205882352941176613e-02 3.921568627450980338e-03
1.397058823529411797e-01 3.921568627450980338e-03
1.985294117647058709e-01 0.000000000000000000e+00
8.823529411764706454e-02 0.000000000000000000e+00
2.941176470588235253e-02 3.921568627450980338e-03
3.676470588235294379e-01 0.000000000000000000e+00
0.000000000000000000e+00 0.000000000000000000e+00
4.411764705882353227e-02 0.000000000000000000e+00
3.676470588235294240e-02 0.000000000000000000e+00
2.794117647058823595e-01 4.313725490196078372e-02
7.352941176470588133e-03 0.000000000000000000e+00
1.470588235294117627e-02 0.000000000000000000e+00
7.352941176470588133e-03 0.000000000000000000e+00
3.823529411764705621e-01 1.568627450980392135e-02
3.382352941176470784e-01 6.274509803921568540e-02
2.941176470588235253e-02 0.000000000000000000e+00
7.352941176470588133e-03 7.843137254901960675e-03
1.470588235294117627e-02 0.000000000000000000e+00
6.617647058823529493e-02 0.000000000000000000e+00
0.000000000000000000e+00 0.000000000000000000e+00
4.411764705882353227e-02 0.000000000000000000e+00
1.470588235294117627e-02 0.000000000000000000e+00
5.147058823529411520e-02 3.921568627450980338e-03
0.000000000000000000e+00 0.000000000000000000e+00
1.470588235294117627e-02 0.000000000000000000e+00
2.647058823529411797e-01 7.843137254901960675e-03
7.352941176470588133e-03 0.000000000000000000e+00
0.000000000000000000e+00 0.000000000000000000e+00
5.882352941176470507e-02 3.921568627450980338e-03
4.411764705882353227e-02 0.000000000000000000e+00
1.176470588235294101e-01 0.000000000000000000e+00
7.352941176470588133e-03 0.000000000000000000e+00
4.558823529411764608e-01 0.000000000000000000e+00
0.000000000000000000e+00 0.000000000000000000e+00
7.352941176470588133e-03 0.000000000000000000e+00
1.176470588235294101e-01 0.000000000000000000e+00
1.985294117647058709e-01 0.000000000000000000e+00
1.470588235294117627e-02 0.000000000000000000e+00
7.352941176470588133e-03 0.000000000000000000e+00
2.941176470588235253e-02 0.000000000000000000e+00
2.205882352941176613e-02 3.921568627450980338e-03
1.397058823529411797e-01 7.843137254901960675e-03
3.676470588235294240e-02 7.843137254901960675e-03
2.941176470588235253e-02 0.000000000000000000e+00
8.088235294117647467e-02 0.000000000000000000e+00
3.676470588235294240e-02 0.000000000000000000e+00
7.352941176470588133e-03 0.000000000000000000e+00
0.000000000000000000e+00 0.000000000000000000e+00
0.000000000000000000e+00 0.000000000000000000e+00
0.000000000000000000e+00 3.921568627450980338e-03
3.676470588235294240e-02 3.921568627450980338e-03
2.205882352941176613e-02 0.000000000000000000e+00
7.352941176470588480e-02 7.843137254901960675e-03
3.088235294117647189e-01 0.000000000000000000e+00
1.544117647058823595e-01 1.960784313725490169e-02
2.941176470588235392e-01 5.882352941176470507e-02
3.676470588235294240e-02 0.000000000000000000e+00
4.411764705882353227e-02 3.921568627450980338e-03
1.470588235294117627e-02 0.000000000000000000e+00
8.088235294117647467e-02 0.000000000000000000e+00
1.691176470588235392e-01 0.000000000000000000e+00
1.764705882352941291e-01 2.352941176470588203e-02
0.000000000000000000e+00 0.000000000000000000e+00
4.411764705882353227e-02 0.000000000000000000e+00
7.352941176470588133e-03 0.000000000000000000e+00
7.352941176470588480e-02 2.745098039215686236e-02
1.617647058823529493e-01 3.921568627450980338e-03
0.000000000000000000e+00 3.921568627450980338e-03
7.352941176470588133e-03 0.000000000000000000e+00
9.558823529411764053e-02 0.000000000000000000e+00
2.941176470588235253e-02 3.921568627450980338e-03
4.632352941176470784e-01 2.352941176470588203e-02
2.794117647058823595e-01 7.843137254901960675e-03
9.558823529411764053e-02 0.000000000000000000e+00
7.352941176470588133e-03 0.000000000000000000e+00
0.000000000000000000e+00 0.000000000000000000e+00
0.000000000000000000e+00 1.960784313725490169e-02
0.000000000000000000e+00 7.843137254901960675e-03
2.941176470588235253e-02 2.666666666666666630e-01
0.000000000000000000e+00 2.745098039215686236e-02
2.941176470588235253e-02 3.921568627450980338e-02
1.029411764705882304e-01 2.352941176470588203e-01
0.000000000000000000e+00 1.568627450980392135e-02
0.000000000000000000e+00 4.705882352941176405e-02
0.000000000000000000e+00 4.313725490196078372e-02
0.000000000000000000e+00 7.843137254901960675e-03
0.000000000000000000e+00 9.019607843137254777e-02
4.411764705882353227e-02 2.156862745098039325e-01
0.000000000000000000e+00 1.568627450980392135e-02
1.470588235294117627e-02 2.627450980392156965e-01
0.000000000000000000e+00 3.921568627450980338e-03
7.352941176470588133e-03 1.686274509803921684e-01
7.352941176470588133e-03 1.294117647058823650e-01
0.000000000000000000e+00 0.000000000000000000e+00
0.000000000000000000e+00 0.000000000000000000e+00
5.147058823529411520e-02 2.470588235294117752e-01
7.352941176470588133e-03 2.745098039215686236e-02
0.000000000000000000e+00 1.960784313725490169e-02
0.000000000000000000e+00 2.745098039215686236e-02
1.470588235294117627e-02 1.098039215686274495e-01
6.617647058823529493e-02 8.235294117647058709e-02
0.000000000000000000e+00 1.176470588235294101e-02
7.352941176470588133e-03 3.921568627450980338e-02
0.000000000000000000e+00 7.843137254901960675e-03
3.676470588235294240e-02 1.450980392156862864e-01
0.000000000000000000e+00 0.000000000000000000e+00
0.000000000000000000e+00 4.313725490196078372e-02
7.352941176470588133e-03 3.921568627450980338e-03
0.000000000000000000e+00 0.000000000000000000e+00
0.000000000000000000e+00 0.000000000000000000e+00
0.000000000000000000e+00 0.000000000000000000e+00
1.470588235294117627e-02 4.313725490196078372e-02
0.000000000000000000e+00 7.843137254901960675e-03
0.000000000000000000e+00 3.137254901960784270e-02
0.000000000000000000e+00 7.843137254901960675e-03
7.352941176470588133e-03 2.745098039215686236e-02
7.352941176470588133e-03 1.058823529411764691e-01
2.205882352941176613e-02 1.176470588235294101e-01
1.470588235294117627e-02 1.960784313725490169e-02
8.823529411764706454e-02 3.921568627450980338e-03
0.000000000000000000e+00 3.921568627450980338e-03
0.000000000000000000e+00 2.745098039215686236e-02
0.000000000000000000e+00 3.921568627450980338e-03
7.352941176470588133e-03 9.019607843137254777e-02
0.000000000000000000e+00 5.490196078431372473e-02
7.352941176470588133e-03 7.058823529411764608e-02
7.352941176470588133e-03 1.882352941176470562e-01
0.000000000000000000e+00 3.137254901960784270e-02
1.250000000000000000e-01 1.411764705882352922e-01
0.000000000000000000e+00 0.000000000000000000e+00
0.000000000000000000e+00 7.843137254901960675e-03
0.000000000000000000e+00 3.921568627450980338e-03
7.352941176470588133e-03 3.529411764705882304e-02
7.352941176470588133e-03 6.274509803921568540e-02
5.147058823529411520e-02 1.843137254901960898e-01
0.000000000000000000e+00 0.000000000000000000e+00
7.352941176470588133e-03 1.019607843137254888e-01
0.000000000000000000e+00 1.176470588235294101e-02
7.352941176470588133e-03 2.745098039215686236e-02
2.941176470588235253e-02 4.313725490196078372e-02
7.352941176470588133e-03 2.352941176470588203e-02
0.000000000000000000e+00 1.568627450980392135e-02
0.000000000000000000e+00 3.921568627450980338e-03
0.000000000000000000e+00 0.000000000000000000e+00
2.205882352941176613e-02 1.764705882352941291e-01
4.411764705882353227e-02 1.960784313725490169e-02
7.352941176470588133e-03 7.450980392156862642e-02
3.676470588235294240e-02 5.098039215686274439e-02
0.000000000000000000e+00 6.666666666666666574e-02
7.352941176470588133e-03 7.843137254901960675e-03
0.000000000000000000e+00 1.176470588235294101e-02
0.000000000000000000e+00 2.352941176470588203e-02
0.000000000000000000e+00 1.098039215686274495e-01
0.000000000000000000e+00 3.921568627450980338e-03
0.000000000000000000e+00 3.529411764705882304e-02
0.000000000000000000e+00 0.000000000000000000e+00
0.000000000000000000e+00 0.000000000000000000e+00
0.000000000000000000e+00 1.176470588235294101e-02
1.470588235294117627e-02 1.960784313725490169e-01
1.470588235294117627e-02 1.607843137254902077e-01
0.000000000000000000e+00 7.843137254901960675e-03
7.352941176470588133e-03 1.000000000000000000e+00
9.558823529411764053e-02 2.784313725490196179e-01
2.205882352941176613e-02 6.274509803921568540e-02
0.000000000000000000e+00 3.921568627450980338e-03
0.000000000000000000e+00 2.352941176470588203e-02
1.470588235294117627e-02 6.666666666666666574e-02
4.411764705882353227e-02 7.843137254901960675e-03
0.000000000000000000e+00 3.921568627450980338e-03
0.000000000000000000e+00 3.921568627450980338e-03
0.000000000000000000e+00 3.137254901960784270e-02
1.470588235294117627e-02 7.058823529411764608e-02
0.000000000000000000e+00 0.000000000000000000e+00
0.000000000000000000e+00 0.000000000000000000e+00
0.000000000000000000e+00 1.568627450980392135e-02
0.000000000000000000e+00 0.000000000000000000e+00
0.000000000000000000e+00 0.000000000000000000e+00
0.000000000000000000e+00 4.705882352941176405e-02
0.000000000000000000e+00 4.313725490196078372e-02
0.000000000000000000e+00 1.960784313725490169e-02
0.000000000000000000e+00 1.568627450980392135e-02
1.470588235294117627e-02 5.490196078431372473e-02
2.941176470588235253e-02 1.960784313725490169e-02
7.352941176470588480e-02 4.431372549019607643e-01
0.000000000000000000e+00 3.137254901960784270e-02
0.000000000000000000e+00 4.313725490196078372e-02
7.352941176470588133e-03 1.960784313725490169e-02
0.000000000000000000e+00 3.921568627450980338e-03
2.205882352941176613e-02 3.921568627450980338e-02
7.352941176470588480e-02 1.137254901960784298e-01
1.470588235294117627e-02 7.843137254901960675e-03
0.000000000000000000e+00 0.000000000000000000e+00
0.000000000000000000e+00 0.000000000000000000e+00
0.000000000000000000e+00 3.921568627450980338e-03
7.352941176470588133e-03 1.568627450980392135e-02
2.205882352941176613e-02 2.117647058823529382e-01
7.352941176470588133e-03 3.137254901960784270e-02
0.000000000000000000e+00 7.843137254901960675e-03
2.205882352941176613e-02 9.019607843137254777e-02
7.352941176470588133e-03 7.843137254901960675e-03
0.000000000000000000e+00 3.921568627450980338e-02
0.000000000000000000e+00 3.921568627450980338e-03
0.000000000000000000e+00 2.745098039215686236e-02
3.676470588235294240e-02 3.215686274509804154e-01
0.000000000000000000e+00 3.921568627450980338e-02
0.000000000000000000e+00 7.843137254901960675e-03
0.000000000000000000e+00 5.098039215686274439e-02
7.352941176470588133e-03 1.137254901960784298e-01
0.000000000000000000e+00 3.921568627450980338e-03
1.470588235294117627e-02 1.450980392156862864e-01
0.000000000000000000e+00 0.000000000000000000e+00
2.205882352941176613e-02 3.921568627450980338e-03
0.000000000000000000e+00 3.921568627450980338e-03
0.000000000000000000e+00 0.000000000000000000e+00
0.000000000000000000e+00 1.568627450980392135e-02
0.000000000000000000e+00 1.568627450980392135e-02
0.000000000000000000e+00 7.843137254901960675e-02
1.470588235294117627e-02 4.705882352941176405e-02
0.000000000000000000e+00 1.215686274509803905e-01
0.000000000000000000e+00 1.176470588235294101e-02
0.000000000000000000e+00 1.137254901960784298e-01
1.470588235294117627e-02 1.215686274509803905e-01
0.000000000000000000e+00 1.960784313725490169e-02
0.000000000000000000e+00 3.921568627450980338e-03
7.352941176470588480e-02 1.686274509803921684e-01
0.000000000000000000e+00 0.000000000000000000e+00
0.000000000000000000e+00 5.490196078431372473e-02
0.000000000000000000e+00 7.843137254901960675e-03
0.000000000000000000e+00 1.960784313725490169e-02
7.352941176470588133e-03 1.960784313725490169e-02
2.205882352941176613e-02 1.372549019607843257e-01
1.102941176470588203e-01 3.176470588235293935e-01
6.617647058823529493e-02 6.666666666666666574e-02
0.000000000000000000e+00 6.666666666666666574e-02
7.352941176470588133e-03 4.705882352941176405e-02
0.000000000000000000e+00 0.000000000000000000e+00
7.352941176470588133e-03 6.274509803921568540e-02
7.352941176470588133e-03 2.745098039215686236e-02
0.000000000000000000e+00 5.882352941176470507e-02
5.882352941176470507e-02 1.254901960784313708e-01
0.000000000000000000e+00 2.745098039215686236e-02
0.000000000000000000e+00 0.000000000000000000e+00
0.000000000000000000e+00 4.313725490196078372e-02
7.352941176470588133e-03 6.666666666666666574e-02
0.000000000000000000e+00 0.000000000000000000e+00
1.470588235294117627e-02 6.274509803921568540e-02
0.000000000000000000e+00 1.176470588235294101e-02
0.000000000000000000e+00 1.960784313725490169e-02
1.470588235294117627e-02 2.666666666666666630e-01
0.000000000000000000e+00 0.000000000000000000e+00
0.000000000000000000e+00 2.352941176470588203e-02
3.676470588235294240e-02 2.549019607843137081e-01
0.000000000000000000e+00 3.921568627450980338e-03
0.000000000000000000e+00 3.921568627450980338e-02
0.000000000000000000e+00 7.843137254901960675e-03
7.352941176470588133e-03 2.352941176470588203e-02
0.000000000000000000e+00 1.176470588235294101e-02
7.352941176470588133e-03 1.568627450980392135e-02
0.000000000000000000e+00 1.176470588235294101e-02
0.000000000000000000e+00 2.745098039215686236e-02
7.352941176470588133e-03 2.078431372549019718e-01
4.411764705882353227e-02 7.058823529411764608e-02
2.941176470588235253e-02 3.137254901960784270e-02
7.352941176470588133e-03 7.843137254901960675e-03
0.000000000000000000e+00 2.352941176470588203e-02
1.470588235294117627e-02 1.411764705882352922e-01
7.352941176470588133e-03 3.137254901960784270e-02
1.470588235294117627e-02 5.882352941176470507e-02
7.352941176470588133e-03 2.352941176470588203e-02
0.000000000000000000e+00 4.313725490196078372e-02
0.000000000000000000e+00 0.000000000000000000e+00
0.000000000000000000e+00 0.000000000000000000e+00
7.352941176470588133e-03 3.529411764705882582e-01
1.470588235294117627e-02 1.764705882352941291e-01
0.000000000000000000e+00 5.490196078431372473e-02
0.000000000000000000e+00 0.000000000000000000e+00
0.000000000000000000e+00 7.843137254901960675e-03
0.000000000000000000e+00 0.000000000000000000e+00
0.000000000000000000e+00 3.921568627450980338e-02
0.000000000000000000e+00 2.352941176470588203e-02
0.000000000000000000e+00 0.000000000000000000e+00
0.000000000000000000e+00 7.843137254901960675e-03
0.000000000000000000e+00 3.137254901960784270e-02
1.470588235294117627e-02 9.803921568627450844e-02
0.000000000000000000e+00 2.352941176470588203e-02
0.000000000000000000e+00 1.960784313725490169e-02
0.000000000000000000e+00 0.000000000000000000e+00
7.352941176470588133e-03 8.627450980392156743e-02
1.470588235294117627e-02 4.235294117647058765e-01
7.352941176470588133e-03 1.960784313725490169e-02
1.470588235294117627e-02 4.705882352941176405e-02
3.676470588235294240e-02 8.627450980392156743e-02
0.000000000000000000e+00 0.000000000000000000e+00
0.000000000000000000e+00 7.843137254901960675e-03
7.352941176470588133e-03 6.666666666666666574e-02
0.000000000000000000e+00 1.960784313725490169e-02
0.000000000000000000e+00 8.235294117647058709e-02
0.000000000000000000e+00 7.058823529411764608e-02
0.000000000000000000e+00 3.921568627450980338e-02
0.000000000000000000e+00 3.921568627450980338e-03
0.000000000000000000e+00 7.058823529411764608e-02
0.000000000000000000e+00 0.000000000000000000e+00
0.000000000000000000e+00 3.921568627450980338e-03
0.000000000000000000e+00 0.000000000000000000e+00
0.000000000000000000e+00 6.274509803921568540e-02
1.470588235294117627e-02 1.176470588235294101e-02
0.000000000000000000e+00 7.843137254901960675e-03
0.000000000000000000e+00 6.274509803921568540e-02
0.000000000000000000e+00 7.843137254901960675e-03
7.352941176470588133e-03 2.745098039215686236e-02
7.352941176470588133e-03 5.882352941176470507e-02
0.000000000000000000e+00 0.000000000000000000e+00
0.000000000000000000e+00 0.000000000000000000e+00
1.470588235294117627e-02 1.058823529411764691e-01
0.000000000000000000e+00 0.000000000000000000e+00
0.000000000000000000e+00 8.235294117647058709e-02
2.205882352941176613e-02 1.490196078431372528e-01
7.352941176470588133e-03 4.705882352941176405e-02
0.000000000000000000e+00 9.803921568627450844e-02
3.676470588235294240e-02 2.470588235294117752e-01
0.000000000000000000e+00 0.000000000000000000e+00
7.352941176470588133e-03 2.352941176470588203e-02
0.000000000000000000e+00 4.313725490196078372e-02
0.000000000000000000e+00 0.000000000000000000e+00
3.676470588235294240e-02 1.647058823529411742e-01
3.676470588235294240e-02 1.490196078431372528e-01
2.205882352941176613e-02 3.137254901960784270e-02
1.691176470588235392e-01 2.470588235294117752e-01
7.352941176470588133e-03 9.803921568627450844e-02
0.000000000000000000e+00 1.137254901960784298e-01
2.941176470588235253e-02 1.529411764705882470e-01
2.205882352941176613e-02 9.803921568627450844e-02
0.000000000000000000e+00 3.137254901960784270e-02
0.000000000000000000e+00 2.745098039215686236e-02
7.352941176470588133e-03 3.921568627450980338e-03
7.352941176470588133e-03 1.254901960784313708e-01
0.000000000000000000e+00 4.705882352941176405e-02
7.352941176470588480e-02 1.176470588235294101e-01
0.000000000000000000e+00 0.000000000000000000e+00
2.205882352941176613e-02 8.627450980392156743e-02
0.000000000000000000e+00 0.000000000000000000e+00
0.000000000000000000e+00 1.176470588235294101e-02
0.000000000000000000e+00 1.176470588235294101e-02
0.000000000000000000e+00 7.843137254901960675e-03
7.352941176470588133e-03 3.921568627450980338e-03
0.000000000000000000e+00 3.137254901960784270e-02
2.205882352941176613e-02 3.921568627450980338e-03
0.000000000000000000e+00 0.000000000000000000e+00
0.000000000000000000e+00 3.921568627450980338e-02
0.000000000000000000e+00 1.960784313725490169e-02
0.000000000000000000e+00 7.843137254901960675e-03
0.000000000000000000e+00 3.921568627450980338e-03
0.000000000000000000e+00 1.176470588235294101e-02
7.352941176470588133e-03 8.235294117647058709e-02
7.352941176470588133e-03 4.705882352941176405e-02
0.000000000000000000e+00 3.921568627450980338e-02
0.000000000000000000e+00 7.843137254901960675e-03
2.205882352941176613e-02 2.745098039215686236e-02
0.000000000000000000e+00 0.000000000000000000e+00
0.000000000000000000e+00 7.843137254901960675e-03
0.000000000000000000e+00 1.019607843137254888e-01
0.000000000000000000e+00 0.000000000000000000e+00
0.000000000000000000e+00 7.843137254901960675e-03
0.000000000000000000e+00 1.019607843137254888e-01
0.000000000000000000e+00 8.235294117647058709e-02
0.000000000000000000e+00 2.352941176470588203e-02
0.000000000000000000e+00 1.176470588235294101e-02
7.352941176470588133e-03 7.058823529411764608e-02
0.000000000000000000e+00 0.000000000000000000e+00
0.000000000000000000e+00 0.000000000000000000e+00
0.000000000000000000e+00 0.000000000000000000e+00
3.676470588235294240e-02 4.235294117647058765e-01
0.000000000000000000e+00 3.921568627450980338e-03
1.470588235294117627e-02 1.843137254901960898e-01
1.470588235294117627e-02 1.490196078431372528e-01
0.000000000000000000e+00 1.960784313725490169e-02
0.000000000000000000e+00 5.882352941176470507e-02
1.470588235294117627e-02 2.274509803921568596e-01
4.411764705882353227e-02 3.137254901960784270e-02
2.941176470588235253e-02 9.019607843137254777e-02
1.470588235294117627e-02 9.019607843137254777e-02
0.000000000000000000e+00 7.843137254901960675e-03
0.000000000000000000e+00 7.843137254901960675e-02
0.000000000000000000e+00 1.176470588235294101e-02
9.558823529411764053e-02 5.098039215686274439e-02
0.000000000000000000e+00 7.843137254901960675e-03
7.352941176470588133e-03 1.176470588235294101e-02
0.000000000000000000e+00 0.000000000000000000e+00
0.000000000000000000e+00 1.960784313725490169e-02
0.000000000000000000e+00 1.176470588235294101e-02
2.205882352941176613e-02 1.568627450980392135e-01
0.000000000000000000e+00 5.490196078431372473e-02
0.000000000000000000e+00 1.960784313725490169e-02
7.352941176470588133e-03 4.313725490196078372e-02
0.000000000000000000e+00 7.843137254901960675e-03
0.000000000000000000e+00 6.274509803921568540e-02
4.852941176470588203e-01 3.921568627450980338e-03
0.000000000000000000e+00 8.235294117647058709e-02
0.000000000000000000e+00 0.000000000000000000e+00
2.205882352941176613e-02 3.254901960784313819e-01
0.000000000000000000e+00 0.000000000000000000e+00
0.000000000000000000e+00 0.000000000000000000e+00
2.941176470588235253e-02 4.313725490196078372e-02
0.000000000000000000e+00 5.098039215686274439e-02
7.352941176470588133e-03 4.313725490196078372e-02
0.000000000000000000e+00 0.000000000000000000e+00
7.352941176470588133e-03 4.313725490196078372e-02
0.000000000000000000e+00 0.000000000000000000e+00
0.000000000000000000e+00 2.352941176470588203e-02
0.000000000000000000e+00 1.176470588235294101e-01
8.088235294117647467e-02 1.019607843137254888e-01
2.941176470588235253e-02 9.411764705882352811e-02
7.352941176470588133e-03 6.666666666666666574e-02
7.352941176470588133e-03 1.568627450980392135e-02
0.000000000000000000e+00 0.000000000000000000e+00
0.000000000000000000e+00 0.000000000000000000e+00
0.000000000000000000e+00 0.000000000000000000e+00
0.000000000000000000e+00 3.921568627450980338e-03
0.000000000000000000e+00 0.000000000000000000e+00
1.470588235294117627e-02 1.529411764705882470e-01
1.470588235294117627e-02 1.647058823529411742e-01
1.470588235294117627e-02 1.176470588235294101e-01
7.352941176470588133e-03 6.666666666666666574e-02
0.000000000000000000e+00 1.568627450980392135e-02
7.352941176470588133e-03 9.411764705882352811e-02
0.000000000000000000e+00 2.352941176470588203e-02
7.352941176470588133e-03 6.274509803921568540e-02
0.000000000000000000e+00 3.921568627450980338e-03
0.000000000000000000e+00 0.000000000000000000e+00
0.000000000000000000e+00 1.568627450980392135e-02
7.352941176470588133e-03 1.607843137254902077e-01
0.000000000000000000e+00 7.843137254901960675e-03
7.352941176470588133e-03 7.843137254901960675e-03
1.470588235294117627e-02 2.509803921568627416e-01
0.000000000000000000e+00 0.000000000000000000e+00
7.352941176470588133e-03 2.352941176470588203e-02
1.470588235294117627e-02 1.960784313725490169e-02
0.000000000000000000e+00 0.000000000000000000e+00
0.000000000000000000e+00 7.843137254901960675e-03
0.000000000000000000e+00 0.000000000000000000e+00
2.205882352941176613e-02 2.980392156862745057e-01
7.352941176470588133e-03 7.843137254901960675e-03
7.352941176470588133e-03 2.039215686274509776e-01
0.000000000000000000e+00 3.921568627450980338e-03
1.470588235294117627e-02 0.000000000000000000e+00
0.000000000000000000e+00 0.000000000000000000e+00
3.676470588235294240e-02 2.235294117647058931e-01
0.000000000000000000e+00 1.176470588235294101e-01
7.352941176470588133e-03 7.843137254901960675e-03
0.000000000000000000e+00 3.529411764705882304e-02
0.000000000000000000e+00 1.254901960784313708e-01
0.000000000000000000e+00 3.921568627450980338e-03
0.000000000000000000e+00 0.000000000000000000e+00
0.000000000000000000e+00 7.843137254901960675e-03
0.000000000000000000e+00 3.137254901960784270e-02
4.411764705882353227e-02 1.294117647058823650e-01
0.000000000000000000e+00 1.568627450980392135e-02
2.941176470588235253e-02 9.411764705882352811e-02
7.352941176470588133e-03 7.843137254901960675e-03
0.000000000000000000e+00 7.843137254901960675e-03
0.000000000000000000e+00 1.568627450980392135e-02
0.000000000000000000e+00 3.921568627450980338e-03
0.000000000000000000e+00 3.529411764705882304e-02
0.000000000000000000e+00 3.921568627450980338e-03
6.617647058823529493e-02 1.960784313725490169e-01
0.000000000000000000e+00 4.705882352941176405e-02
1.470588235294117627e-02 5.882352941176470507e-02
2.205882352941176613e-02 3.921568627450980338e-02
0.000000000000000000e+00 1.176470588235294101e-02
7.352941176470588133e-03 1.568627450980392135e-01
7.352941176470588133e-03 2.235294117647058931e-01
2.205882352941176613e-02 3.137254901960784270e-02
7.352941176470588133e-03 1.137254901960784298e-01
0.000000000000000000e+00 6.274509803921568540e-02
0.000000000000000000e+00 7.843137254901960675e-03
0.000000000000000000e+00 4.705882352941176405e-02
7.352941176470588133e-03 8.627450980392156743e-02
1.470588235294117627e-02 1.529411764705882470e-01
5.882352941176470507e-02 1.803921568627450955e-01
0.000000000000000000e+00 1.176470588235294101e-02
2.205882352941176613e-02 0.000000000000000000e+00
0.000000000000000000e+00 6.666666666666666574e-02
0.000000000000000000e+00 8.627450980392156743e-02
5.882352941176470507e-02 0.000000000000000000e+00
4.411764705882353227e-02 2.078431372549019718e-01
1.470588235294117627e-02 8.235294117647058709e-02
0.000000000000000000e+00 0.000000000000000000e+00
0.000000000000000000e+00 1.568627450980392135e-02
3.676470588235294240e-02 1.960784313725490169e-01
7.352941176470588133e-03 2.745098039215686236e-02
7.352941176470588133e-03 5.490196078431372473e-02
7.352941176470588133e-03 5.882352941176470507e-02
0.000000000000000000e+00 3.921568627450980338e-03
0.000000000000000000e+00 7.843137254901960675e-03
0.000000000000000000e+00 9.019607843137254777e-02
0.000000000000000000e+00 5.882352941176470507e-02
4.411764705882353227e-02 2.627450980392156965e-01
0.000000000000000000e+00 3.921568627450980338e-03
0.000000000000000000e+00 2.745098039215686236e-02
3.676470588235294240e-02 9.019607843137254777e-02
0.000000000000000000e+00 1.176470588235294101e-02
0.000000000000000000e+00 5.490196078431372473e-02
7.352941176470588133e-03 5.490196078431372473e-02
7.352941176470588133e-03 6.274509803921568540e-02
7.352941176470588133e-03 1.960784313725490169e-02
0.000000000000000000e+00 1.176470588235294101e-02
1.470588235294117627e-02 5.490196078431372473e-02
7.352941176470588133e-03 3.137254901960784270e-02
0.000000000000000000e+00 3.921568627450980338e-03
0.000000000000000000e+00 3.921568627450980338e-03
7.352941176470588133e-03 7.843137254901960675e-03
0.000000000000000000e+00 1.176470588235294101e-02
0.000000000000000000e+00 1.568627450980392135e-02
0.000000000000000000e+00 3.529411764705882304e-02
0.000000000000000000e+00 0.000000000000000000e+00
0.000000000000000000e+00 3.921568627450980338e-02
0.000000000000000000e+00 7.843137254901960675e-03
0.000000000000000000e+00 1.568627450980392135e-02
7.352941176470588133e-03 8.235294117647058709e-02
7.352941176470588133e-03 1.568627450980392135e-02
7.352941176470588133e-03 2.352941176470588203e-02
0.000000000000000000e+00 1.176470588235294101e-02
0.000000000000000000e+00 5.490196078431372473e-02
7.352941176470588133e-03 9.019607843137254777e-02
1.470588235294117627e-02 5.098039215686274439e-02
7.352941176470588133e-03 1.019607843137254888e-01
0.000000000000000000e+00 4.313725490196078372e-02
0.000000000000000000e+00 3.921568627450980338e-03
0.000000000000000000e+00 6.666666666666666574e-02
0.000000000000000000e+00 0.000000000000000000e+00
7.352941176470588133e-03 6.274509803921568540e-02
2.941176470588235253e-02 5.098039215686274439e-02
0.000000000000000000e+00 5.098039215686274439e-02
0.000000000000000000e+00 3.137254901960784270e-02
7.352941176470588133e-03 0.000000000000000000e+00
0.000000000000000000e+00 4.705882352941176405e-02
0.000000000000000000e+00 3.921568627450980338e-03
0.000000000000000000e+00 3.921568627450980338e-03
7.352941176470588133e-03 4.313725490196078372e-02
3.676470588235294240e-02 9.803921568627450844e-02
0.000000000000000000e+00 0.000000000000000000e+00
0.000000000000000000e+00 2.352941176470588203e-02
0.000000000000000000e+00 2.352941176470588203e-02
0.000000000000000000e+00 2.352941176470588203e-02
7.352941176470588133e-03 3.921568627450980338e-03
0.000000000000000000e+00 1.568627450980392135e-02
0.000000000000000000e+00 0.000000000000000000e+00
0.000000000000000000e+00 1.176470588235294101e-02
0.000000000000000000e+00 1.176470588235294101e-02
0.000000000000000000e+00 1.568627450980392135e-02
0.000000000000000000e+00 3.529411764705882304e-02
7.352941176470588133e-03 6.274509803921568540e-02
0.000000000000000000e+00 3.529411764705882304e-02
7.352941176470588133e-03 1.137254901960784298e-01
0.000000000000000000e+00 7.843137254901960675e-03
7.352941176470588133e-03 1.960784313725490169e-02
0.000000000000000000e+00 7.843137254901960675e-03
3.676470588235294240e-02 1.137254901960784298e-01
7.352941176470588133e-03 3.921568627450980338e-02
0.000000000000000000e+00 1.176470588235294101e-02
1.470588235294117627e-02 1.647058823529411742e-01
0.000000000000000000e+00 1.294117647058823650e-01
0.000000000000000000e+00 1.176470588235294101e-02
0.000000000000000000e+00 1.176470588235294101e-02
6.617647058823529493e-02 1.411764705882352922e-01
2.205882352941176613e-02 5.490196078431372473e-02
3.676470588235294240e-02 1.176470588235294101e-01
9.558823529411764053e-02 2.196078431372548989e-01
0.000000000000000000e+00 3.921568627450980338e-03
0.000000000000000000e+00 0.000000000000000000e+00
0.000000000000000000e+00 1.960784313725490169e-02
7.352941176470588133e-03 9.411764705882352811e-02
0.000000000000000000e+00 9.411764705882352811e-02
1.470588235294117627e-02 2.745098039215686236e-02
0.000000000000000000e+00 0.000000000000000000e+00
0.000000000000000000e+00 1.568627450980392135e-02
0.000000000000000000e+00 1.176470588235294101e-02
0.000000000000000000e+00 9.019607843137254777e-02
0.000000000000000000e+00 3.921568627450980338e-03
0.000000000000000000e+00 7.843137254901960675e-03
7.352941176470588133e-03 1.176470588235294101e-02
0.000000000000000000e+00 0.000000000000000000e+00
0.000000000000000000e+00 1.960784313725490169e-02
7.352941176470588133e-03 7.058823529411764608e-02
0.000000000000000000e+00 6.666666666666666574e-02
0.000000000000000000e+00 4.313725490196078372e-02
0.000000000000000000e+00 3.921568627450980338e-03
0.000000000000000000e+00 7.843137254901960675e-03
1.470588235294117627e-02 1.803921568627450955e-01
1.470588235294117627e-02 1.254901960784313708e-01
0.000000000000000000e+00 0.000000000000000000e+00
7.352941176470588133e-03 7.843137254901960675e-03
0.000000000000000000e+00 1.176470588235294101e-02
0.000000000000000000e+00 7.843137254901960675e-03
2.205882352941176613e-02 2.352941176470588203e-02
0.000000000000000000e+00 4.705882352941176405e-02
4.411764705882353227e-02 1.333333333333333315e-01
0.000000000000000000e+00 1.176470588235294101e-02
1.470588235294117627e-02 1.215686274509803905e-01
0.000000000000000000e+00 1.215686274509803905e-01
0.000000000000000000e+00 7.843137254901960675e-03
0.000000000000000000e+00 2.745098039215686236e-02
0.000000000000000000e+00 1.176470588235294101e-02
0.000000000000000000e+00 1.176470588235294101e-02
0.000000000000000000e+00 6.666666666666666574e-02
7.352941176470588133e-03 3.137254901960784270e-02
0.000000000000000000e+00 5.098039215686274439e-02
0.000000000000000000e+00 3.137254901960784270e-02
0.000000000000000000e+00 1.176470588235294101e-01
7.352941176470588133e-03 6.274509803921568540e-02
0.000000000000000000e+00 0.000000000000000000e+00
0.000000000000000000e+00 1.568627450980392135e-02
0.000000000000000000e+00 1.176470588235294101e-02
0.000000000000000000e+00 0.000000000000000000e+00
9.558823529411764053e-02 1.098039215686274495e-01
2.941176470588235253e-02 3.529411764705882304e-02
0.000000000000000000e+00 5.882352941176470507e-02
2.205882352941176613e-02 3.921568627450980338e-01
0.000000000000000000e+00 3.921568627450980338e-03
0.000000000000000000e+00 5.490196078431372473e-02
0.000000000000000000e+00 1.568627450980392135e-02
0.000000000000000000e+00 5.098039215686274439e-02
0.000000000000000000e+00 1.960784313725490169e-02
0.000000000000000000e+00 0.000000000000000000e+00
4.411764705882353227e-02 5.098039215686274439e-02
0.000000000000000000e+00 3.921568627450980338e-03
2.941176470588235253e-02 7.843137254901960675e-02
0.000000000000000000e+00 2.745098039215686236e-02
0.000000000000000000e+00 4.705882352941176405e-02
0.000000000000000000e+00 3.921568627450980338e-03
0.000000000000000000e+00 7.843137254901960675e-03
0.000000000000000000e+00 2.352941176470588203e-02
6.617647058823529493e-02 6.666666666666666574e-02
0.000000000000000000e+00 9.411764705882352811e-02
7.352941176470588133e-03 3.137254901960784270e-02
0.000000000000000000e+00 3.137254901960784270e-02
0.000000000000000000e+00 3.921568627450980338e-03
0.000000000000000000e+00 5.490196078431372473e-02
0.000000000000000000e+00 7.843137254901960675e-02
0.000000000000000000e+00 2.352941176470588203e-01
1.470588235294117627e-02 2.745098039215686236e-02
2.941176470588235253e-02 2.039215686274509776e-01
0.000000000000000000e+00 1.254901960784313708e-01
1.470588235294117627e-02 8.235294117647058709e-02
2.205882352941176613e-02 7.450980392156862642e-02
0.000000000000000000e+00 1.176470588235294101e-01
0.000000000000000000e+00 7.843137254901960675e-03
0.000000000000000000e+00 7.843137254901960675e-03
0.000000000000000000e+00 0.000000000000000000e+00
0.000000000000000000e+00 1.568627450980392135e-02
0.000000000000000000e+00 5.098039215686274439e-02
7.352941176470588133e-03 5.882352941176470507e-02
7.352941176470588133e-03 5.882352941176470507e-02
0.000000000000000000e+00 4.313725490196078372e-02
0.000000000000000000e+00 8.235294117647058709e-02
1.470588235294117627e-02 8.235294117647058709e-02
0.000000000000000000e+00 5.098039215686274439e-02
1.029411764705882304e-01 2.156862745098039325e-01
0.000000000000000000e+00 0.000000000000000000e+00
3.676470588235294240e-02 1.058823529411764691e-01
4.411764705882353227e-02 1.058823529411764691e-01
0.000000000000000000e+00 7.058823529411764608e-02
0.000000000000000000e+00 7.058823529411764608e-02
0.000000000000000000e+00 3.921568627450980338e-03
0.000000000000000000e+00 1.176470588235294101e-02
0.000000000000000000e+00 7.058823529411764608e-02
7.352941176470588133e-03 3.921568627450980338e-02
1.470588235294117627e-02 5.882352941176470507e-02
0.000000000000000000e+00 6.274509803921568540e-02
1.617647058823529493e-01 9.411764705882352811e-02
0.000000000000000000e+00 7.843137254901960675e-03
2.205882352941176613e-02 5.098039215686274439e-02
0.000000000000000000e+00 3.921568627450980338e-03
1.470588235294117627e-02 4.705882352941176405e-02
7.352941176470588133e-03 5.882352941176470507e-02
1.470588235294117627e-02 4.705882352941176405e-02
0.000000000000000000e+00 0.000000000000000000e+00
0.000000000000000000e+00 0.000000000000000000e+00
0.000000000000000000e+00 7.058823529411764608e-02
0.000000000000000000e+00 1.176470588235294101e-02
0.000000000000000000e+00 4.313725490196078372e-02
0.000000000000000000e+00 0.000000000000000000e+00
0.000000000000000000e+00 3.921568627450980338e-03
0.000000000000000000e+00 5.882352941176470507e-02
0.000000000000000000e+00 3.529411764705882304e-02
0.000000000000000000e+00 1.960784313725490169e-02
3.676470588235294240e-02 1.725490196078431349e-01
0.000000000000000000e+00 3.529411764705882304e-02
9.558823529411764053e-02 2.078431372549019718e-01
5.147058823529411520e-02 6.666666666666666574e-02
0.000000000000000000e+00 0.000000000000000000e+00
0.000000000000000000e+00 3.921568627450980338e-03
0.000000000000000000e+00 7.843137254901960675e-03
0.000000000000000000e+00 0.000000000000000000e+00
0.000000000000000000e+00 5.882352941176470507e-02
0.000000000000000000e+00 3.137254901960784270e-02
3.676470588235294240e-02 4.705882352941176405e-02
0.000000000000000000e+00 0.000000000000000000e+00
0.000000000000000000e+00 6.274509803921568540e-02
7.352941176470588133e-03 3.529411764705882304e-02
8.088235294117647467e-02 0.000000000000000000e+00
2.205882352941176613e-02 9.411764705882352811e-02
5.882352941176470507e-02 2.862745098039215508e-01
0.000000000000000000e+00 3.921568627450980338e-03
2.941176470588235253e-02 1.607843137254902077e-01
0.000000000000000000e+00 7.843137254901960675e-03
0.000000000000000000e+00 7.843137254901960675e-03
0.000000000000000000e+00 3.921568627450980338e-03
0.000000000000000000e+00 5.882352941176470507e-02
0.000000000000000000e+00 3.921568627450980338e-03
0.000000000000000000e+00 3.137254901960784270e-02
0.000000000000000000e+00 3.921568627450980338e-03
