0.2793588975434308
0.27900387712496183
0.2785449146250838
0.27819660014782027
0.2779985283296531
0.2779487179487146
0.277753464624374
0.27785039941902756
0.27794649313087977
0.27804175665947156
0.27784946236558977
0.27765881513204727
0.27718550106609297
0.27685774946921743
0.2772374911909743
0.2770915216170592
0.27662845960302473
0.27728285077950576
0.27710008317160995
0.2767807840971932
0.2763646363261366
0.27622569159135196
0.2759138025095574
0.2760119532735592
0.2758760654850439
0.27547169811321387
0.27503355704698734
0.27436823104692754
0.2747369822879137
0.2747048680196243
0.2738803012287058
0.27398341887090943
0.2736924891859964
0.27405666536101897
0.27428794381583405
0.27442342575797035
0.2741352607124377
0.2739778863461097
0.2740778688524667
0.27379433528962
0.2733858668022239
0.273107115725506
0.27283047426840973
0.2729671986929805
0.2733533683946933
0.2737025948103743
0.27330350484712224
0.27352649826646763
0.2735011102886913
0.2732300884955697
0.2729610580455628
0.27318204001950974
0.27291514709458836
0.27374031007751437
0.2741974414675321
0.27429052429053646
0.2739036664270254
0.2738777459407731
0.2737330478229889
0.27394499762920144
0.274155445310653
0.27424670433143516
0.27433732113535775
0.2741935483871014
0.27393431167016413
0.2740886928256319
0.27389493172876256
0.27410055350553214
0.2736152608595728
0.27416399450298046
0.274366582971925
0.274340309372158
0.27442756744501895
0.27443226754038347
0.2746312352212578
0.2744922006508946
0.2751370092830684
0.2749972132426834
0.27496944783912625
0.27519379844960595
0.27483443708608973
0.27480748074807554
0.27456140350876
0.2744262295082146
0.2740740740740688
0.27386252578997056
0.2740556337265888
0.2739238321286127
0.2743305731799101
0.27430592775216645
0.2746019873918018
0.27500266269037765
0.2749761121138107
0.27526722404488263
0.2757674860217375
0.27626459143969445
0.27602474053883846
0.2762044100741929
0.2764117524484261
0.2763813876194491
0.2765582936425658
0.2766308835672862
0.27670302531384333
0.27659792756745
0.2768742968190562
0.27684307127563185
0.27724684831232704
0.2772146766673373
0.2770816491511789
0.2766471892000891
0.27641623141824934
0.2771156735102749
0.27698452321517
0.27715281234443856
0.277022332506196
0.27709054923304244
0.27705969412925296
0.2768322675848488
0.2764371198744183
0.2765333072483518
0.27650443772552935
0.2763784887678763
0.2765709852598834
0.2769290272674414
0.27670651754725134
0.2767736973658775
0.2765529141104215
0.2767157331294275
0.2764963781928975
0.2763733130583492
0.2767247915087341
0.27679077679077996
0.2768563889935967
0.27701559857171215
0.27717391304348993
0.2772378994580519
0.27732736930389545
0.2772976489174006
0.27738646895272145
0.2774080236642585
0.2774960818659482
0.27749172489887164
0.2770288858321975
0.2774577046182053
0.277792977656202
0.27803547066848
0.2780952380952264
0.27797376752600966
0.27794316644112504
0.27809266756634976
0.2777927321669109
0.27803131991052793
0.27844712182062686
0.27823765020027463
0.2782068353306716
0.27826471890215654
0.27823399558498363
0.2787318361955111
0.278700043917419
0.2787560227770308
0.27874868926949153
0.2782813317064425
0.27851182197497887
0.27822091208600347
0.2781909373919182
0.27807486631016287
0.2783035099793518
0.27827355414451854
0.2786955405289661
0.2784086058225711
0.27854892276248666
0.27843370423850716
0.2790815894264332
0.2789656046649107
0.27918738936188187
0.2791558059362881
0.2792921244653205
0.27934409771605184
0.27947926228822584
0.27936402230916474
0.2796645354147632
0.27971506667769536
0.27960009914897843
0.2795681200032837
0.2792074323768747
0.27928149606299635
0.2797414498445417
0.27995429317662196
0.27992183683438016
0.2798895386614601
0.27961432506886413
0.28000970010507537
0.28021933715023084
0.28058885045451853
0.2807383627608433
0.2805444355484545
0.2806709265175732
0.280796812749004
0.280604133545325
0.2806502775574931
0.28077531645569764
0.28084300260479306
0.2806520198440752
0.2805625392834622
0.2808433923812631
0.28104472943385556
0.28085504758934693
0.28105541718554417
0.28117720142878405
0.28122094824913196
0.2816509506879139
0.28169339913632885
0.2817573286143106
0.2817993398326606
0.2818411579995405
0.2815771376174891
0.2813905618662859
0.2815090895261273
0.28162707748347426
0.2815173771485031
0.28155926569464707
0.2814502148187428
0.2817176806798463
0.281908906730705
0.28157520401288333
0.28146709494285965
0.28138044126415107
0.28151729267384457
0.28155844155845766
0.2816734542761962
0.2816401920945825
0.2817545152967077
0.2819418904008706
0.2821491485613656
0.2822090383065969
0.2818826280786474
0.2817034930358021
0.28174343302046845
0.28185580483557043
0.28196768818372236
0.2820067953444833
0.28221035925550336
0.2825570513281953
0.28266647510953163
0.28299046663319194
0.28317001645087947
0.28349154235956164
0.2834555943308852
0.28343994314142923
0.2837588652482109
0.28386411889596175
0.2841807909604615
0.28414376321354495
0.2839662447257423
0.2842807017544076
0.28459383753501305
0.2849255713187431
0.28495710997976803
0.28498851694617544
0.28522814084310966
0.28546676831379586
0.28535860017983905
0.2853889157291853
0.28559619756148347
0.2859008730322195
0.2861356932153718
0.28636954884643545
0.286348729160998
0.2863766534842479
0.2864725095263988
0.28663588211327573
0.28666305231769434
0.2866224807250146
0.28644708423325466
0.2865418294490364
0.28683785963970887
0.2868643499262147
0.28704385671242955
0.28706982960239436
0.2872290763587723
0.2873876871880082
0.28741281966124627
0.28763672522371353
0.2877464602355309
0.2882329635499171
0.28805852115457764
0.2880820836622204
0.28790862544309426
0.2880634171907668
0.28821760167385807
0.28856695379796243
0.28860808962419343
0.2885840592900776
0.28854139631455084
0.2890169667141827
0.2889736297828171
0.28951103083472673
0.289466907030651
0.289570079043781
0.2895901481624038
0.2896101401958574
0.2900134176729789
0.2902238377654325
0.29036980459549067
0.2907058001397637
0.2906600722845952
0.2906145180685001
0.29088497252227535
0.29102830842951605
0.29123403184190355
0.29162741033856
0.29158046517458863
0.29159627057130033
0.2915677701436876
0.29160172080553465
0.2917418632148791
0.29194359898131556
0.2921626984127159
0.2924866938977773
0.2925623918952303
0.2926994697249776
0.29271294928610225
0.29291067698735773
0.2931689968113758
0.2932427469702697
0.2932551319648092
0.29351140382973795
0.293401509617717
0.2937173411107256
0.29370374863519955
0.29401792201500065
0.29421008098634793
0.29428088803091484
0.29405034324945667
0.294078749624272
0.2941070571291209
0.2942374505810482
0.29454675914849804
0.29475317853520866
0.29482214145265945
0.2948908582644182
0.29473934212089564
0.29463015647227375
0.29495296136323557
0.29502096745616446
0.29504716981131496
0.2952324896998082
0.29519948293081316
0.2949733122177499
0.2952163475613335
0.29551697936754573
0.29552482641928524
0.2956491350690053
0.29612186755044984
0.2960125370015503
0.29592073241393635
0.295927811198506
0.29576163529275273
0.2959995388517224
0.29617907699388496
0.29607077205883847
0.2961922238788477
0.296485001144931
0.2966624757115089
0.296913333713704
0.29691860796260255
0.2970375845795115
0.2970594913714561
0.2972911708035796
0.297408916044369
0.29746978425396436
0.2976432115471499
0.2974220421028835
0.2973701955495783
0.29737462133957365
0.2975470430107576
0.29766297662977115
0.29783433802187675
0.29767079014819287
0.2977859368046324
0.2981228479395806
0.2984586382790016
0.29836700802659233
0.29855200618989547
0.29833370116972663
0.29851815126977516
0.2989770102298946
0.298978695365675
0.2989803749588947
0.2990915061296107
0.2992022729756541
0.29931267728561917
0.2991504193442934
0.2991680713392405
0.29949514141468614
0.299712752696328
0.2998917748917606
0.3001080497028496
0.3003236245954402
0.3004846526655797
0.30053763440863107
0.3004830917874724
0.3005894962486431
0.30080256821829615
0.3007639296970944
0.30097605205609324
0.3009744927844779
0.30089860158450277
0.30121569252003516
0.3013727672656041
0.3015293432819881
0.30168542294078965
0.30157725378489814
0.301906668071213
0.30237694572992135
0.30253071511081514
0.3025791570560014
0.30257510729613324
0.30267558528427074
0.3026192215381233
0.3028755990831738
0.3031831894309796
0.30338595762357234
0.3033806906564647
0.30332366949677686
0.30357696681487334
0.303793548387095
0.30383921669671676
0.30388474401854976
0.30408425378882575
0.3041805591177371
0.30429215324728376
0.30428556817018343
0.304227941176499
0.3042214744570365
0.30431683974747953
0.30451357121076195
0.30450669914738915
0.30444917401438165
0.30444242056265586
0.3045367283015222
0.30458030669890446
0.3046237533998341
0.30471736069201855
0.304810685949602
0.3049691621120634
0.3048615631102034
0.3049542568614551
0.3050466729895767
0.3054378707072894
0.3056288259593129
0.3058689062266872
0.30587534736006977
0.30596571202064454
0.3062042351078276
0.30634324671479896
0.30659562922406497
0.3066351411260612
0.30667453642223647
0.30661558862531374
0.3065568142807889
0.30656219392752526
0.30684596577018847
0.3069335937500363
0.30697220867867975
0.3072054527750756
0.30724355858045826
0.3071844660194296
0.30722249151721687
0.30735721200385435
0.30739487675204585
0.30748069498070185
0.3075662650602102
0.30755534167465914
0.30792888034596905
0.3079174664107284
0.3080977479635593
0.30837320574161586
0.3085045389393537
0.3087786259541765
0.30905192949018007
0.3090865842055147
0.3090736342042855
0.30901328273249234
0.30920460467098926
0.30928615355502564
0.30950918796355575
0.3096844190763172
0.3097649441800887
0.30979820311395906
0.30997228615719674
0.3103804118391696
0.31050634690149287
0.31055290485547987
0.31053811659190667
0.31059899234931904
0.31053759433522843
0.3105228879791585
0.31036885626685373
0.3105399888661727
0.3107569721115623
0.3106495188749163
0.3104643104642783
0.31058823529414686
0.3106657452199571
0.31075733873191647
0.3107884580040494
0.31081949160315575
0.31095633047700527
0.3113531322930335
0.311520358268963
0.3115958563409946
0.3116397775954929
0.3118656410723587
0.31194036634699507
0.31202905129369907
0.3120580235720942
0.3122227252150375
0.31238698010850807
0.31241534988715164
0.3124436429215191
0.31260693381358035
0.3127248201438852
0.31270767849123254
0.31269058295964164
0.31271831616659046
0.31271523771188403
0.3128768591719319
0.31285962799409184
0.3129454739842845
0.3127947326274299
0.3127776790474376
0.3129381489040511
0.3127437079049684
0.3127710416851362
0.3128424960226553
0.3129578956659565
0.3131170662905695
0.3133638524517815
0.3133901881484104
0.31350425849501085
0.31344265170118085
0.31364392678871644
0.31371348609406186
0.3138102725366878
0.31384950926937605
0.3137007187976257
0.3136393299978455
0.3136215511623085
0.3134140519897904
0.31339661075721353
0.31346578366442385
0.31362123373532164
0.3136467642360969
0.31362911223211093
0.31365456659342394
0.3138089708854608
0.313920027487843
0.3139719445755139
0.31412535881065196
0.31423559111721766
0.31413187470618337
0.31411378088858094
0.31409573334469787
0.3143331488655553
0.31435738276433617
0.3145647558386518
0.3146867975740817
0.3149646321317944
0.31524176149584343
0.3153625147879184
0.31538526457930965
0.3154922454484171
0.3156410472261595
0.3157894736842527
0.31572760097406155
0.31587554511913885
0.31602311751406464
0.316128492554753
0.316317152644326
0.31638017356473713
0.3163180265022422
0.3162976527384981
0.3162773297863915
0.31646462969112105
0.3164441495977951
0.3166721881729235
0.3168583009347299
0.31696133509580143
0.31709027892389147
0.3172751998681536
0.31730808808390304
0.31736896197328623
0.31738862656532424
0.3175312692228822
0.3175506860536193
0.31774668630338626
0.3178475116449956
0.3178386320042483
0.31787053644219204
0.31801156257636587
0.31808385181567095
0.3181024328825357
0.3183367139959534
0.31839546191244844
0.31865641440708675
0.31871463217457224
0.31885345175616114
0.3188709677419467
0.31896898912605137
0.31914722445691196
0.3191643230213061
0.3194349693004981
0.31941159966328925
0.3195339712535911
0.3196704922621659
0.31981945997765787
0.3199553179605165
0.32009085113167346
0.3200270635994341
0.32040069963429063
0.3206146271738
0.3208677030456431
0.3211201774538602
0.32117423642983245
0.32121403730632747
0.3214652245993181
0.32155811386220934
0.32153264550677985
0.32174323473884436
0.32187475445905905
0.32188824360386364
0.32182331269109293
0.32207171938619084
0.32225393970203914
0.3223059797679602
0.32243592244367325
0.32268246113075794
0.3230062662981991
0.3231349376044506
0.3232633091290308
0.32323624093397374
0.3233641963351375
0.32337576906701565
0.32358056661380374
0.3238746042776122
0.3240137287416373
0.3239474596510615
0.324112192682099
0.32409684857805193
0.32422264875237355
0.3242714723926545
0.32435848333970174
0.32456006120892134
0.3245701184562618
0.3244274809160445
0.3246282882196076
0.32482863670976087
0.3248383415747918
0.3249240121580631
0.3249715370019059
0.3250947687642064
0.3252177205604088
0.32549167927383066
0.3255884241943505
0.3256349296199167
0.3257944136605464
0.3259911894272663
0.3261123020797776
0.3260828731356804
0.326278659612042
0.3262988230002643
0.3263938293331155
0.3265512211541836
0.3265961818657163
0.32671567712801014
0.3268349051328323
0.32699110101646367
0.32714694833930524
0.32719099453878775
0.32738338219463187
0.3275382733439887
0.3277298478172638
0.32773606539187794
0.3278282716323145
0.32798198996164063
0.3281353682813263
0.3282515834438116
0.32825719120134705
0.328409758965364
0.3285619907509007
0.3286405631324324
0.32879220684093335
0.32898009950246687
0.32920412190304554
0.3292816469557903
0.32924961715159473
0.3292905011654721
0.3293312959325152
0.3294446867277521
0.32944892180350954
0.32959820133454304
0.3298196044337486
0.3300043421623826
0.3301644677390816
0.330468693579836
0.3306882123791966
0.3306550407148653
0.33080190037436036
0.33091249011292395
0.3308432696451429
0.3307741981774343
0.3308486238531909
0.33099448700513523
0.33121155771703353
0.3312138315353446
0.33135883528405047
0.3314678833677826
0.3316123059393496
0.33172085082160113
0.3315804434337278
0.3316887910839827
0.3318323642036161
0.3320110505064764
0.33226011887918233
0.3324379727151089
0.3324389210563241
0.3325809409606732
0.3327226606538324
0.332793693249794
0.3328294192095946
0.33304066868015575
0.33293572831885654
0.33297119226189076
0.33314661812066554
0.3331817863887636
0.3334614309670811
0.33335659942766466
0.3335657509412714
0.3337744654175183
0.3337392151405265
0.33377354556192185
0.33384252187194374
0.33398071720879896
0.3340839800443865
0.3341409386680934
0.3343129797386863
0.3344155844155361
0.33448347250013477
0.3345512201847513
0.33465326079469304
0.3348582828838661
0.33499415847710906
0.33516408073592896
0.3352765680189127
0.3353430851974668
0.33530679990414075
0.33533896277049113
0.335507667087852
0.3355395585274458
0.33563954875434465
0.33546695720267233
0.3354307676609313
0.33553056301172407
0.3356980414785068
0.3358312705570725
0.33582873208902736
0.3359277181821003
0.3359250870491171
0.33588869001380295
0.3360210519213465
0.33622055205419543
0.3364533180700667
0.33651743970942766
0.3364806290110574
0.33661172837431697
0.3367760973810587
0.3369849246231511
0.3371485943775411
0.337345369441643
0.33760855043421834
0.3377043710376695
0.3376999999999726
0.3376623376623965
0.33785761809714737
0.33805250913918244
0.338081009296119
0.3381870045441219
0.3382815865337246
0.3384090833857039
0.338602467012806
0.3386302818064733
0.33875705468825706
0.3389277235558077
0.33899924234940804
0.33922401026755744
0.3393168294045499
0.33944230958715094
0.3395347311086847
0.3393975153242638
0.33965353505585827
0.3398874566512192
0.3399790822330022
0.34014693877544844
0.34017289186111693
0.3403943294769029
0.3405827771446461
0.34073833143608245
0.3406986190088458
0.3406265216686223
0.34065185665637276
0.34077433986710626
0.3409936882990209
0.34118027485855834
0.3413775279446866
0.34156338755486143
0.3417811311021212
0.3418696044324514
0.3419579069318973
0.34211033950610253
0.34229459754608044
0.34254267744826356
0.3425338206064677
0.34242890084554367
0.3424521661227672
0.34269914333196055
0.34291371271636667
0.3430002552322408
0.343193191597884
0.3433111486163597
0.34337617714429014
0.3433983853536837
0.34348405944370825
0.3436012943341273
0.3435598377281443
0.34361345069981053
0.34376186258379215
0.3437519752228974
0.3438684011113399
0.34395306289830324
0.3439745367451939
0.3439330017000832
0.3440802717665021
0.34419583935645776
0.34431118925033083
0.3444576877234513
0.3447292554524578
0.3447919601766392
0.345000156391755
0.34524999999997863
0.3453949422417246
0.34557080474113533
0.34568401371139684
0.34573474470741966
0.34590979782274084
0.3459602237413922
0.346196833281632
0.34624689826304517
0.34626588162376815
0.34641939378922865
0.3465928423396125
0.3468277758891966
0.34678440211187794
0.34674110860911517
0.3467085798816358
0.34675780528364475
0.3468483711199963
0.346958846851181
0.3470077071883412
0.34708715525963635
0.3470238460124245
0.34707251347377843
0.34715168573700755
0.34741410930423233
0.34758443779384846
0.34778496460824876
0.3479851246723446
0.34820612779440663
0.3483446932813734
0.3483614032954855
0.34849957477824695
0.34855703577832153
0.3487053544356825
0.3487216769659775
0.3487379698564527
0.3488147073052252
0.34871004773120773
0.34884703609803186
0.3488330016284575
0.3489093757531014
0.34898561194393424
0.34909178395285484
0.3492578570999762
0.34945365033628906
0.3495891068323048
0.3496643893084099
0.34967965990062044
0.34972481454890164
0.34979977287671465
0.34997462004718255
0.3500193908297147
0.3502131084020985
0.3501980286471217
0.35033173663387973
0.3504161712247437
0.3504603504604352
0.3505341246290328
0.3506967091609652
0.350681279620781
0.3507842556968695
0.3507983441751364
0.35093057607085654
0.35092535198799085
0.3509687693533052
0.3509237160787421
0.3509376195943851
0.3510397364628703
0.35118138004002497
0.3511466071585908
0.3512585812356631
0.3514480009380048
0.3514423780934362
0.3514557425018397
0.3516840135656365
0.3517555646433752
0.35194373102959886
0.35204408934512643
0.35211513809586525
0.35212784537465874
0.3522277803629127
0.352250602969792
0.35240832680070455
0.35244974327733514
0.3523751557834921
0.35244548692559724
0.3525735613228682
0.3526435984158907
0.35277127920750234
0.3530141690474525
0.3530836432833632
0.35332584334401274
0.3533661456984313
0.35349265234518445
0.35361894089587986
0.353812586127668
0.35379496299690477
0.3538920096297724
0.35393161903667664
0.3539812880890828
0.35402075412369877
0.3540315900717321
0.35410958904100676
0.35417735956652613
0.3544159544159995
0.3545687446627248
0.35469283276448826
0.35475987496438927
0.35482680295292296
0.3548652482268861
0.3549603174603283
0.3552817898613227
0.35529145444250604
0.3554424653660291
0.35556497175134005
0.3556872706746147
0.3557247602932836
0.3558185404340041
0.356024774774739
0.3561744022504284
0.35623946037103793
0.3563324908733874
0.35628507295170647
0.3563779086067093
0.3564425770308606
0.35667506297223733
0.35685123042510913
0.356971221011487
0.3570910106086077
0.3571548117155342
0.35741360089193275
0.35742133110551844
0.3575959933221541
0.3576869613566756
0.35777777777778835
0.35786844296425363
0.3580421519690248
0.3581878636741601
0.35831556798360237
0.35835016183024065
0.3585229000248722
0.3586401170978853
0.3587847346780332
0.3589015412611239
0.35901815477016435
0.35910704946458866
0.3592508044776395
0.35944928412438454
0.3594277712182593
0.3594886005103379
0.3595866001425142
0.35972937438374464
0.3597624391044363
0.3597681032596746
0.3599475366833046
0.36012668596069886
0.3601145819123154
0.3602562355186419
0.36034318398477094
0.36037556130094955
0.3603633001577831
0.36042278013266127
0.3605907585382777
0.3607042100693782
0.3608445817747136
0.36090347741306716
0.36098933809597955
0.3610750594852871
0.3611066083103766
0.36108411618620345
0.3611156066246262
0.3612278999569246
0.36142080034478374
0.3614519427402319
0.3615196407925485
0.3616043843859257
0.36168899149051137
0.3616929968082767
0.3617505963068971
0.36188843960051
0.3619993043106723
0.3621099911772114
0.36219378623148524
0.36220703646370606
0.3622906219994259
0.3623740738766765
0.3623242437154963
0.3624341440050933
0.3625172817186865
0.36267998512311417
0.36276279464845174
0.3628189485968381
0.3628485105481458
0.36301043376933984
0.36309271803553655
0.3631748717677194
0.3632664922986672
0.36340117737115857
0.36348289414687485
0.3636962652538681
0.363803955650299
0.36385884581990896
0.36393994373011895
0.3640830267998935
0.3642258919898775
0.36446391563266506
0.3645704998820785
0.36466027555131153
0.36468802345062606
0.36479418379613904
0.3649001776941952
0.3649015614392269
0.3649290336046626
0.3650607435215456
0.3651401479628413
0.3652454578583952
0.36524656679158285
0.36536112482778094
0.3655179577738842
0.3655707501880545
0.3655716026654571
0.3655983625670758
0.3655474150205709
0.36567762630308337
0.3657817871636499
0.36575664436813055
0.3658089658553141
0.36583541790236995
0.36588759759845474
0.3660006179834443
0.3661812381001721
0.3662330316742192
0.36628474541444367
0.366464729438288
0.366490535063834
0.3665931925363085
0.36664447062430755
0.3667818298144856
0.3668840301750743
0.3670465579802846
0.3670811735567561
0.3671829153165867
0.36724287389726706
0.36729338632430153
0.3673438215976367
0.3674450549451027
0.36741904326166647
0.367621660062882
0.3679001065936658
0.3679498884155741
0.36802493538098097
0.3682264762482475
0.36819998987897606
0.3682839877625202
0.36844365841339033
0.36866952789701896
0.3688193743693405
0.3688429543735167
0.3691183879094059
0.36921721620934683
0.36924044265589007
0.36941442573506333
0.36951280763426847
0.36961104140521034
0.36963390170499283
0.36978200952144746
0.3698798197295532
0.37007755816864757
0.37024999999996333
0.37017237072200854
0.37024463305033856
0.37024195559997863
0.3702392821534656
0.370261519302587
0.37038327526144116
0.3704799801044461
0.37060139165012124
0.3706977899179315
0.37069478908179665
0.37071658814764574
0.37081268582746163
0.37076008913109426
0.37095497278586737
0.37110012360952804
0.37124505928867374
0.37138978030126074
0.3715342871237616
0.37153984569502846
0.37163476932920003
0.3718033916659214
0.37197176516881925
0.3720998820291393
0.3720467606464322
0.3721409639735567
0.37221963361693977
0.3723226976424186
0.3725389362328756
0.3726080360201195
0.3727992957746928
0.3729169720960958
0.37298564312916294
0.3731030107841091
0.37322020674852385
0.37333723139901664
0.3735271204596725
0.3736924050017432
0.37376929621971705
0.3738855824123317
0.37407452360733584
0.3742389326863714
0.3742334262514174
0.37427637156358884
0.37424664165554583
0.37428951505627517
0.3744290030211739
0.37451392411171025
0.37462891897752676
0.3747919832138509
0.37481020895085865
0.3749247405053359
0.3750150410319854
0.37515330784214657
0.37519525148382915
0.3753331892514389
0.3753989393611124
0.37551255305384956
0.37553015599172995
0.3755956229197691
0.37564605666153783
0.3757352589547559
0.37580043964449955
0.37603266319670936
0.3761691162434454
0.3762905033260576
0.37633127635754526
0.3763481821862131
0.3764126478076436
0.37657212144276037
0.3767076097028776
0.3769141283444295
0.3769780076392989
0.37711291813838366
0.3771765653501709
0.3773348168841392
0.3774928437936494
0.3776033663508187
0.3776428622051109
0.37775312197544936
0.37783963577169594
0.3779024539731632
0.37803585310129867
0.3780984440103426
0.37819336626667105
0.3783027738598165
0.37826536365348856
0.37832762101500195
0.37846016702624385
0.37852219982193047
0.37863099700160324
0.3787162320332224
0.37887152615316966
0.37895647295332235
0.3790646608109226
0.37910266585750396
0.37914061771006463
0.3792484498112907
0.37928624673857775
0.3794171050794273
0.37953334729092564
0.3796173605784499
0.37977094803341066
0.3798546788308534
0.3799382930845937
0.38007696587530204
0.38009961774583756
0.380159740710799
0.3803354540195369
0.3803490925905635
0.38059373917054284
0.38072261341345104
0.3808743799747058
0.38093371757914457
0.38096993433934123
0.38112121560954304
0.38122627401369436
0.38131696325924863
0.3815136476427767
0.38157230105147566
0.38160792951546896
0.38171229421759906
0.38172486481534273
0.38186064616580045
0.3820790334759867
0.38211419294350346
0.3822494401534492
0.3823986116186367
0.382373747746428
0.3824998289663294
0.3824890043525494
0.38256928787782934
0.38271773514495716
0.38279775306453956
0.3828776618712512
0.38300288433145735
0.3831506320781787
0.3832301376697465
0.38328687019777397
0.38341147425880495
0.3835585432653145
0.3836375562643418
0.38371646210521015
0.3838178491562388
0.383896526037658
0.3840202115899961
0.38409864520624826
0.3841769728098941
0.3842863574966864
0.38431946006754136
0.3843974820143028
0.3845652662323274
0.3846741058398213
0.3848414817474492
0.3849189443709205
0.38486186112161874
0.3848944221768532
0.3849940701292284
0.3851606699612542
0.38521531207407983
0.38522521717763775
0.3853913276349191
0.3854182929278386
0.38540575478642863
0.385468638631516
0.38558963629074694
0.3856214965742799
0.3858089183300623
0.3858405900125933
0.38593881809708935
0.38603691543168267
0.3862235622756309
0.38643211627095325
0.38644112828237326
0.38651650588553826
0.3865254499625224
0.38666696128695843
0.38674203948249253
0.38688322005467835
0.3869004300364775
0.3869531680440312
0.38707190838021543
0.38715499405723736
0.38722945627314076
0.3872598584428403
0.38722432123725214
0.38727663871439183
0.38735082485080297
0.3873810672162667
0.38741126982725904
0.38746332705706993
0.38758095571512086
0.38766317538749606
0.38769311452496846
0.3877666892320978
0.3877746982956863
0.3878263145267836
0.38787786326088625
0.3877986626882182
0.387893694360476
0.3879668501076205
0.38803991044074093
0.3881563226380344
0.38833771139525225
0.3884622060227658
0.38840466588613093
0.388528959285944
0.38858813339105
0.38863882276578776
0.3887543252594168
0.38891290252855787
0.3890496760258659
0.3890999352471789
0.3892148403795388
0.38930804052593493
0.38942266264530817
0.38949407965560995
0.389586919105091
0.38955063427206327
0.389664804469146
0.3897573545201188
0.38987961115042735
0.38993737668342277
0.3900081443698315
0.3902073337902857
0.39027783723627435
0.3904338153504404
0.3905338093507181
0.3905398765142677
0.3905459359052643
0.3906373354385118
0.39070729470961185
0.3907984742260605
0.39094045489384116
0.3910100881112987
0.39103709375529216
0.39110657654201936
0.39106975953792295
0.39116036173727464
0.39122963340132555
0.39129881694449925
0.3913467242987202
0.3914369203405726
0.3915481631961312
0.3916675478479963
0.39177850575915435
0.39195268771788433
0.392042216358868
0.3921059848533968
0.3922163894336515
0.39231385108080735
0.39240293102011886
0.39242876983292296
0.3924545760432321
0.3925223824136373
0.39261110644374125
0.39269971873571274
0.39291407954349994
0.39302335331847105
0.39302773820486936
0.3931786776099699
0.39335035152336917
0.39345907741220637
0.39356766697319334
0.3936343511133082
0.39368008014682143
0.39380918609990756
0.39391728508282836
0.394046081413156
0.39409964397979375
0.39426978215192493
0.39438552713647723
0.39440980881146
0.39451713395654286
0.3946035699461994
0.39462767060789933
0.3946724709785026
0.3947793660658093
0.39486542443078176
0.3950009311180541
0.395210819082187
0.3952839546994553
0.3953488372093796
0.3953723579919213
0.3954783613183754
0.39556361837232873
0.39564877003593457
0.39571322681594756
0.39575702703804533
0.39582947745065594
0.3960375691061053
0.3961221681351588
0.3962682431185723
0.3964756805546756
0.3966213584270682
0.3967258794843381
0.3968097958514326
0.3968403388860602
0.3968422774869899
0.3969259698321227
0.39701766928817334
0.397203225477147
0.3973477506883705
0.39741054133969306
0.3974325012734926
0.39751552795015677
0.39763915742328565
0.3976609376589658
0.39774367313738457
0.397826307770406
0.39796974926415946
0.397979060141122
0.3980005677899373
0.39810311284046557
0.3982460404260213
0.39832807060153164
0.39834931423726944
0.39847161572063755
0.39849274659539596
0.3985622841910502
0.3986236958409397
0.3986850331765209
0.3987261403261849
0.3987269101383452
0.3988283373260347
0.39892964207377
0.39901071723008463
0.3991720756383657
0.3992328238907102
0.39931357003802753
0.39943433695077707
0.3995349116934561
0.39967543525740645
0.3996956530444096
0.3997038341472677
0.3998240070396803
0.3999440358170261
0.4000639207382117
0.4001237722589436
0.4001835521329872
0.4002831392565603
0.4003228249170973
0.4003624631561767
0.4004219577245226
0.4005012730742909
0.400600373742693
0.4006596201224289
0.4008577896030932
0.4009565010319816
0.4009955971599989
0.4009751843337513
0.4010142228914658
0.4010611549958284
0.4011000969511215
0.4011192185243883
0.4011580798799441
0.40123639667391303
0.4012948816645742
0.4013927521651371
0.4015102225903542
0.40156844200113145
0.4017329657344858
0.40183034835645387
0.4019276160502699
0.4019657951641361
0.4020825147348104
0.40202238366394005
0.40202119309277085
0.40217689743091967
0.40215601724805566
0.4022722820765226
0.40232967893507215
0.402328311485089
0.40238560813436575
0.40248192300168334
0.40244140624991714
0.40255709545179047
0.40273117440488565
0.4027490738936525
0.4028643803587357
0.4029211295035281
0.4030167380305265
0.40306172071023716
0.40313769707827557
0.40317472653426173
0.40323113070143507
0.4032486560965893
0.40334374212088653
0.40341933357903403
0.4034560917492811
0.4035315301360012
0.40362250130604443
0.40375577774765975
0.4038695710998702
0.4039059632583387
0.4040002316736073
0.40411368591664776
0.40424629268969126
0.40434020082111344
0.40443400042372574
0.4045084412957661
0.404563556957945
0.4045801526719695
0.4046543805367526
0.4047669349107081
0.40484096972964007
0.40496105590311393
0.4049582023160817
0.4051086498295786
0.40523977324970484
0.4052750449796881
0.4053562888569266
0.405487047127208
0.4055412248016194
0.40553805022447037
0.4055348792822514
0.40564616118255575
0.4057001239156383
0.4057045956861657
0.40574714832512543
0.4057628989590893
0.40581667395830484
0.4059464289107375
0.4060570364598294
0.40611055200026847
0.4061640066042479
0.40623636742986946
0.40634655848973056
0.4064755697858395
0.40650976085449186
0.4066953049601704
0.40671041930685103
0.4068200291098795
0.4068917310560736
0.4070388761965888
0.40707263223438617
0.4072006487751533
0.4072719733097901
0.4072867019572365
0.40739555287774565
0.4073913779800682
0.40747009704367304
0.40761625502817417
0.4076495341146277
0.4077954263825841
0.40785498489409167
0.4079255827911957
0.4079398699182136
0.4079354077292629
0.4079309505532174
0.40802005950502335
0.4080342615621675
0.4081232126504599
0.4081747025086636
0.40822613468741153
0.40835214868151193
0.40840342403152413
0.4085664759278668
0.40872934557865986
0.4088547969690171
0.40894289276341084
0.4091052797978506
0.40924889871943565
0.4092623209673564
0.4093685598112855
0.4094375684249722
0.4096548654514324
0.40966803210334735
0.40977380930327106
0.4097759674133051
0.4098075499630782
0.40995006473113954
0.4099999999999103
0.41001293183070603
0.41004431314614764
0.41014947407265057
0.41029140538553444
0.410377880184259
0.4103537214442051
0.4104032406554253
0.4104895104895032
0.41059407761614286
0.410716911764621
0.4108396105089624
0.4109621740728959
0.411066250688231
0.41107850330168977
0.4112007332720619
0.41123122022730907
0.41131660867986114
0.4114385065885576
0.41160438273955835
0.41165286385475924
0.4117378355167095
0.4118227140741853
0.41188924784181286
0.4119192250861068
0.4119674014111076
0.4119426374387943
0.41198003933838734
0.41210091375718677
0.41211250181906606
0.41221498963578584
0.4122991931381813
0.412365142213645
0.41249296567257426
0.4126313115734071
0.4127332402489389
0.4127081936315296
0.4128280833954198
0.412756173510049
0.4128578149315188
0.41292317708337384
0.4130065430356978
0.413107883517443
0.41315494890420057
0.4131117366827285
0.4131948201855441
0.4132597880165577
0.4133246856197029
0.4134255257852552
0.41349026383056714
0.4135369451041698
0.41356559882090244
0.4137020267358563
0.41378443414863364
0.41386675281771224
0.41391310587312546
0.41399526678159704
0.41405942013401353
0.4142309621034052
0.41425912003744897
0.4143199627866498
0.41447321364701145
0.4146263001749828
0.41468991140310957
0.41473560181388236
0.4147990864322895
0.41486250312075285
0.414961500071361
0.4149965261074804
0.415130958104206
0.4152118591284597
0.41523931487129717
0.4153734023072442
0.41538297532130075
0.41541029602379476
0.41554407823510003
0.41555354513669246
0.4156871088419471
0.41580281041222156
0.4158829676072215
0.41588189478151666
0.4159442341033897
0.41600650728549077
0.41598034710674675
0.41603221988662953
0.41609434861664435
0.416174057277757
0.4162007724729547
0.41633322169523407
0.4164302954494366
0.4164920497967238
0.416606536316032
0.416720902007063
0.4168175664983973
0.4168511685114914
0.4169652265544181
0.4170967175704145
0.4170350877193708
0.41714886901649434
0.4171573781984869
0.4171833946400222
0.41719187675069885
0.41725284339443014
0.4174011892268845
0.41744450270954736
0.4175227113905667
0.4175309935391826
0.41759162303645225
0.41763474620609664
0.4177126917714921
0.41779055584585306
0.41790316962716995
0.41792863359455146
0.4180062630481389
0.4181359763517882
0.41828293361130475
0.4183675241882145
0.4184794874910434
0.4185392771002608
0.4185816611456454
0.41857199812795176
0.4186143211073472
0.4186566001144283
0.41872338952564064
0.4188001660667461
0.41887686296189897
0.4189880417503622
0.4190472900617469
0.41914100262377846
0.4191656026779062
0.41927640201445565
0.41935261470589325
0.41948042998918583
0.41967698612225235
0.4196668272873288
0.4197426812066432
0.4197840737173473
0.41995291853558697
0.42006285743737554
0.42008685651499317
0.4202823957313919
0.4204091431317467
0.4205086895415937
0.4205152802522467
0.42064171489217306
0.42075810729857305
0.42083297699485533
0.42094915717876696
0.42107511448285073
0.42121802097220634
0.42134371159348627
0.4214692735522323
0.4215606029603854
0.4216347956505714
0.42181112019622635
0.421868083222742
0.42193216820120016
0.4219549946419697
0.42206279856522444
0.42217049258307154
0.4222610940338365
0.4223176548468092
0.42250988242865406
0.42256625913560003
0.42261279278675346
0.4227029407778687
0.4228001557709918
0.4228901186306636
0.42296307572592756
0.4231276415892539
0.4231399651903464
0.4231860559385616
0.42330936223386034
0.42335532421050276
0.4234278294012625
0.423550828459463
0.42362316154805324
0.4236617441529077
0.42373394819652527
0.42377243595114616
0.4238108848797614
0.4238997092780044
0.4240052404389229
0.4241274531198765
0.424081749081054
0.42417025844008105
0.42424191628828656
0.4243135021025918
0.4244352529432209
0.424506669791131
0.4245516595290208
0.4246898304519062
0.4247777257836348
0.4248488290517343
0.42488646988133233
0.42507425825193196
0.42508548077712177
0.4251896307412916
0.42519370157483083
0.42531434757255876
0.4254681647938175
0.42557191581386883
0.4256423048143849
0.42569600265912755
0.4257330343049649
0.4256870070568354
0.4257737947060159
0.42581073235452677
0.4259471110005739
0.42598392576028604
0.4260041407869026
0.42609055541776997
0.42612724414633274
0.4262465889358984
0.4263658153564996
0.4263197026023556
0.4263727190158513
0.42649170586791463
0.42667656520674857
0.426745815813343
0.4268479604449913
0.4268676385798214
0.42700255207046506
0.42712087550380146
0.42714038983479946
0.42720920674079804
0.42729438830020067
0.42737948591616315
0.42748091603031585
0.4275166133398517
0.42763427634257695
0.4276534710269586
0.4276890308840084
0.42787193973649124
0.4280219330549454
0.42818813905942316
0.4282397187473781
0.4282422162292837
0.4283100547249651
0.42834517103465564
0.4284198844532571
0.4285527861148747
0.42860403691242505
0.4286785196289996
0.42874594823504
0.42884587206764657
0.42891315314159545
0.4290291625328441
0.42915203537495344
0.4292190699034048
0.4292860391084534
0.4292880101294284
0.42937110591898825
0.4294216859656998
0.429537055047885
0.42963611030075644
0.42970268169456777
0.42977614476954623
0.4299072980536184
0.42989278957314564
0.4299429458064647
0.4300253630799169
0.43018843551670427
0.4302867933056872
0.4303850558951303
0.43046709985338655
0.43050071715194776
0.4305987339120289
0.430616154948226
0.43073011377339704
0.4307635392707734
0.4308773170850872
0.43089457023033406
0.4309599910054102
0.4310162144808921
0.4311296534016482
0.4312429831598609
0.43137223469040714
0.43135495449295613
0.43148403216009157
0.43153294486788457
0.4316778136901535
0.43179055782999887
0.43188720867048236
0.4319198568415302
0.4320482928230305
0.43212871919304074
0.43214525032723783
0.43210486867486747
0.43224891212511923
0.4323131581884516
0.43228179690125196
0.4324255495250714
0.43242598278604305
0.4324900217853841
0.43251319219292417
0.43256124297038523
0.43261611750712115
0.43269581779213
0.43279130641696184
0.43279156425881765
0.43285521832174906
0.43280792079187935
0.432934842846907
0.43299833821302663
0.43303698547787123
0.43311618493431187
0.4332269178493634
0.433211171489651
0.43327438658539147
0.43332175998988764
0.4334321860112027
0.4334952068618217
0.433580760563204
0.4336819885949876
0.43372905907537046
0.43380756035374696
0.43387025734584256
0.43398006352033447
0.4340269047022051
0.4340579937794294
0.43416755636508214
0.4341828567842545
0.4342138285859751
0.4343142942254225
0.43443920327207514
0.43451700317990705
0.43464169967584415
0.43475062988045565
0.43476560666941094
0.4348274729915425
0.4349674172929218
0.43499789131682665
0.43505074160825985
0.43515917602978144
0.43522071439692167
0.435313376987928
0.4353747857252638
0.4355140186914329
0.43552856920444283
0.4355897914723041
0.435666511121398
0.43575870646746295
0.43583527583509857
0.4359583721651712
0.4359882005901209
0.43608007448772945
0.4362183961529778
0.4363255813953372
0.4364171703083212
0.4364999457861488
0.4365671641789356
0.4366585162031192
0.43673431505984733
0.4368718884322049
0.4368547938427989
0.43691494948895343
0.43695960968350317
0.436995539916767
0.43708639918529685
0.43713091879040067
0.4371599858216956
0.43725064312870804
0.4372863609765308
0.4374076582121527
0.43749807710049576
0.4376345408698888
0.43775550979001376
0.437799557576735
0.43788962933371933
0.43797961814693515
0.43799282054438066
0.43808267909712895
0.4381485171278203
0.4382075833012919
0.4382665952070142
0.43832555291972797
0.4383758643901056
0.4384805945498988
0.43853937392986797
0.4386286552386309
0.43877893836638326
0.438852764294441
0.43886549493504384
0.43898496355236427
0.4390738369610934
0.43914739311915
0.4392970272904607
0.4393551922547933
0.4394133041204361
0.43941053015773973
0.43948376504943704
0.43951135016840454
0.4395996598017926
0.4397030694962491
0.4398367322168354
0.4399854399851499
0.44011885270775586
0.44023699124178023
0.44026414637083977
0.4402609985766699
0.4403940439439096
0.4404815924011556
0.44056906144198166
0.4406262278238306
0.44071355205138396
0.44083099314558916
0.44090305444887085
0.44089962892575646
0.44100174898961014
0.44107363534961636
0.44114545673640304
0.44118709910544984
0.4412287038711241
0.441285314559147
0.44140202093073155
0.4414134126913317
0.4415299561321767
0.44157131273112205
0.4416426512967434
0.44165391424393147
0.44174014756177854
0.44185628203957644
0.4418973990167944
0.4419235031597006
0.4420393988380573
0.44202052847361883
0.4420614979663319
0.4421323287590164
0.4422030960489186
0.4422887355496128
0.442269795771892
0.44226579520681836
0.4423662072671688
0.442421802784961
0.4424624463518549
0.44250305359405745
0.4425353245091427
0.4425758635572202
0.44272049744888414
0.4427609177287115
0.4427864393683876
0.442841650201489
0.4428968118436457
0.4430030279644532
0.443087742203692
0.44312789180185397
0.4431828288520669
0.4432673502043781
0.4432843115473796
0.4433391067486609
0.4433938533018198
0.4435077132422019
0.4435475525195858
0.44363168861141405
0.44367143764475137
0.44374068004306616
0.4437951033782144
0.4439822395305848
0.44405125256186767
0.444164419094585
0.4442185589488353
0.44431682643430215
0.44440028848570157
0.4444395403923804
0.44458169732783215
0.44469433052606505
0.44467463011108466
0.4448164955718775
0.44488483727488365
0.4448650790154897
0.4449186723573294
0.4450308601250032
0.44520156504170605
0.4452842348874757
0.44540263543166786
0.44551441533708025
0.445596840257346
0.44563532680186047
0.4457176264249882
0.4458144631114063
0.4458528037385295
0.4459203036051328
0.4459877443829022
0.4460113752371448
0.4460932944607694
0.4461168585168982
0.44614689989666373
0.44621409541571083
0.44626668024841304
0.4463046735227997
0.44640079093881735
0.446409626647463
0.4465346678484916
0.4466160391465339
0.4466537975878075
0.4467495538889952
0.4468162241332834
0.4468828363945151
0.4469204132193926
0.4469145099854438
0.44698099277639647
0.447105297428857
0.44712824888965974
0.44720900981630846
0.4473041517942301
0.44732698724539854
0.4474075571409223
0.4475169218775726
0.4475252095386842
0.4475767494843507
0.4476138312746548
0.44770851042347776
0.4478383593998418
0.44793286117360126
0.44799850355437854
0.448064089287807
0.4482079445636126
0.44824464339609404
0.4483674964449947
0.448439249920908
0.448518858717627
0.4485840530225337
0.44872089021429823
0.44872860705765927
0.44883660954781524
0.448836376655714
0.44892992627551087
0.4490377048008853
0.4490659953658812
0.44915145189635647
0.44924470867360433
0.4492871632241353
0.44933744573911255
0.449316319831177
0.4493522798605397
0.4494309917002384
0.44950963621826334
0.44955971616672646
0.4496382384777357
0.44958856524608737
0.4497239298726529
0.44983073027757153
0.4499374395720496
0.45004405787199575
0.45007955449460574
0.4501292209819138
0.4501788451710339
0.4502631914982659
0.4503410815332666
0.450348024553123
0.45041164217561275
0.4504752057336558
0.450552873384286
0.4506163230070065
0.4506797187760557
0.450813761117653
0.4508911534817293
0.45099673641232757
0.45104574148070975
0.4511229372819448
0.4511499929449084
0.4511706629056861
0.45121951219543843
0.45126832018002283
0.4513170869133515
0.4513939735283301
0.4515411681916885
0.4516601012940811
0.4517508086062288
0.451847790944264
0.4519523950036152
0.45192280682032016
0.4520272926378075
0.4520194223807467
0.45210975199169595
0.4521859839032573
0.45227616751719524
0.4523522654040342
0.4524563074163275
0.4525182675885549
0.45260816029591805
0.45261405913417063
0.4526059724860292
0.45268806685549373
0.4527498009413467
0.4528114833068521
0.45288707133555217
0.45297654756738553
0.45305200329143513
0.45314133571213133
0.45320272548640733
0.45331977659250094
0.45335319587370615
0.4534283368360361
0.4534755936398335
0.4535784306907956
0.45360409195793183
0.45367900411259915
0.45369830291889307
0.4537932949261499
0.45388191216256507
0.453901102711589
0.45393414211474026
0.45400873120382496
0.4540416984140515
0.45408092613628565
0.4541138364430153
0.4541467194291543
0.4541934056210792
0.4543783006606555
0.4544801282403006
0.45458187142592626
0.4545868772786153
0.45471609572939353
0.45476243032906494
0.4548225170313669
0.45488255403631606
0.45494254140577217
0.45505006680174853
0.45510993625524626
0.45512846978478044
0.45522952691445423
0.45526800693058994
0.45536892456523353
0.4553735813801706
0.4554469043565137
0.45553389528038696
0.45560709188739684
0.4556527941616996
0.45568474743625176
0.4557092145118679
0.4557411187680027
0.4557456074277348
0.4557911596005777
0.4558640412690518
0.45590950746132364
0.456009625244408
0.45608232769785556
0.456073004466877
0.4562138984858781
0.4563410272863374
0.45639983081127095
0.45649950218873775
0.45657182587853645
0.45663046292628845
0.4566890520492318
0.4567612096788231
0.456819697567885
0.4568373219413062
0.4569093307587892
0.4569540925219977
0.45701240640822716
0.45700275736572027
0.45703384882733183
0.45709205901138106
0.4571095223233075
0.45720833728868704
0.4572528500357161
0.4573515264021622
0.45745012257700746
0.45754863865891277
0.45760647440172947
0.4576777911552364
0.4577490500469535
0.45782025114586994
0.45789139452220806
0.4579354681864427
0.4580200078306031
0.4580774888327103
0.4581484129442375
0.4581788271460894
0.4583035678184839
0.4584209108056077
0.4584915824917404
0.4585352719441677
0.4586327546762042
0.4586494484802189
0.4587333602256838
0.45881720430078504
0.4588875453444453
0.4589712597368754
0.4590549066992068
0.45911164787950764
0.45914151576106516
0.4591445427729793
0.4591743734085905
0.45919078242247885
0.4592875318068522
0.4593574297191463
0.4594406530177503
0.45952380952410793
0.4595863027983678
0.45965596973989475
0.45971222060379724
0.45979513615302586
0.45994473294241406
0.45998745646448086
0.4600034681004051
0.46004613394861726
0.4601154220370883
0.4602113004438402
0.46025383211901233
0.46032295424588776
0.46040532808177204
0.4604743345877292
0.46055658232389807
0.46062547349113303
0.460694309742205
0.4607232499768921
0.46077871735985754
0.46087395002609616
0.4609293132952025
0.4610509288112382
0.4611326856551973
0.46122762622732194
0.4612960044500497
0.4613775665546632
0.46144583096252056
0.4614743581265455
0.46162186462836813
0.46170927066578327
0.4618169326709729
0.46181885416954715
0.46186037915159084
0.46191506769799284
0.46194333051878095
0.4619847569819298
0.4620525122579564
0.462054336082862
0.46213518069779724
0.46217646594162504
0.4623229983680128
0.4623773316847728
0.4624842204924974
0.46255159178706673
0.4627108845322545
0.46279124747151906
0.4628452893600964
0.4629124123991766
0.46301179372104273
0.4630656857735133
0.4631588606180533
0.4632388589697295
0.4632533039933935
0.4633201094572386
0.4633868624601149
0.463492811073275
0.46357252148001554
0.46365216936621634
0.4637840239396191
0.463850464359891
0.46394296682198416
0.46400929297705923
0.4640555280119262
0.464121759090264
0.4641749015725387
0.4642540658886826
0.4643331683293156
0.4644182563967044
0.4644191343961716
0.4644590462561403
0.4644989269691085
0.46446076838036193
0.4645006173237532
0.46457940889915184
0.4647100837606577
0.46477575128176357
0.46488029585424706
0.4649069330051559
0.46503727714728166
0.4650119888539339
0.46503854375807474
0.4651039305832221
0.465156320797741
0.4651957295375436
0.4652411259446024
0.4652675407972748
0.4653585647072611
0.4654882807449693
0.4655791485843208
0.46564412425428076
0.46572796613468415
0.4657799336886598
0.4658318610321145
0.46593531254417314
0.46598713967251065
0.4660260456245754
0.4660906738087948
0.46617412346166737
0.46621891123338766
0.46629625342466074
0.466309252902539
0.4663993522770719
0.4664893822024172
0.4665408175055289
0.46661788680480126
0.46670772863199417
0.46677184746265454
0.46681027297998184
0.4668614860098894
0.4669510960785307
0.4669894084350475
0.46705329595047496
0.46714272916912675
0.46721930127518174
0.46725745195032137
0.467295573366339
0.46743588760663096
0.46747391143315364
0.4676012819041228
0.46765197636315475
0.46775366479136654
0.4678170154699679
0.46793131143174976
0.4680200328782894
0.46801273885334266
0.46811409652377284
0.4681644602854964
0.46822750986112033
0.46831595014017696
0.46838484914000444
0.46844774336208694
0.4685487047221732
0.468624188775717
0.46861074788291057
0.46866076980643395
0.468761496404019
0.46880468690541377
0.468854578643311
0.4688664183072622
0.4689289152356054
0.46902934994525625
0.4690790805998037
0.469116121359027
0.4691910760362668
0.4693291865788091
0.46939136588805336
0.4694029662197649
0.46945244228892236
0.4695523744601715
0.46961437512589205
0.46970155654772744
0.4697256266708078
0.46985051299501734
0.46997530490917233
0.47003702864058866
0.47012388578370023
0.47022326260450037
0.4703099838967176
0.47030860937134494
0.47031980690916586
0.4703938274394735
0.47045523062973776
0.4704538034604133
0.47054024200454025
0.47062661547308526
0.4706878386510448
0.47077409162751466
0.47082268010194867
0.4708837605554314
0.47095731890570364
0.47103082200336
0.4711543274761304
0.4711901723837791
0.47125689346818017
0.47135517581860725
0.4714034013524224
0.4714640818413081
0.47156217613345325
0.4716851604526805
0.47178309855607903
0.47178118413059567
0.47184160983453893
0.4718770641970966
0.47193740889791674
0.47197280097676336
0.47204551396187533
0.4720808392551012
0.4721534576485042
0.4721638459527631
0.4722239486865201
0.4723212843422167
0.47244339001550556
0.47256540472058683
0.4726128563805669
0.4726106430763305
0.4726580425909413
0.4727426013863511
0.47278991659103614
0.47282480766099827
0.47293397897170064
0.4729935501446261
0.47309020258125206
0.4731867832798109
0.4732832923196246
0.47333028418819023
0.47343902529410875
0.473485924626953
0.47355748453432894
0.4736043052688592
0.4736140757830105
0.473685508837053
0.4738062066156756
0.47384054130706177
0.473874850616447
0.4739830289294962
0.4740418826250036
0.47407607959904086
0.47411025133143525
0.474168992953112
0.47416622616715853
0.4742003268739186
0.47416069871161537
0.47426845291423
0.47435157793948235
0.4744346417654957
0.4744931127115695
0.47460058609299977
0.47462218245535925
0.4746560152913232
0.47472656680570746
0.4748215531916376
0.47491646982480407
0.4749681902709984
0.47500183450337036
0.47505990512950924
0.47511151848467414
0.4751328568807968
0.4751908163892202
0.4752731489955122
0.4753554213192731
0.4754376334246532
0.4754588134869726
0.4755531175715793
0.4755986108574205
0.4756562519032417
0.4757503805172831
0.4758200961595168
0.47595059925816763
0.4759837012708813
0.4759803027536449
0.4760862959585273
0.4761800619651043
0.4762066703912709
0.4762396192508157
0.4763089545351496
0.47637823934815365
0.47644747374271834
0.4765409049025274
0.4766827447461759
0.47678813723593355
0.47686923244650065
0.47695026875191027
0.4769765105945328
0.47699696357449667
0.47701740171501084
0.4771224447859266
0.4771186543086515
0.4771752654526742
0.4772134473268046
0.4773061973397763
0.4773264793902523
0.47735250479469293
0.47744510496660997
0.47754969202412734
0.47755780747312354
0.4776140976374383
0.47764626554804906
0.47772655601122527
0.47778272430821683
0.4778388520709296
0.47791898618487105
0.47797502433825556
0.478031022094908
0.4780869794983644
0.4781428965916595
0.47815076631322206
0.4781946227403459
0.4781482369876101
0.47819206330197306
0.47827181208020264
0.47831556247707385
0.47837125748542997
0.478480527721204
0.4785959621348866
0.478651497206799
0.4787309104385177
0.478846130856603
0.47883553622211505
0.4789386916421544
0.47898206310118435
0.4789776525643799
0.4790448459392376
0.4791177067053852
0.47912517738524724
0.4791564843184532
0.4791877688663864
0.4792905047230913
0.4793455350873085
0.4794005261467349
0.4795149755467029
0.47952228579574663
0.4795771549520787
0.4795963246043184
0.4796986584600976
0.4797771627451291
0.4798674851872814
0.47995774330229396
0.4800004746248504
0.4800194527139791
0.4800203946122372
0.48003935234545225
0.4800938433100598
0.4801601402414221
0.4802145495877246
0.4802925928551235
0.48033508448139106
0.4804012017122776
0.48044362466853124
0.4804978370333075
0.48056382626756394
0.4806061465049642
0.4806777259574352
0.4807789908530811
0.4808093917766266
0.48083977118563326
0.48091729057380617
0.48093582415023617
0.48094256259229057
0.4810199634888164
0.48108553599778797
0.48112752309739376
0.4811577151599394
0.48123493090289465
0.4813003350769975
0.48135394017776145
0.4813779166765577
0.4814253667360643
0.4815023540327771
0.48154407708622726
0.4816266191104655
0.48172691234095605
0.4817624368334139
0.48187433339950675
0.48186898806076944
0.48196905634747883
0.482010513868058
0.4820870542247339
0.48215184097580743
0.482228278031427
0.4822752250673026
0.4823515661518653
0.4823928028971199
0.48246904928787776
0.48249854057240904
0.4825396825396809
0.4826391319562787
0.4827035222764476
0.4827562084641412
0.48284382284374466
0.48291972503809205
0.4829722804567845
0.48302479916148555
0.48308290366551176
0.48305390405974974
0.48316449365494324
0.48319361927210375
0.48326921512380233
0.4833099025198145
0.483420248783029
0.4834724657198444
0.48352464629351877
0.48362320017670885
0.4836984887325104
0.483762130575738
0.48379656459369214
0.4838601288412039
0.483952419009108
0.4840274641938583
0.4841024572616745
0.4840964050586256
0.48418288860355446
0.4842346248573708
0.4843210004966331
0.4843842074243932
0.48447047137262256
0.48455667555735454
0.4846543624551778
0.4846827512204356
0.48473418918724903
0.48477406113418314
0.48483695840080065
0.48489981218394296
0.4849856594904165
0.48505993298528266
0.48514566571151907
0.48518531303604445
0.4852475987805098
0.4853157628444361
0.48541278708925306
0.48545228902346926
0.4855032508559557
0.4855541775757341
0.4856395068535571
0.4857247773801104
0.48580998921644925
0.4858607403333982
0.48595141746785675
0.4860250048706006
0.4860985416926047
0.4861147693043757
0.4861767769852661
0.4862959614570373
0.4863349844985631
0.48637398076500105
0.4864243823804148
0.48649760579616763
0.486513657706492
0.48663248175577095
0.4867512244131591
0.4868356481746915
0.4869483868025596
0.48700987659927064
0.48708272528218705
0.48715552415016755
0.48722827325369183
0.48730097264350314
0.487407778486133
0.48744622248508185
0.4874846402398799
0.4875344054957691
0.4876409859926121
0.48767929803878207
0.4877289460530189
0.48782399309457414
0.48789045202202236
0.48791727676220326
0.4878986962591556
0.4879141570536526
0.4879522853803293
0.48803572845455967
0.4881191147971342
0.4881571346040732
0.48821198052282067
0.488272583201589
0.48834446078960836
0.4884049773758989
0.4884315277615248
0.4885032783182789
0.4885636795113467
0.4886466335287886
0.4886956521741469
0.4887672160754095
0.488782304480703
0.48883122743683
0.48889139506000795
0.4889853438553483
0.48906795897679206
0.48911671924307487
0.48914292149973865
0.4892479171359161
0.48930782217202656
0.48933393339365355
0.4894162636370517
0.4894760512706676
0.4895807575589369
0.4896292134834896
0.4896327080762974
0.4896811138554727
0.48976316084806043
0.4898339317779095
0.4898710039257744
0.4899416909615753
0.49000112095067383
0.49008292245666474
0.4901422650382648
0.4901791713322774
0.4901488861518972
0.49019695613246833
0.4902673677143023
0.49029299932897225
0.4903297931803751
0.49038891372402005
0.4904256507650698
0.490507035961213
0.49055487328287445
0.49066964285684395
0.4907397076876831
0.49079289307276797
0.4908294216678715
0.4908770717460942
0.4908912634123231
0.4909499994426398
0.49101983097480556
0.491100746892001
0.4910925903257568
0.49112893358070353
0.4911763724719206
0.4912460120716759
0.4913156052404882
0.49139626078935883
0.4914546524673498
0.4915184617771233
0.4915434811553975
0.4916128602809828
0.49169328364776427
0.4917514800774834
0.49182072084077966
0.49184559817449114
0.49189261031367676
0.49191744724178177
0.4919976092442376
0.49202239483075694
0.4921245907440393
0.4921714323626928
0.4922624574433516
0.4923092223031415
0.4924001413931784
0.49249100024259373
0.4925817989138937
0.4926725374649517
0.4927411525898487
0.4928317783803057
0.4929223442251319
0.49295215843621903
0.49294347064403415
0.4930228972319239
0.4931132812932254
0.4931815930533115
0.4932498597154746
0.49325208706876983
0.49329829461167163
0.4933774470466378
0.4934345709676061
0.4935246108720065
0.49359262960278133
0.49366060353304075
0.4937395064034283
0.4937744770009161
0.49386425696601205
0.4939155411333505
0.49396137912865895
0.4940071869928998
0.4940639169387867
0.4941260195980954
0.4941279483394739
0.49413528240319554
0.49415908295367955
0.49415006451356625
0.4941738446061459
0.4942413182677608
0.49429782399696875
0.49435429270339115
0.4943998078684318
0.49448894515175806
0.4945780240880084
0.49464523305833014
0.494679691247438
0.4947577217337059
0.49479212063065436
0.4948482802189783
0.4948935150904091
0.49493872042116216
0.495005658078484
0.4950290425736876
0.4950360471056139
0.49509201787083695
0.49516968583937965
0.495236439877635
0.49528143088325344
0.4953046801206761
0.49534961961328167
0.4954053790153083
0.4954719477670003
0.4955601574277568
0.49561579398021566
0.4956280541318868
0.49572695861220345
0.49580414279980073
0.4958596278538424
0.4959150768827388
0.49600294235383385
0.49604749494398354
0.49606494994675837
0.4961202610987653
0.4961539292578055
0.4961767755317802
0.4961887281361018
0.4962439287645685
0.49633146309919435
0.4963703631796734
0.49640388617494635
0.4964805053417821
0.49655164982018984
0.49661739992289267
0.49672076418538025
0.4968294809820456
0.49680898005733726
0.49688532174261263
0.4969723695110273
0.49703785736518913
0.4970710577506531
0.4971418133363306
0.49718570078219143
0.4972080836719954
0.4972733908709569
0.49733865602101235
0.4973931513901712
0.49744761169362495
0.4975020369653883
0.4975135575419512
0.4975572126506649
0.4976597225946755
0.4977086322466604
0.4978271108070902
0.49790271149396975
0.4979033845366378
0.49796821866185076
0.4980543915166078
0.4981511958453858
0.49822657151379596
0.49826985923896133
0.49830244277433283
0.4983456784856761
0.498372864718516
0.4984107005715068
0.49841120897440006
0.4984330362854655
0.4984548496405399
0.49854056587667195
0.4986049285429135
0.4986266660991779
0.49866967497460757
0.49872329559935347
0.49878751781471736
0.498830434227361
0.4989052103485198
0.4990011900710057
0.49906524186929724
0.4991080151210244
0.4991295301583135
0.4991934799213145
0.49920434533521524
0.499236414542265
0.4992684633487273
0.49933228760406834
0.49939607128487346
0.4994068550608473
0.49949175155112324
0.4995554238287825
0.4996190556807286
0.4996720687178755
0.4997038979712832
0.49970399188129117
0.4997357908310958
0.49976756962343327
0.49982045161729777
0.49989441675816576
0.4999261151332938
0.499957793440895
0.5000210966015185
0.5000632697822744
0.5001370411762588
0.5002529191078424
0.5003107847573995
0.5003633453050177
0.5004369294909902
0.5005736177919413
0.5006155238266354
0.5006574034139366
0.5007202868528609
0.5007831306300209
0.5008354262779927
0.5009402149360178
0.5009609224857627
0.5010656056098425
0.5011387369989679
0.5012328062869995
0.5012848617073096
0.5013368843775308
0.5013783922596755
0.5014303528200668
0.5014403787934089
0.5014713428495499
0.5015127563574191
0.5015593929880278
0.501673990374762
0.501720549320181
0.501761833561412
0.5018030919104224
0.5018182198167861
0.5018699203980154
0.5019111073976351
0.5019888291480797
0.5020925742314073
0.5021858208562804
0.5022477183838215
0.5022991502009365
0.5023349386035029
0.5023967321076596
0.5024480696712723
0.5025097892196362
0.502519416162237
0.5025810748925824
0.5026114821979674
0.5026418705272682
0.5026618420776345
0.5027233794854544
0.5028160525380746
0.5028878916317614
0.5029285313732423
0.5029691457993455
0.5029889781436461
0.5030710491370803
0.5031323251807388
0.5032039318154059
0.5032858594021493
0.5033366492578824
0.5033148942335925
0.5034070668154146
0.5034370664847265
0.5034773969201146
0.5035487408696334
0.5036614124359644
0.5037119755157741
0.5037625072358075
0.5037820075637308
0.5038944671710635
0.5039448953882721
0.5039746448633512
0.5040353375856975
0.5041269448226381
0.5041153536733959
0.5041862575266833
0.5042055785764729
0.5042454968884175
0.504347199044319
0.5044282418847255
0.5044989396088417
0.5045130347972391
0.5045476993986865
0.5046080105328978
0.5046580018923091
0.5047079624187397
0.50471678724056
0.5047461527402103
0.5047652302505785
0.5048253629289571
0.5048957221446643
0.5049249964087232
0.5049542526570187
0.5049937450013684
0.5050844677710458
0.505082904634222
0.5051735442358313
0.5052129206688748
0.5052829879599896
0.505353012220428
0.5054229934925937
0.5055133896610333
0.5055526014400704
0.5055917891677604
0.5056411723830114
0.5057211744751177
0.5057704877847307
0.5058401911333829
0.505858816804398
0.5059182465666394
0.5059623996485336
0.5059911687617712
0.5060606987386004
0.5061403776968135
0.5062098195641554
0.5062588484529075
0.5062976652310486
0.506336458301645
0.5064057555129302
0.5064038005720409
0.5064221862893601
0.5064965433097465
0.5065758715320977
0.5066145092464366
0.5066632808538775
0.5066815597073743
0.5066998274284327
0.5067789730055816
0.5068174901088531
0.5068762677484582
0.5069350096317505
0.5070241232513785
0.5070372584587541
0.5070553794108855
0.5070633626671855
0.507071341074078
0.5071197967798552
0.5071581056058446
0.507166048002279
0.5072144308837184
0.5072830009398289
0.5073717398109422
0.5074705270287175
0.5075389571701093
0.5076174418723945
0.5076555072214619
0.5076733697247019
0.5077517425032545
0.5077796488822337
0.5078276998757827
0.5078757218152039
0.507943864031776
0.5079817502447588
0.5080296821349782
0.508087650605161
0.5081254591011817
0.5081934231304142
0.5082110640691855
0.5082990680515583
0.5083468175564428
0.5083643963070443
0.5084321859399602
0.5085501410795341
0.5086077957012612
0.5086754508326167
0.5087381367998823
0.5088157419662602
0.508883274177656
0.5088906262530529
0.5089580953524709
0.5090155066710994
0.5090528550547806
0.509090181002444
0.5091174763309072
0.5091947812859043
0.5092620376477331
0.5093292536599652
0.5094064255578779
0.5094835511853077
0.5095506403720658
0.5096077021405454
0.5096547455016517
0.5096817982193189
0.5097786824719281
0.509845582953761
0.5098825265757596
0.5098995095104014
0.5099762801725659
0.5100231149373198
0.5100849626977909
0.5101815248883041
0.510228256866527
0.510309893915254
0.5103764574796829
0.5104230899295177
0.5104597518296704
0.5104765123350004
0.5105380831720372
0.510574678389107
0.5106112518002724
0.5106676594685579
0.5106993270735384
0.5107556755034839
0.5108119903985191
0.5108286065606057
0.5108947796263011
0.5109510029338394
0.5109774704261069
0.511003922189649
0.5110354182959242
0.5110816348756878
0.5110882408242775
0.51118893571592
0.511254846111894
0.5113701528543189
0.5114063179530194
0.5114819865221202
0.511527975344213
0.5115739369165028
0.5116198712629738
0.5116953869842985
0.5117463073868102
0.5117526952784908
0.5117985228427787
0.5118541812476669
0.5119393718395646
0.5120048078348811
0.5120603559499852
0.5121355638484267
0.5121910405446929
0.512266165458347
0.5123018957016646
0.5123179355042481
0.512402788292443
0.5124384466442584
0.5124249540633453
0.5124900541249322
0.5125256552518717
0.5126005046087927
0.5126851242990642
0.5127108250504521
0.5127855538445791
0.5128210156790097
0.5128662595216334
0.5129016767777099
0.5129860587234694
0.5130312141897883
0.5130959258209349
0.5131410225036883
0.5132350206958322
0.5132898328135747
0.5133543926222315
0.5134189145588464
0.5134736245373087
0.513508759930777
0.5135829482953278
0.51363756213313
0.513701906649646
0.5137271742418517
0.5137819668448572
0.5138462138724311
0.5139201747455487
0.5139745951907031
0.5140484752798163
0.5141612837218222
0.5141766258553254
0.5142114334126073
0.5142462206391692
0.5143004505690077
0.5143643775106667
0.5143990896620729
0.514429060361648
0.5144928944966963
0.5145081043259682
0.5145233052909698
0.5145676326627138
0.5146119342119666
0.514646503863688
0.514661646839673
0.5147058823532253
0.5147597897559704
0.5148380466707876
0.5148725006539633
0.5148681775460022
0.5149607214469737
0.5149854261279312
0.5150294781063783
0.5151025385423121
0.5151755565661502
0.5152291874215134
0.5153021263424584
0.5153606712680229
0.5154335304806573
0.5154773636316748
0.515559805284628
0.5156132321417782
0.5156666280548465
0.5157296431394971
0.5157829744537317
0.5158941419288747
0.5159763199502065
0.5160391725946267
0.5161116250380855
0.5161601078945355
0.5162228535662936
0.5162566793431246
0.5163435809577894
0.5163869750970176
0.5164495834691325
0.5164690382077343
0.5164931306659076
0.5165172092308813
0.5165700998331106
0.5166325658246118
0.5166853927184079
0.5167093881706587
0.5167717600992415
0.516824501310321
0.5168772121662997
0.516920303405564
0.5169825429236854
0.51704474665284
0.5170781715574716
0.5171403120600399
0.5172119923781244
0.517254913223104
0.5173169494606334
0.5173693828156875
0.5174313506067101
0.5175219681971822
0.517536061483261
0.5175692592907064
0.5175737773832446
0.5176451486585385
0.517735575224235
0.5177591325183425
0.5178303894348001
0.5179206853462068
0.5179823181028781
0.5180820533352152
0.5181436047006843
0.5181955918929222
0.5182475493701679
0.5182613830077533
0.518284729561335
0.5183270989788675
0.5183979903509861
0.5184022525992497
0.5184540621757026
0.5185343639178559
0.5185861062795073
0.5186332452830281
0.5186849304666021
0.5187270897043321
0.5187597311352891
0.5187828628924841
0.5188439350239815
0.5189288661654867
0.5189803795130966
0.5190129027979821
0.5190833183266791
0.5191631688153665
0.5192335016239191
0.5192280376128573
0.5192888451299712
0.5193590823479718
0.519363048887029
0.519433225187531
0.5194466246177667
0.5194978304231697
0.5195490071922627
0.5196001549493245
0.5196323828060971
0.5196645924019503
0.5197156639701016
0.5197289568805155
0.5197894160830062
0.5198592731632816
0.5199008024444154
0.5199423082358305
0.5199932146528382
0.5200158280029293
0.5200666848760547
0.5201551774463724
0.5202342065874179
0.5202473155717293
0.5202698252913662
0.5203017277859909
0.5203900292429671
0.5204030794970781
0.520444314967057
0.5205137118219073
0.5205548928811168
0.5206384976523194
0.5206890077909618
0.5207207207200338
0.5207617975418382
0.520821609454755
0.5209001406468148
0.5209786276720558
0.52101021459999
0.5210324152140877
0.5210733352061385
0.5211191116024118
0.5211880669107658
0.5212289091236504
0.521307150407895
0.5213479362885393
0.5214261002911165
0.5214761775678507
0.5215262267664542
0.521585590298842
0.5216030933611158
0.5216530654169194
0.5216936748566157
0.5217435935718951
0.5218028137475271
0.5218340204069014
0.5218652096072681
0.5218919246438611
0.5219323995641334
0.5220194341182023
0.5220691646410289
0.5220909336388565
0.5221126904789894
0.5221251291212898
0.5221747746244689
0.5222336932760596
0.522292579058435
0.5223421363298353
0.5223730798184065
0.5224597489704134
0.5225140712942221
0.5225727975034977
0.5226407738150082
0.522662311147274
0.5227395023478758
0.5227888254059864
0.5228381210236218
0.5228873892245725
0.5229414762990111
0.5229350998284412
0.522975038207257
0.5230475767177146
0.5231059764503155
0.5231643437540116
0.5231949224683042
0.5232347337069492
0.5232652759289407
0.523314289940664
0.5233910021806556
0.5234399541731104
0.5234704056746162
0.523514908626894
0.523591481033127
0.5236126364758754
0.5236847446991753
0.523733535032456
0.5237361907746937
0.5237572829854152
0.523787579952018
0.5238178601709043
0.5238481236531446
0.5239059967579137
0.5239822503731073
0.5240308507892514
0.5240610220647947
0.524068401541984
0.5240801537597886
0.5240827058678804
0.5241220209374308
0.5241888800070055
0.5242281441467751
0.5243224876246659
0.5243800552695919
0.5244467696483499
0.5245042713860643
0.5245800882472671
0.5246375216666802
0.5246813972683554
0.5247204399635278
0.5247777879597977
0.5248351044340674
0.5249063550361982
0.5249500998001803
0.5250256297600687
0.5250736653304623
0.5250942291512449
0.5251422195399129
0.5251901836004053
0.5252472622897022
0.5252951712542732
0.5253156461842313
0.5253452433137992
0.5254022169867504
0.5254317741990381
0.5254752365921198
0.5255230049175417
0.5255707471021919
0.5256275816790541
0.5256661531305394
0.5257047034919595
0.5257523438143457
0.5257908495543022
0.5258657584887385
0.5259224193652611
0.5259517460430845
0.5259628595091058
0.5259921591457827
0.5260214427959995
0.5260464016874689
0.5261574536923801
0.5262321000221076
0.5262976218591185
0.5263540266634483
0.5264104007408872
0.5264122857974156
0.5264323176594183
0.5265067672989663
0.5265630384701178
0.5266102125197388
0.5266392328187568
0.5267316684191523
0.5267696990559126
0.5268258223446574
0.526854752549153
0.526919873999413
0.5269759108106525
0.5270500108563135
0.527069804459894
0.5271167130820177
0.5271545567952373
0.527246602081557
0.5272934246421375
0.5273763503014066
0.5273869936615636
0.527442767386239
0.527489486128639
0.5275452019203627
0.5275828477620907
0.5275934208627178
0.5276400483203277
0.5277274570775459
0.5278280848765808
0.5279016349138097
0.5279931559272291
0.5280396128735526
0.528086044732445
0.5281684437846047
0.5282328070882093
0.5282971356630637
0.5283614295345423
0.5284077120122734
0.5284180257900573
0.528482235098857
0.5285374287129405
0.5285656565661273
0.5285938692158622
0.5286579620410338
0.5287220203647421
0.5287770752052818
0.5288321004263606
0.5288960602394865
0.5289510238827256
0.5290417954582155
0.5290698195167309
0.5290978285199729
0.5291974396843363
0.5292343491296733
0.5292891334493257
0.5293617782551612
0.5293896713610896
0.5294401630696197
0.5294769582777118
0.5295405400578461
0.5295862216818543
0.5296318788293215
0.5297042962757217
0.5297409714909432
0.5297776270698465
0.5298142630286966
0.5298954728699247
0.5299588066403857
0.5299953647576218
0.5300408148715702
0.5300909633567297
0.5301630846245616
0.5302262628782377
0.5302983094907198
0.5303347187237727
0.530388903223489
0.5304519537810476
0.5304794002834771
0.530560173537474
0.530605352269722
0.5306593924103399
0.5306778712482695
0.5307585055456285
0.5308302184970736
0.530884141199786
0.5309557825237565
0.5310007718029959
0.5310191303113974
0.5310640788062728
0.5311090033947673
0.5311763350524955
0.5312259127680378
0.5312441873859041
0.531271307257724
0.5313072653389131
0.5313697551128942
0.53141451588584
0.5314415617733519
0.5314774365285309
0.5315309739991441
0.5315668060209742
0.5316114552318182
0.5316825823098549
0.5317183456828222
0.5317982359334309
0.5318162960865277
0.5318431711688254
0.5318964984874648
0.5319145183050158
0.5319636716335238
0.5320127998312731
0.5320660268442546
0.5321104150700755
0.5321459715134276
0.5321991211617669
0.5322258317267604
0.5322613295309381
0.5323320046815552
0.5323633420710921
0.5324163647237456
0.5324605672685216
0.5325182170571077
0.5325447946787653
0.5325889288129387
0.5325891249549854
0.532659566061392
0.5327475267083646
0.5327874607268845
0.5328402470693199
0.5328754626951987
0.5329018906308205
0.5329458383744504
0.5329809984575924
0.5330424267911652
0.53311258278205
0.5331301560608348
0.5331564754493126
0.5332265462244986
0.5332965802097965
0.533357828985735
0.533366568710021
0.5334102792787927
0.5334673718262076
0.5335110334276144
0.5335808833168212
0.5336157575232748
0.5336640061479804
0.533698840620788
0.5337598408011917
0.5337771805515604
0.5338119580580346
0.5338641596320935
0.5338727396370081
0.5339423311594533
0.5339944577094272
0.5340726930578429
0.5340899193472334
0.5341204949364482
0.5341725209585246
0.5342158168199165
0.5342550377612039
0.5342808928167271
0.5343328231537797
0.5343760324111059
0.5344539860238301
0.5344623833444427
0.5344968378621989
0.5345399593541847
0.5345570103844358
0.5345914133434989
0.5345824076649852
0.5346081102179098
0.5346684939117436
0.5347201748153618
0.5347804979539189
0.5348494565877561
0.534892385540449
0.5349266298223122
0.5349348759871659
0.5349604335857965
0.5349819528963292
0.5350074852241704
0.53503300429918
0.5350844569762392
0.5351358829585481
0.5351959267291044
0.5352127282623288
0.5352468010467594
0.5352981316566809
0.5353494356702169
0.5353748133054459
0.535400177798892
0.5354169003630421
0.5354767470953279
0.5355193141932947
0.5355791034741215
0.5356262391168514
0.535651499483752
0.535685362281166
0.5357708871657111
0.5358391457852172
0.535894764934929
0.5359371369058697
0.5359880914475873
0.5360562241391282
0.536115721669741
0.5361665907189583
0.5361658601153936
0.536216690011762
0.5362503114283436
0.5362839155191251
0.5363089155839937
0.5363768252792844
0.5364275354235569
0.5364610592962947
0.5364859880421833
0.5365109039608917
0.5365015132160038
0.5365606973567416
0.5365855748543724
0.5366361401191606
0.536686679399377
0.536737192714201
0.5367876800870524
0.536838141533377
0.5369273943775017
0.5370120094430277
0.5370110656920575
0.5370574606512389
0.5370867380084633
0.5371199562494484
0.5371702433023225
0.5372119638553029
0.5372622015784166
0.5373209499263903
0.5373369973375745
0.5373701005069099
0.5374117165379033
0.537470366517495
0.5375119356158365
0.5375534834559721
0.5375950100554232
0.5376581334915097
0.53769961248553
0.5377325556641375
0.5377910193653455
0.5378540305015277
0.5378784011439189
0.5379112653537996
0.537935608960084
0.5379769434808669
0.5380522549170386
0.5380680466326961
0.5381602867968518
0.538184535942066
0.538285190280056
0.5383688159994947
0.5384354261083725
0.5384641490542804
0.5384882902296253
0.5385039390110903
0.5385534916450083
0.5386114948760926
0.5386355740463908
0.5386935269348725
0.5387091036900366
0.5387839428300354
0.5388164187820287
0.5388827297878276
0.5389320856569926
0.538989875067021
0.5390391787106426
0.5390715487437567
0.5391123545174107
0.5391446895885992
0.5391854561428012
0.5392515392345651
0.5392838144778296
0.5393498391902033
0.5393989518362998
0.5393974165355353
0.539480232470481
0.5395208419421769
0.5395361385346827
0.5396104279226166
0.5396594001999658
0.5396746501769487
0.5397404259976508
0.5397556478028215
0.5397961159321082
0.5398113159902643
0.5398685771502059
0.5398921628830353
0.5399493747538788
0.5399813355980269
0.5400262246578759
0.5401047050024442
0.5401198007240219
0.5401348888387048
0.5401751601720923
0.5402238060451908
0.540297605559915
0.5403713679190335
0.540394762228183
0.5404349175202952
0.5404834368784059
0.5405151675171117
0.5405552622541101
0.540603714780623
0.5406688946397846
0.5406837993319957
0.5407238114378345
0.5407721729811455
0.5408121428143697
0.5408604579180608
0.5408836590819367
0.5409068486051581
0.5409634626469869
0.5410284052445449
0.5410598958982267
0.5411247817849303
0.5411812844993212
0.5412377589103622
0.5412942050391963
0.5413840004676507
0.5414570663466736
0.5415217554487703
0.5415947503151425
0.541676044715028
0.5416989607558592
0.5417218653407211
0.5417614180634668
0.5418259341615914
0.5419153949257737
0.5419382225890662
0.5420026462285581
0.5420420795170773
0.5420898104488853
0.5421042565749
0.5421353218446288
0.5421580605218405
0.542180787862583
0.5422616525857737
0.5423009525707947
0.5423530388575938
0.5423839960164432
0.542439834024232
0.5424790508585045
0.5425016589249412
0.5424910854962061
0.5425136793240499
0.5425942809779923
0.5426582698047665
0.5426935853995011
0.5427371664264768
0.5427845124529419
0.5428235566812152
0.5428791339765153
0.5428767644678207
0.542948845211842
0.5430043500552443
0.543051559348003
0.5430536382951582
0.5430722443519156
0.5430946164783551
0.5431500173464575
0.5432136486760566
0.5432607367543804
0.5433160553337841
0.5433465911900662
0.5433815946872338
0.5434533382818484
0.5435168006599179
0.5435719879635784
0.5435941813978779
0.5435834054301919
0.5436467729319479
0.5437018735853548
0.5437651805199147
0.5438119932495591
0.5438258651192804
0.5438561849516682
0.5438864898205646
0.5438838863537279
0.5439634973485777
0.5440019726301794
0.544040428940911
0.544070651058184
0.5441008582815853
0.5441721065813153
0.5442231598987003
0.5442577743489432
0.54432072731479
0.5443836492947703
0.5444301378627855
0.544484802768169
0.5445148492122159
0.5445530760597449
0.5445667046285955
0.5446130910933876
0.5446512656310605
0.5446402986663054
0.5446866328899496
0.5447247612582312
0.5447546898131598
0.5448009618609557
0.5448635653723561
0.5449261381758082
0.5449396418562802
0.5450021653336323
0.5450809962987531
0.5451434545043973
0.5451531778697657
0.545174772656793
0.5451844839261536
0.5452550158695245
0.545317356085718
0.5453552001700154
0.5453848725241571
0.545422681588805
0.5454767706230994
0.5455026886097006
0.5455485867888044
0.5456188925077835
0.5456647398839601
0.5457187042167153
0.5457645048410222
0.5457858769933442
0.5458397722645301
0.5459017726451424
0.545968181189964
0.5460020481478115
0.5460477134600251
0.5460490507488359
0.5460703176391382
0.5461159333211402
0.54612905582551
0.5461628359949289
0.5462083962155623
0.5462052629871473
0.5462345709045263
0.5463125121612961
0.5463255678227643
0.546362929105477
0.5463921702068872
0.5464177230573941
0.5464874276221765
0.5465490021461761
0.5466105467643484
0.5466639692494449
0.5467011852274517
0.5467464714678041
0.546783649375275
0.5468288936492051
0.546857951101562
0.5469031554289211
0.546980651937061
0.5469979162291615
0.5470269048161756
0.5471087323304218
0.5471699636005436
0.5472392341025898
0.547276203383126
0.5473292847170308
0.5474226554755526
0.5474595535784267
0.5475044929602433
0.5475252390965405
0.5475862513385192
0.547647234100242
0.5477081874027289
0.5477771606581249
0.5477897684755448
0.5478586887437054
0.5479114886222333
0.5479481797779905
0.5480009326036255
0.5480456222424281
0.5481143977564876
0.5481429707644271
0.548139402263207
0.5481920454824094
0.5482526914092167
0.5482731774651666
0.5483257504630364
0.5483782981563705
0.5484228002214676
0.548479697222051
0.5485562200375157
0.5486086622000038
0.5486450537657975
0.5486974493715069
0.5487257932767364
0.5487941581528777
0.5488384752081404
0.5488587617645457
0.54889504088622
0.5489313025953925
0.5489595495910305
0.5490081633638304
0.5490727418062323
0.5491009350274214
0.5491530840531299
0.5491812445076245
0.5492333493055421
0.5492694610782964
0.549285993662737
0.5493460166465091
0.5493740974473995
0.5494101412635095
0.549454142377028
0.5494662318920085
0.54951816928218
0.5495541441882588
0.549606035739835
0.549649937474462
0.5496540026598883
0.5496819495424315
0.5497417203262603
0.5498014625720996
0.5498373097629218
0.5498810934622946
0.5499212773739091
0.5499968200469831
0.5500405347398202
0.5500762825003788
0.5501596784184556
0.5501874384465949
0.5502310660802104
0.5502667344084661
0.5503500055566546
0.5504094328244945
0.5504450332388331
0.5504647547743344
0.5504844669280261
0.5505358784918768
0.5505872656081869
0.5506465517243943
0.5507058096618981
0.5507650394404796
0.5507925699528425
0.5508481955564908
0.5508756934715701
0.550934827157456
0.5509781121209402
0.5510415513341282
0.5510847907901638
0.5511280097388548
0.5511395966358874
0.5512064851541564
0.5512259471074934
0.5512848862006547
0.551320111167009
0.5513790000472774
0.551398402727323
0.5514493554044487
0.5514809702231481
0.5515397657826144
0.5515669964918495
0.5516099791111749
0.5516292998148778
0.5516958833964914
0.5517545587011496
0.5517895814463544
0.5518088414750473
0.5518280924083587
0.5518866810940303
0.551929507100555
0.5519723128963745
0.5520150984945298
0.5520578639104661
0.5520691687954414
0.552104043063105
0.5521389008911602
0.552158033225231
0.552200714595053
0.5522276741899537
0.5522938660185295
0.5523364852660997
0.5524104656187505
0.5524844111524945
0.5525077632449494
0.5525110933405551
0.5525692876847352
0.552627454668159
0.5526855943094312
0.5527123768347568
0.5527782998181688
0.5528363630665649
0.5528552643931302
0.5529211074073074
0.5529790962573665
0.5530057722088884
0.5530402552312418
0.5530903575838259
0.5531091727625501
0.5531592354704541
0.5531858379422416
0.5532046175233056
0.553223388306073
0.5532733773634442
0.5533233430104156
0.5533576790423997
0.5534232041438916
0.5534497012809194
0.5534917812913065
0.5535416374328324
0.5535836762686305
0.5536256954500534
0.5536832756843963
0.5537330404848392
0.5537594219148573
0.5538169305750398
0.5538510631675556
0.5538929610776886
0.5539426188700768
0.5539922534879571
0.5540496407582151
0.5541147752536217
0.5541565628300343
0.5542259485745338
0.5542676910881562
0.5543094141499256
0.5543588827727478
0.5543815793561983
0.5544077241884208
0.5544648953998518
0.5545297978316314
0.554555889927018
0.55460523254942
0.5546588521672958
0.5547081482849539
0.5547341748605953
0.5547911776324926
0.5548558991871737
0.5549438210948926
0.5549852521070956
0.5550111841235754
0.555075794506772
0.555109429758517
0.555135314909553
0.5551843861398158
0.5552179728034411
0.5552824603310016
0.555308281367669
0.5553572670170793
0.555390782491435
0.555416560489857
0.5554423265467494
0.5554989541596329
0.5555246892136292
0.5555581271559201
0.5556069756495116
0.5556558015434767
0.5557200237453239
0.555761093254622
0.5558021437759914
0.5558354712211365
0.5558841879061653
0.5559559837059697
0.5560200475783482
0.556045596940073
0.5560865249217462
0.5561197405773227
0.5560990993070786
0.5561015372085076
0.5561193502019122
0.5561602139879042
0.5562394817535422
0.5562418850501195
0.5562750113291439
0.5563541978629923
0.5564026379839919
0.5564433800790133
0.5564610815665733
0.5565094636377227
0.5565620925060035
0.5566180981589942
0.5566510772062955
0.5567223670085565
0.5567476434976815
0.5568188783326526
0.5568364611255794
0.5568693521205433
0.5569022280069118
0.5569503980407438
0.5569908930892442
0.5570432826561104
0.5570837381142107
0.5571165273515666
0.5571645933519059
0.5572049931578696
0.5572377320422497
0.5572628152716529
0.5573337203708845
0.5573740444027289
0.5574143499606031
0.5574699043511732
0.5574872738096139
0.5575427860730751
0.5575525024988235
0.5575927211165629
0.5575871718422711
0.5576121177931791
0.5576599166213199
0.5576695951657406
0.5577249769555005
0.5578031820500242
0.5578399122807175
0.5578952176494738
0.5579428867173112
0.5579524874816675
0.5580001217212658
0.5580401283867312
0.5580953249990195
0.5581504964339916
0.5581372370175138
0.5581771759446453
0.5582474853381847
0.5583101672519899
0.558342445780659
0.5583974855362829
0.558444909979575
0.5584316046686851
0.5584789997576635
0.5585036180768302
0.558528225194176
0.5585907291989216
0.5586304651027856
0.5586777611059667
0.5587326120551556
0.5587647139016041
0.5587892281589507
0.5588137312798866
0.5588609319647809
0.5588854076797268
0.5589401367964997
0.5589948410719606
0.55904195783024
0.5590966141935924
0.5591588050317137
0.5591907374657855
0.5592377670990294
0.559277221291085
0.5593242100175555
0.5593711774559113
0.5593728296644463
0.5594122175427914
0.5594440420142
0.5594758520804483
0.5595151899109877
0.5595545099455541
0.5595711959472869
0.559618022580685
0.5596497573619632
0.5597116123493087
0.5597357797068697
0.55972228497394
0.5597389104708992
0.5597480016264269
0.5597646138097435
0.5598037888021955
0.559842946114185
0.5598745657175802
0.5599437627804001
0.5600279619354703
0.5600895782606581
0.5601661933309479
0.560190192896384
0.5602442211503457
0.5602681923300353
0.5603371916703909
0.5603986551400596
0.5604450847102042
0.5604914933836164
0.5605603803871033
0.5606217383477853
0.5606605796192234
0.5607111004521059
0.5607424114134237
0.5607886910331101
0.560812480807304
0.5608662118951582
0.560927405166497
0.5609885709577895
0.5610646752018718
0.5610958576171151
0.5611120668380635
0.5611623767997147
0.5612084691525102
0.5612545408334217
0.5612931189099367
0.5613466222371717
0.5613552839937087
0.5613905380688359
0.5614439840216985
0.5615197999479031
0.5615731930291609
0.5616191009137743
0.5616799075010507
0.5617183130103583
0.5617641576265562
0.5617727086355981
0.5618259735420151
0.5618717633471212
0.561917532684474
0.5619483856563227
0.5619759631858502
0.5620407525142186
0.5620715577619888
0.5621172320905345
0.5621480065179133
0.5621787672102085
0.562209514176589
0.5622667320932261
0.5622974459615205
0.5623207146143553
0.5623885520693053
0.5624415028744693
0.5624870035345534
0.5625547586162545
0.5625927905453773
0.5626530703120991
0.5626836434868752
0.5627438762038012
0.5628040821164293
0.5628790912183451
0.5629170002664786
0.5629400690771877
0.5629779477148072
0.5630158095145784
0.5630948589378786
0.5631178679056806
0.5631408666550886
0.5631934626677151
0.5632238346490406
0.5632467945634195
0.5632993320556716
0.5633296603341033
0.5633747624782937
0.5633976685572573
0.5634542901488023
0.5635215014037648
0.5635443599027495
0.5636115214179954
0.5636417337364948
0.5636645504202747
0.5637242600923309
0.5637839433293659
0.5638288454437715
0.5638663519690545
0.5639259641611846
0.5639708050723472
0.56400825532533
0.564045689019654
0.5640536358952606
0.5640878321147409
0.5641473167924681
0.564177324233319
0.5641999573057815
0.5642225803841581
0.5642746249329913
0.5643160852736607
0.5643607319361628
0.5644200650006574
0.5644646690386836
0.564516603212972
0.5645538181173378
0.5646277494529552
0.5646722684131039
0.5647461410804291
0.564775930929505
0.5648057076580764
0.5648501482372895
0.5648798955226031
0.5649243002171135
0.5649760190096529
0.565005718978617
0.5650500667072742
0.5650912075749926
0.5651281900974938
0.5651578307335596
0.5652094304104163
0.565246362590821
0.5652759577445724
0.5653274974923731
0.5653790146127711
0.5654231931341905
0.5654600378876597
0.5654968664755808
0.5655702347619623
0.5655777847623443
0.5656291792427244
0.565665938466001
0.5657026815787778
0.5657248022668854
0.5657469132643784
0.56581281435504
0.5658275980354914
0.5658788590773792
0.565930097682594
0.5659813138643174
0.5660397996168072
0.5660690982513334
0.566120250443894
0.5661786674636702
0.566215202139135
0.5662517208472984
0.5662809411794455
0.5663069911031332
0.5663580246920705
0.5663799251851682
0.5664204896860193
0.5664423671485921
0.5664933270298177
0.5665151790589594
0.5665588310134574
0.5666170004001677
0.5666606111246223
0.5667187329723423
0.5667405120752603
0.5667768054905239
0.5668099379968777
0.5668679771199914
0.5668969621320749
0.5669331901562498
0.5669621483593338
0.567020103854409
0.5670490305550293
0.5671038037457958
0.5671254520801919
0.5671760758825661
0.5672339223220724
0.5672917436253982
0.567335056809223
0.5673566314081371
0.567414388395353
0.5674648835241622
0.5675225919416497
0.5675585743944694
0.5675945412339576
0.567644953471983
0.567673657044852
0.5677023481706964
0.5677599300535655
0.5678102627451848
0.5678605736243252
0.5679108627048677
0.5679755690807285
0.5680113755297115
0.5680543828887301
0.5680829419266558
0.5681187018956617
0.5681544463914697
0.5681942722007348
0.5682083591635735
0.5682224400365053
0.5682293092763292
0.5682938074513778
0.5683150631653806
0.5683651131982272
0.5683863443298641
0.5684291595883478
0.5684791525733266
0.5684715667080918
0.5685215289658566
0.5685786612208279
0.5686213888212146
0.568656909539905
0.5686924149427401
0.5687422757448372
0.5687633798359926
0.5687844748322392
0.568834283581383
0.5689199666889461
0.5689338367241938
0.5689764050746721
0.5690117805752788
0.5690543138325923
0.5690896573482741
0.5691321555582185
0.569167467132574
0.5692170971539973
0.5692093836442541
0.5692661470571254
0.5693085616875525
0.5693437974388875
0.5693575406987593
0.5693569628954586
0.5694136336967711
0.5694702801702413
0.5695269023329945
0.5695620458833922
0.5696114741666154
0.5696578050062028
0.5696643105745655
0.5697065401457247
0.5697558954427274
0.5697909449962407
0.5698402610668639
0.569860999065387
0.569881728181787
0.5699095846027499
0.5699374291001366
0.5699723948032266
0.5700002139479535
0.5700137610427696
0.5700415594412963
0.5700693459529913
0.5701113715878746
0.5701605032386392
0.5702096138925022
0.5702658244982282
0.5703220110914289
0.5703852915851229
0.5704099060631576
0.5704517965141539
0.5704936690853751
0.5705568593982697
0.570598691695249
0.5706618326588039
0.5706894100929321
0.5707098699641735
0.5707729468597467
0.5708288940963671
0.5708919187613846
0.5709407170750371
0.5709823963652546
0.5710169611805693
0.5710231304089648
0.5710789529682021
0.5710851063832482
0.5711408920077906
0.571189564723771
0.5712027783683742
0.5712443310647723
0.5713071200848789
0.5713698824190108
0.571404291481979
0.571452846219256
0.571465987116039
0.5715145081388155
0.5715276303686389
0.5715761177137118
0.5716175118474325
0.571634645981882
0.5716901498068245
0.5717385619064372
0.5717445533491531
0.5717788030149865
0.5718201018589801
0.5718613832025868
0.5719097077579265
0.5719509526393297
0.5719780646339381
0.5719839965012595
0.5720181447490104
0.5720381720855333
0.5720793461630276
0.5721205028237999
0.5721475445654389
0.572160480341481
0.5721804564245045
0.5722215569283379
0.5722555972644205
0.5722825819092094
0.5723165949766145
0.5723435553449733
0.5723845780344405
0.5723904065739605
0.5724243681817156
0.5724583154598167
0.5724922484165358
0.5725402259253042
0.572567099353644
0.5725869349853568
0.5726348622051526
0.5726616987064311
0.5727095899842308
0.572743419990827
0.572798292961453
0.5728461252356521
0.5728869212584446
0.5729066561925309
0.5729404091478724
0.5730202358753186
0.5730399304585757
0.5730736343369942
0.5731073240458634
0.573126987907053
0.5731536478755134
0.5731522850458056
0.5731999327855946
0.5732195606820361
0.5732571892465147
0.573290791158694
0.5733593569649742
0.5734069116018218
0.5734474536206783
0.5734989792773971
0.5735185159300193
0.5735450327054945
0.5735645515140556
0.5736259744611978
0.5736524520558207
