1.0
0.42857142857142855
0.4
0.0
0.0
0.13157894736842105
0.0
0.0
0.5714285714285713
0.0
0.0
0.0
0.0
0.0
0.0
0.5
0.0
0.25
0.0
0.0
0.0
0.8333333333333333
0.0
0.0
0.3333333333333333
1.0
0.0
0.04
0.0
0.6666666666666666
0.0
0.05263157894736842
0.0
0.0
0.0
0.25
1.0
0.0
0.0
0.0
0.75
0.5
0.23529411764705882
0.0
0.0
0.0
0.0
0.8333333333333333
0.5714285714285714
0.5
0.6666666666666666
0.3333333333333333
0.058823529411764705
0.05263157894736842
0.0
0.0
0.3541666666666666
0.0
0.16666666666666666
0.0625
0.0
0.25
0.0
0.15789473684210525
0.0
0.11764705882352941
0.0
0.5714285714285713
0.0
0.5833333333333333
0.0
0.0
0.5
0.2
0.2727272727272727
0.0
0.0
0.1875
0.0
0.0
1.0
0.0
1.0
0.0
0.5
0.5
0.5
0.8999999999999999
0.2
1.0
1.0
1.0
1.0
1.0
1.0
1.0
0.5
1.0
1.0
0.0
0.125
0.0
0.0
0.0
0.21428571428571427
0.25
0.0
0.0
0.4
0.3333333333333333
0.0
0.0
0.519230769230769
0.4
0.3333333333333333
0.46153846153846156
0.0
0.42857142857142855
0.10526315789473684
0.25
0.3333333333333333
0.5
0.41666666666666663
0.5238095238095237
0.25
0.24999999999999997
0.0
0.3823529411764706
0.0
0.2857142857142857
0.14814814814814814
0.25
0.0
0.0
0.0
0.0
0.3333333333333333
0.0
0.5625
0.1111111111111111
0.1
0.45833333333333337
0.6842105263157894
0.3333333333333333
0.75
0.11764705882352941
1.0
0.8181818181818183
0.25
0.3333333333333333
0.0
0.3333333333333333
0.8
0.25
0.27272727272727276
0.46428571428571414
0.4444444444444444
0.24999999999999997
0.4705882352941177
0.07142857142857142
0.3333333333333333
0.15384615384615385
0.20833333333333331
0.5833333333333333
0.2
0.0
0.2
0.0
0.6111111111111113
0.0
1.0
0.2857142857142857
0.0
0.4444444444444444
0.0
0.0
0.0
0.05555555555555555
0.0
0.0
0.0
0.16666666666666666
0.2857142857142857
0.0
0.0
0.0
0.25
0.0
0.07692307692307693
0.2857142857142857
0.2
0.12903225806451613
0.0
0.0
0.42857142857142855
0.13333333333333333
0.5
0.0
0.0
0.0
0.3333333333333333
0.15254237288135594
0.21739130434782608
0.0
0.40909090909090917
0.0
0.21428571428571427
0.0
0.0
0.0
0.6666666666666666
0.4
0.0
0.2
0.0
0.0
0.0
0.0
0.75
0.2631578947368421
1.0
0.16666666666666666
0.0
0.12903225806451613
0.3333333333333333
0.25
0.0
0.0
0.30000000000000004
0.23076923076923078
0.2222222222222222
0.14285714285714285
0.25
0.5
0.13333333333333333
0.0
0.2
0.5
0.0
0.5
0.25
0.0
0.0
0.2571428571428572
0.46153846153846156
0.1111111111111111
0.9999999999999999
0.0
0.0
0.0
0.0
0.4
0.0
0.0
0.06666666666666667
0.7142857142857142
0.14285714285714285
0.5
0.5
0.36363636363636365
0.3333333333333333
0.5
0.0
0.08333333333333333
0.0
0.0
0.25
0.0
0.2727272727272727
0.16666666666666666
0.0
0.0
0.0
0.25
0.037037037037037035
0.75
0.6428571428571427
0.8181818181818183
0.6666666666666666
0.125
0.7
0.03225806451612903
0.0
0.75
1.0
0.5555555555555556
0.0
0.3333333333333333
0.0
0.2857142857142857
0.2222222222222222
0.6666666666666667
0.18181818181818182
0.2051282051282051
0.6666666666666666
0.3333333333333333
0.0
0.0
0.5
0.0
0.0
0.0
0.0
0.0
0.0
0.0
0.6666666666666666
1.0
0.0
0.3333333333333333
0.3333333333333333
0.0
0.5
0.16666666666666666
0.25
1.0
0.0
0.08333333333333333
0.0
1.0
0.0
0.0
0.0
0.13636363636363635
0.0
0.25
0.0
0.125
0.18181818181818182
0.0
0.6363636363636365
1.0
1.0
0.8
0.0
0.375
0.0
0.6666666666666666
1.0
0.6666666666666666
0.7142857142857142
0.3125
0.2727272727272727
0.0
0.0
0.5
0.25
0.6666666666666666
0.0
0.0
0.25
0.0
0.0
0.0
1.0000000000000002
0.7142857142857142
1.0
1.0
0.25
0.9999999999999999
1.0000000000000002
0.375
0.3333333333333333
0.0
0.0
0.0
1.0
0.0
0.0
0.0
0.0
0.2
0.0
0.0
0.6666666666666666
0.14285714285714285
1.0
0.5714285714285713
0.0
0.5714285714285714
0.8181818181818183
0.0
0.0
0.0
0.0
0.0
1.0
0.25
0.0
0.0
0.14285714285714285
0.0
0.0
0.0
0.5714285714285714
0.3333333333333333
0.0
0.0
0.3333333333333333
0.0
0.0
0.0
0.0
0.04
1.0
0.0
0.0
0.0
0.5
0.49999999999999994
0.0
0.0
0.11764705882352941
0.16666666666666666
0.6666666666666666
0.3333333333333333
0.18181818181818182
0.5
0.0
0.0
0.0
0.42857142857142855
0.0
0.0
0.0
0.0
0.0
0.5
0.29166666666666663
0.0
0.0
0.5
0.2
0.0
0.0
0.0
0.2
0.0
0.0
0.7
0.75
0.0
0.5
0.0
0.0
0.0
0.0
0.25
0.25
0.25
0.9999999999999999
0.0
0.0
0.0
0.5
0.0
0.0
0.0
0.4
0.0
0.0
0.0
0.0
0.0
1.0
0.0
1.0
0.3333333333333333
0.0
0.6923076923076923
0.0
0.0
0.0
0.2
0.3333333333333333
0.39285714285714274
0.6666666666666666
0.7777777777777779
0.0
0.3076923076923077
0.625
0.6666666666666666
0.19230769230769232
0.15384615384615385
0.25
0.0
0.0
0.7
0.49999999999999994
1.0
0.3333333333333333
0.25581395348837205
0.9090909090909093
0.0
0.0
0.0
0.8181818181818183
0.0
0.5
1.0
0.0
0.0
0.0
0.0
0.6666666666666666
0.0
0.0
0.0
0.09090909090909091
0.0
0.0
0.0
0.0
0.0
0.6000000000000001
0.36363636363636365
0.5
0.5
0.0
0.0
0.21212121212121213
0.0
0.0
0.0
0.0
0.125
0.0
0.0
0.0
1.0
0.0
0.0
0.0
0.0
0.0
0.0
0.0
0.31914893617021267
0.0
0.5
0.0
0.5
0.3333333333333333
0.0
0.2
0.0
0.0
0.0
0.0
0.0
0.0
1.0
0.0
0.6842105263157894
0.44999999999999996
0.5238095238095237
0.375
0.4838709677419353
0.625
0.0
0.1111111111111111
0.0
0.4
0.0
0.06666666666666667
0.0
0.5
0.0
0.0
0.16666666666666666
0.5714285714285714
0.0
0.0
0.0
0.0
0.0
0.0
0.0
0.1
0.0
0.0
0.0
0.0
1.0
0.5
0.0
0.0
0.0
0.0
0.2
0.0
0.0
0.25
0.0
0.15625
0.07142857142857142
0.0
0.0
0.09090909090909091
0.0
0.0
0.0
0.0
1.0
0.0
0.0
0.0
0.0
0.375
0.0
0.0
0.0
0.0
0.3333333333333333
0.2727272727272727
0.0
0.0
0.0
0.0
1.0
0.0
0.0
0.0
0.0
1.0
0.0
0.0
0.2222222222222222
0.0
0.42857142857142855
0.2
0.2
0.0
0.0
0.3333333333333333
0.0
0.0
0.75
1.0
0.5
0.5
0.0
0.8
0.6666666666666666
0.0
0.6666666666666666
0.0
1.0
0.0
0.0
0.0
0.0
0.0
1.0
0.6000000000000001
1.0
1.0
0.6666666666666666
0.0
0.0
0.0
0.0
0.0
0.0
0.0
0.25
0.5
1.0
0.0
0.25
0.0
0.0
1.0
0.0
0.6666666666666666
0.5
0.0
0.0
0.0
0.0
1.0
0.0
0.0
0.5
0.0
0.0
0.6190476190476191
0.16666666666666666
0.5
0.4
0.3333333333333333
0.3333333333333333
0.2631578947368421
0.0
0.5
0.3333333333333333
0.5
0.3333333333333333
0.2
0.5
0.5
0.6666666666666666
0.6363636363636365
0.0
0.0
0.5
0.0
0.0
0.0
0.8
0.0
0.0
0.0
0.4666666666666666
0.5
0.0
0.3333333333333333
0.6190476190476191
0.5
0.0
0.5
0.0
0.3333333333333333
0.5
0.0
0.0
0.5
0.5
0.5
0.0
1.0
0.5714285714285713
0.0
0.0
0.0
0.0
0.0
0.0
0.0
0.7619047619047621
0.0
0.6428571428571427
1.0
0.0
1.0
1.0
0.6666666666666666
0.6666666666666666
0.05128205128205128
1.0
1.0
0.0
0.0
1.0
0.5
0.3333333333333333
1.0
0.0
0.0
1.0
0.0
0.0
0.6666666666666666
0.0
0.3333333333333333
0.5
0.0
1.0
1.0
1.0
0.7142857142857142
0.0
0.0
0.0
0.0
0.1875
0.0
0.0
0.0
0.0
0.0
0.0
0.0
0.0
0.0
0.0
0.0
0.4
0.5
0.0
0.0
0.9166666666666667
0.5
0.0
0.6666666666666666
1.0
0.0
0.16666666666666666
0.6000000000000001
0.0
0.1111111111111111
0.0
0.0
0.0
0.0
0.0
1.0
0.0
0.0
0.0
0.0
0.14285714285714285
0.0
0.5
0.0
0.0
0.3333333333333333
0.0
0.0
0.0
0.0
0.3333333333333333
0.0
0.0
0.0
0.0
1.0
0.0
0.8
0.0
0.0
1.0
0.0
0.0
1.0
0.0
0.875
0.0
0.3333333333333333
0.0
0.0
0.0
0.0
0.0
0.0
0.0
0.0
0.0
0.0
0.8
0.0
0.0
1.0
0.0
0.0
0.0
0.0
1.0
1.0
1.0
1.0
1.0
0.0
0.3333333333333333
0.0
0.0
0.6000000000000001
0.0
0.5
1.0
0.0
0.4
1.0
0.0
0.0
0.0
1.0
0.0
0.0
1.0
0.0
0.0
0.5
0.0
0.0
0.0
0.7142857142857142
0.0
0.0
0.0
0.0
0.0
0.0
1.0
0.5714285714285714
0.0
1.0
0.0
0.0
0.3333333333333333
0.0
0.0
0.0
0.0
1.0
0.0
0.0
0.0
0.0
0.9999999999999998
0.0
0.0
0.0
0.0
0.0
0.0
0.0
1.0
0.7777777777777779
1.0
1.0
1.0
1.0
1.0
0.6363636363636365
0.6666666666666666
0.0
0.0
0.5
0.0
0.6000000000000001
0.0
0.0
0.0
0.0
0.0
0.0
0.0
0.0
0.0
0.25
0.0
0.0
0.5
0.0
0.0
1.0
1.0
0.3333333333333333
0.0
0.0
0.0
0.0
0.2
0.2
0.0
0.0
0.0
0.0
1.0
0.0
0.0
0.5
0.0
0.3333333333333333
1.0
1.0
0.0
0.3333333333333333
0.0
1.0
0.0
0.0
0.3333333333333333
0.0
0.0
0.0
0.0
0.5
0.0
1.0
0.0
0.0
0.0
0.0
0.42857142857142855
0.0
0.0
0.0
0.0
0.16666666666666666
0.5833333333333333
0.0
0.0
1.0
0.06666666666666667
0.0
0.0
0.0
0.0
0.0
0.0
0.0
0.0
0.5
0.0
0.0
0.5
0.4
0.0
0.2
0.0
0.0
0.0
0.0
0.3333333333333333
0.058823529411764705
0.0
0.0
0.0
0.0
0.9999999999999999
1.0
0.8
0.6666666666666666
0.3333333333333333
0.0
0.0
0.6
1.0
0.8333333333333333
1.0
0.0
0.0
0.0
0.0
0.0
0.0
0.0
1.0
0.0
0.0
0.0
0.0
0.0
0.0
0.0
0.0
0.0
0.0
1.0
0.0
0.2
0.0
0.0
0.0
0.0
0.0
0.0
0.0
0.0
0.0
0.0
0.5
0.0
0.5
0.41666666666666663
1.0
0.0
0.0
0.0
0.0
0.0
0.25
0.0
1.0
0.0
0.0
0.0
0.0
0.0
1.0
0.0
0.5
0.0
0.0
0.0
0.0
0.5
0.0
0.5
0.0
0.0
0.0
0.0
0.0
0.0
0.25
0.6666666666666666
0.0
0.0
0.0
0.0
0.0
0.4
0.0
0.0
0.0
0.0
0.0
1.0
0.0
0.0
0.5
0.0
0.0
0.0
0.0
0.0
0.0
0.0
0.0
0.0
0.2
0.0
0.0
0.0
0.0
0.0
0.0
0.0
0.0
0.0
0.0
0.0
0.0
0.0
0.0
0.07692307692307693
0.3333333333333333
0.0
0.0
0.0
0.0
0.0
0.0
1.0
0.0
1.0
1.0
0.5
1.0
0.0
0.5
0.0
0.0
0.0
0.0
0.0
0.0
0.6666666666666666
0.0
0.0
0.4
0.0
0.0
0.0
0.0
1.0
0.0
0.0
0.0
0.0
0.0
0.0
0.0
0.0
0.5
0.0
0.0
0.0
0.0
0.5
1.0
0.0
1.0
0.0
0.0
1.0
0.0
0.7142857142857142
0.0
0.0
0.0
0.0
0.0
0.0
0.0
0.0
0.0
0.5
0.0
0.0
0.0
0.0
0.3333333333333333
0.0
0.0
0.0
0.0
0.0
0.0
0.0
0.0
0.0
0.0
0.0
1.0
0.5
0.0
0.0
0.0
0.5
0.5
0.0
0.0
0.2
0.0
0.0
0.0
0.0
0.0
0.0
1.0
0.0
0.0
0.0
0.0
0.0
1.0
0.0
0.0
0.0
0.0
0.0
0.0
0.0
0.0
1.0
0.0
1.0
0.0
0.0
0.0
0.0
0.0
0.0
1.0
0.6000000000000001
0.2
0.29411764705882354
0.0
0.0
0.0
0.0
0.0
0.0
0.0
0.0
0.0
0.0
1.0
0.0
0.0
0.0
0.0
1.0
0.0
0.0
0.0
1.0
1.0
0.0
0.0
0.06666666666666667
0.0
0.0
0.0
0.0
0.0
0.0
0.0
0.0
0.0
0.0
0.0
0.0
0.0
0.3333333333333333
0.3333333333333333
1.0
0.0
0.5
0.0
0.0
0.0
0.0
1.0
0.0
0.0
0.0
0.0
0.0
1.0
0.0
0.0
0.0
0.0
0.0
0.0
0.0
0.0
0.3076923076923077
0.0
0.0
0.0
0.3333333333333333
0.0
0.0
0.0
0.0
0.0
1.0
0.2857142857142857
0.0
0.0
0.0
0.0
0.0
0.0
0.0
0.0
0.0
0.0
0.0
0.0
0.0
0.0
0.0
0.0
0.6666666666666666
0.0
0.0
0.0
0.0
0.0
0.0
0.0
1.0
0.0
0.0
1.0
0.0
0.0
0.0
0.0
0.0
0.0
0.0
0.0
0.0
0.0
0.0
0.0
0.0
0.0
0.0
0.2
0.05263157894736842
0.0
0.0
0.0
0.0
0.25
0.0
0.0
0.0
1.0
0.0
0.0
0.0
1.0
0.0
0.0
0.0
0.0
0.0
0.0
0.1111111111111111
0.0
0.0
0.5
0.0
0.0
0.0
0.0
0.0
0.0
0.0
0.08333333333333333
0.0
0.0
0.0
0.25
0.0
0.0
0.0
0.0
0.14285714285714285
0.0
0.3333333333333333
0.0
0.5
0.25
0.75
0.0
0.0
0.0
0.0
0.0
0.25
0.30000000000000004
0.0
0.5
0.0
0.5
0.0
1.0
0.0
0.0
0.0
0.0
0.16666666666666666
0.0
0.0
0.0
0.0
1.0
0.0
0.0
0.0
1.0
0.0
1.0
0.3333333333333333
0.0
0.0
0.0
0.0
0.0
0.0
0.0
0.0
0.0
0.0
0.0
0.0
0.0
0.0
0.0
0.0
0.0
0.0
0.0
0.0
0.0
0.0
0.5
0.0
0.0
0.0
0.0
0.0
0.0
0.0
0.14285714285714285
0.25
0.0
0.0
0.0
0.0
0.0
0.5
0.0
0.0
0.0
0.0
0.0
0.0
0.0
0.0
0.0
0.0
0.2
0.0
0.0
0.0
0.3333333333333333
0.0
0.0
0.0
0.16666666666666666
0.0
0.0
0.0
0.0
0.0
0.0
1.0
0.0
0.0
0.0
0.0
0.0
0.0
0.0
0.0
0.375
0.25
0.0
1.0
0.0
0.0
0.0
0.0
0.0
0.0
0.2727272727272727
0.0
0.0
0.0
0.0
0.0
0.1111111111111111
0.0
0.0
0.0
0.0
0.0
0.0
1.0
0.25
0.6666666666666666
1.0
0.0
0.0
0.0
0.0
0.0
0.0
0.4
0.5
0.0
0.0
0.0
0.0
0.0
0.5
0.23076923076923078
0.0
0.0
0.0
0.3333333333333333
0.5
0.0
0.0
0.0
0.0
0.5
0.0
0.0
0.0
0.0
0.0
0.0
0.0
0.0
0.2857142857142857
0.2
0.0
0.0
0.0
0.0
0.0
0.0
0.0
0.0
0.0
0.0
0.0
0.14285714285714285
0.0
0.06666666666666667
0.0
0.0
0.0
0.0
0.0
0.0
0.0
0.0
1.0
1.0
0.2
0.0
0.0
0.0
0.0
0.0
0.0
0.0
0.0
0.0
0.0
0.0
0.0
0.0
0.0
0.0
0.8333333333333333
0.0
1.0
1.0
0.0
0.0
0.0
0.0
0.0
0.0
0.0
0.0
0.0
0.5
0.0
0.0
0.0
1.0
1.0
0.2222222222222222
0.3333333333333333
0.0
0.0
0.0
0.0
0.0
0.0
0.0
0.0
0.0
0.0
0.0
0.0
0.0
0.0
1.0
0.0
0.0
0.0
0.0
0.0
0.0
0.0
0.0
0.3333333333333333
0.0
0.0
0.0
0.25
0.0
0.0
0.0
0.0
0.0
0.0
0.0
0.0
0.0
0.0
0.0
0.14285714285714285
0.0
0.0
0.0
0.5
0.25
0.0
0.0
0.0
0.0
0.0
0.0
0.0
0.0
0.0
0.0
0.0
0.0
0.0
0.0
0.0
0.0
0.0
0.0
0.0
0.0
0.0
0.0
0.0
0.0
0.0
0.0
0.0
0.0
0.0
0.0
0.0
0.0
0.5
0.5
0.0
0.0
0.0
1.0
0.0
0.0
0.0
1.0
0.0
0.0
0.0
0.0
0.0
0.0
0.0
0.0
0.0
0.0
0.0
0.0
0.0
0.0
0.0
0.0
0.0
0.0
0.0
0.0
0.0
0.0
0.0
0.5
0.0
0.0
0.0
0.0
0.0
0.0
0.0
0.5
1.0
0.0
0.5
0.0
1.0
0.0
0.0
0.0
0.0
0.0
0.0
0.0
0.0
0.0
1.0
0.0
0.0
0.0
0.0
0.0
0.0
0.0
0.0
0.3333333333333333
0.0
0.0
0.0
0.0
0.0
0.3333333333333333
0.5
0.0
0.0
0.0
0.0
0.0
0.0
0.5
0.0
0.5
0.0
0.0
0.0
0.0
0.0
0.0
0.0
0.0
0.0
0.1111111111111111
0.0
0.0
0.0
0.25
0.0
0.0
0.0
0.0
0.0
0.0
0.0
0.0
0.0
0.25
0.0
0.125
0.0
0.0
0.0
0.0
0.0
0.0
0.0
0.0
0.0
0.0
1.0
0.0
0.0
0.0
0.0
0.0
0.0
0.0
0.0
0.0
0.0
0.0
0.0
0.0
0.0
0.0
0.0
0.0
0.0
1.0
0.0
0.0
0.0
0.0
0.0
0.0
0.0
0.16666666666666666
0.0
0.0
0.5
0.0
0.0
0.0
0.0
0.0
0.0
0.0
0.0
0.0
1.0
0.0
0.0
0.0
0.0
0.0
0.0
0.0
0.0
0.0
0.0
0.0
0.0
0.0
0.0
0.0
0.0
0.0
0.0
0.0
0.5
0.0
0.0
0.0
0.0
0.0
0.0
0.5
0.0
0.0
0.0
0.0
0.0
0.0
0.0
0.0
0.0
0.0
0.0
0.0
0.0
1.0
0.0
1.0
0.0
0.0
0.0
0.0
0.0
0.0
0.0
0.0
0.0
0.0
0.0
0.0
0.0
0.0
0.0
0.0
0.0
0.0
0.0
0.0
0.0
0.0
0.0
0.0
0.0
0.0
0.0
0.0
0.0
0.0
0.0
0.0
0.0
0.6666666666666666
0.0
0.0
0.0
0.0
1.0
0.0
0.0
0.0
0.0
0.0
0.0
0.0
0.0
0.0
0.0
0.0
0.0
0.6666666666666666
0.0
0.0
0.0
0.0
0.0
0.0
0.0
0.0
0.0
0.0
0.0
0.0
0.0
0.0
0.5
0.0
0.0
0.0
0.0
0.5
0.0
0.0
0.0
0.0
0.0
0.0
0.0
0.0
0.0
0.0
0.0
0.0
0.0
0.0
0.0
0.0
0.0
0.0
0.0
0.0
0.0
0.0
0.0
0.0
0.0
0.0
0.0
0.0
0.0
0.0
0.0
0.0
0.0
0.0
0.0
0.0
0.0
0.0
0.0
0.0
0.5
0.0
0.0
0.5
0.0
0.0
0.0
1.0
0.0
0.0
0.0
0.0
0.0
0.0
0.0
0.0
1.0
0.0
0.0
0.3333333333333333
0.0
0.0
0.0
1.0
0.0
0.0
0.0
0.0
0.0
0.0
0.0
0.0
0.0
0.0
0.0
0.0
0.0
0.0
0.0
1.0
0.0
0.0
0.0
1.0
0.0
0.3333333333333333
0.0
0.0
0.0
0.0
0.0
0.0
0.0
0.0
0.0
0.0
0.0
1.0
0.0
0.0
0.0
0.0
0.0
0.0
0.0
0.0
0.0
0.0
0.0
0.0
0.0
0.0
0.0
0.0
0.0
0.0
0.0
0.0
0.0
0.0
0.0
0.0
0.0
0.0
0.0
0.0
0.0
0.0
0.0
0.0
0.0
0.0
0.0
0.0
0.0
0.0
0.0
0.0
0.0
0.0
0.0
0.0
0.0
0.0
0.0
0.0
0.0
0.0
0.0
0.0
0.0
0.0
0.0
0.0
0.0
0.0
0.0
0.0
0.0
0.0
0.0
0.0
0.0
0.0
0.0
0.0
0.0
0.0
0.0
0.0
0.0
0.0
0.0
0.0
0.0
0.0
0.0
0.0
0.5
0.0
0.0
0.0
0.0
0.0
0.0
0.0
0.0
0.0
0.0
1.0
0.0
0.0
0.0
0.0
0.0
0.0
0.0
0.0
0.0
0.0
0.0
0.0
0.0
0.0
0.0
0.0
0.0
0.0
0.0
0.0
0.0
0.0
0.0
0.0
0.0
0.0
0.0
0.0
0.0
0.0
0.0
0.0
0.0
0.0
0.0
0.0
0.0
0.0
0.0
0.0
0.0
0.0
0.0
0.0
0.0
0.0
0.0
0.0
0.0
0.0
0.0
0.0
0.0
0.0
0.0
0.0
0.0
0.0
0.0
0.0
0.0
0.0
0.0
0.0
0.0
0.0
0.0
1.0
0.0
1.0
0.0
0.0
0.0
0.0
0.0
0.0
0.0
0.0
0.0
0.0
0.0
0.0
0.0
0.0
1.0
0.0
0.0
0.0
0.0
0.0
0.0
0.0
0.0
0.06666666666666667
0.19999999999999998
0.1724137931034483
0.19999999999999998
0.2333333333333333
0.26666666666666666
0.2333333333333333
0.3
0.3
0.3
0.2333333333333333
0.2333333333333333
0.16666666666666666
0.19999999999999998
0.36666666666666664
0.24137931034482762
0.16666666666666666
0.4333333333333333
0.2333333333333333
0.19999999999999998
0.1724137931034483
0.24137931034482762
0.19999999999999998
0.3
0.24137931034482762
0.1724137931034483
0.16666666666666666
0.10344827586206896
0.36666666666666664
0.26666666666666666
0.06666666666666667
0.3
0.19999999999999998
0.36666666666666664
0.3333333333333333
0.31034482758620696
0.19999999999999998
0.2333333333333333
0.3
0.19999999999999998
0.16666666666666666
0.19999999999999998
0.19999999999999998
0.31034482758620696
0.3793103448275863
0.36666666666666664
0.16666666666666666
0.3333333333333333
0.26666666666666666
0.19999999999999998
0.19999999999999998
0.3333333333333333
0.19999999999999998
0.49999999999999994
0.39999999999999997
0.3
0.16666666666666666
0.26666666666666666
0.2333333333333333
0.3333333333333333
0.3333333333333333
0.3
0.3
0.2333333333333333
0.19999999999999998
0.32142857142857134
0.21428571428571425
0.3333333333333333
0.13333333333333333
0.4333333333333333
0.3333333333333333
0.26666666666666666
0.3
0.2758620689655173
0.3333333333333333
0.2333333333333333
0.4666666666666666
0.2333333333333333
0.26666666666666666
0.34482758620689663
0.16666666666666666
0.26666666666666666
0.19999999999999998
0.2333333333333333
0.16666666666666666
0.20689655172413796
0.3333333333333333
0.2333333333333333
0.39999999999999997
0.26666666666666666
0.36666666666666664
0.39999999999999997
0.26666666666666666
0.36666666666666664
0.4333333333333333
0.4333333333333333
0.19999999999999998
0.3333333333333333
0.34482758620689663
0.26666666666666666
0.3333333333333333
0.3
0.3
0.24137931034482762
0.36666666666666664
0.26666666666666666
0.41379310344827597
0.26666666666666666
0.2333333333333333
0.13333333333333333
0.19999999999999998
0.517241379310345
0.2333333333333333
0.3333333333333333
0.2333333333333333
0.3
0.26666666666666666
0.19999999999999998
0.13793103448275862
0.31034482758620696
0.26666666666666666
0.2333333333333333
0.34482758620689663
0.39999999999999997
0.19999999999999998
0.3
0.19999999999999998
0.3333333333333333
0.19999999999999998
0.2333333333333333
0.39999999999999997
0.3
0.3
0.3333333333333333
0.3333333333333333
0.3
0.31034482758620696
0.26666666666666666
0.31034482758620696
0.28571428571428564
0.31034482758620696
0.2758620689655173
0.10344827586206896
0.4333333333333333
0.39999999999999997
0.36666666666666664
0.3
0.2333333333333333
0.26666666666666666
0.3333333333333333
0.16666666666666666
0.36666666666666664
0.4333333333333333
0.19999999999999998
0.26666666666666666
0.3
0.26666666666666666
0.4666666666666666
0.26666666666666666
0.3
0.2758620689655173
0.1
0.36666666666666664
0.16666666666666666
0.26666666666666666
0.2333333333333333
0.36666666666666664
0.26666666666666666
0.44827586206896564
0.16666666666666666
0.3333333333333333
0.2333333333333333
0.5333333333333333
0.2333333333333333
0.36666666666666664
0.26666666666666666
0.3333333333333333
0.3
0.3333333333333333
0.2333333333333333
0.39999999999999997
0.3
0.2333333333333333
0.26666666666666666
0.13333333333333333
0.31034482758620696
0.4666666666666666
0.36666666666666664
0.26666666666666666
0.26666666666666666
0.16666666666666666
0.44827586206896564
0.36666666666666664
0.4333333333333333
0.34482758620689663
0.19999999999999998
0.3333333333333333
0.3333333333333333
0.19999999999999998
0.3
0.3333333333333333
0.31034482758620696
0.19999999999999998
0.24137931034482762
0.39999999999999997
0.36666666666666664
0.19999999999999998
0.36666666666666664
0.3333333333333333
0.3
0.4666666666666666
0.3
0.31034482758620696
0.3
0.3
0.16666666666666666
0.19999999999999998
0.3333333333333333
0.3333333333333333
0.2333333333333333
0.3
0.2333333333333333
0.39999999999999997
0.36666666666666664
0.13333333333333333
0.2333333333333333
0.24137931034482762
0.34482758620689663
0.3
0.3333333333333333
0.26666666666666666
0.3333333333333333
0.36666666666666664
0.3793103448275863
0.31034482758620696
0.13333333333333333
0.19999999999999998
0.3
0.3333333333333333
0.3333333333333333
0.3
0.3793103448275863
0.44827586206896564
0.3333333333333333
0.4333333333333333
0.36666666666666664
0.4333333333333333
0.26666666666666666
0.2758620689655173
0.4333333333333333
0.3333333333333333
0.4333333333333333
0.26666666666666666
0.19999999999999998
0.4333333333333333
0.4333333333333333
0.44827586206896564
0.3
0.3
0.39999999999999997
0.39999999999999997
0.2333333333333333
0.3
0.39285714285714274
0.4333333333333333
0.39999999999999997
0.39999999999999997
0.2758620689655173
0.3
0.3333333333333333
0.36666666666666664
0.3
0.26666666666666666
0.19999999999999998
0.3333333333333333
0.4333333333333333
0.3
0.3793103448275863
0.3
0.36666666666666664
0.36666666666666664
0.3
0.39999999999999997
0.34482758620689663
0.5333333333333333
0.19999999999999998
0.3
0.19999999999999998
0.36666666666666664
0.36666666666666664
0.4666666666666666
0.31034482758620696
0.2758620689655173
0.26666666666666666
0.5333333333333333
0.26666666666666666
0.5666666666666667
0.26666666666666666
0.34482758620689663
0.3
0.3
0.49999999999999994
0.39999999999999997
0.36666666666666664
0.4666666666666666
0.26666666666666666
0.26666666666666666
0.4333333333333333
0.36666666666666664
0.39999999999999997
0.49999999999999994
0.26666666666666666
0.3
0.2758620689655173
0.31034482758620696
0.36666666666666664
0.39999999999999997
0.41379310344827597
0.4666666666666666
0.3333333333333333
0.36666666666666664
0.3
0.39999999999999997
0.4333333333333333
0.3333333333333333
0.3
0.4333333333333333
0.2333333333333333
0.4666666666666666
0.28571428571428564
0.4666666666666666
0.39999999999999997
0.3333333333333333
0.16666666666666666
0.31034482758620696
0.31034482758620696
0.36666666666666664
0.4666666666666666
0.41379310344827597
0.3333333333333333
0.3333333333333333
0.20689655172413796
0.2333333333333333
0.4827586206896553
0.3333333333333333
0.31034482758620696
0.39999999999999997
0.2758620689655173
0.16666666666666666
0.4333333333333333
0.4666666666666666
0.3
0.36666666666666664
0.5666666666666667
0.2333333333333333
0.24137931034482762
0.3
0.19999999999999998
0.4333333333333333
0.39999999999999997
0.2333333333333333
0.36666666666666664
0.4666666666666666
0.39999999999999997
0.44827586206896564
0.3
0.36666666666666664
0.31034482758620696
0.4333333333333333
0.36666666666666664
0.3333333333333333
0.39999999999999997
0.16666666666666666
0.26666666666666666
0.3
0.39999999999999997
0.36666666666666664
0.39999999999999997
0.19999999999999998
0.36666666666666664
0.49999999999999994
0.49999999999999994
0.24137931034482762
0.41379310344827597
0.16666666666666666
0.41379310344827597
0.5862068965517242
0.3
0.3
0.36666666666666664
0.36666666666666664
0.36666666666666664
0.19999999999999998
0.31034482758620696
0.49999999999999994
0.4333333333333333
0.41379310344827597
0.4333333333333333
0.4333333333333333
0.39999999999999997
0.3333333333333333
0.26666666666666666
0.36666666666666664
0.4333333333333333
0.2758620689655173
0.4333333333333333
0.3
0.24999999999999994
0.49999999999999994
0.39999999999999997
0.39999999999999997
0.39999999999999997
0.2333333333333333
0.517241379310345
0.6
0.39999999999999997
0.3333333333333333
0.3
0.36666666666666664
0.26666666666666666
0.4666666666666666
0.49999999999999994
0.4333333333333333
0.3
0.26666666666666666
0.4666666666666666
0.44827586206896564
0.3333333333333333
0.3333333333333333
0.4333333333333333
0.36666666666666664
0.3793103448275863
0.3
0.26666666666666666
0.3
0.36666666666666664
0.4333333333333333
0.3
0.26666666666666666
0.3
0.36666666666666664
0.3333333333333333
0.3333333333333333
0.36666666666666664
0.36666666666666664
0.41379310344827597
0.2333333333333333
0.36666666666666664
0.36666666666666664
0.5666666666666667
0.4333333333333333
0.4666666666666666
0.31034482758620696
0.36666666666666664
0.4666666666666666
0.39999999999999997
0.4827586206896553
0.3333333333333333
0.3333333333333333
0.26666666666666666
0.26666666666666666
0.31034482758620696
0.49999999999999994
0.36666666666666664
0.3333333333333333
0.4666666666666666
0.3333333333333333
0.26666666666666666
0.3333333333333333
0.39999999999999997
0.3333333333333333
0.36666666666666664
0.36666666666666664
0.3
0.5666666666666667
0.3
0.4333333333333333
0.49999999999999994
0.39999999999999997
0.49999999999999994
0.49999999999999994
0.3333333333333333
0.3
0.26666666666666666
0.44827586206896564
0.36666666666666664
0.4666666666666666
0.4333333333333333
0.36666666666666664
0.3333333333333333
0.4333333333333333
0.6
0.39999999999999997
0.34482758620689663
0.3
0.35714285714285704
0.26666666666666666
0.3
0.19999999999999998
0.4333333333333333
0.4666666666666666
0.2333333333333333
0.1724137931034483
0.39999999999999997
0.36666666666666664
0.3793103448275863
0.3333333333333333
0.3333333333333333
0.41379310344827597
0.6
0.4333333333333333
0.36666666666666664
0.34482758620689663
0.4827586206896553
0.36666666666666664
0.3793103448275863
0.3333333333333333
0.4333333333333333
0.4333333333333333
0.3333333333333333
0.3333333333333333
0.4333333333333333
0.39999999999999997
0.3
0.3
0.3333333333333333
0.31034482758620696
0.4333333333333333
0.3
0.3793103448275863
0.19999999999999998
0.3
0.4333333333333333
0.16666666666666666
0.3333333333333333
0.36666666666666664
0.39999999999999997
0.4333333333333333
0.49999999999999994
0.3333333333333333
0.39999999999999997
0.26666666666666666
0.4666666666666666
0.36666666666666664
0.39285714285714274
0.34482758620689663
0.19999999999999998
0.26666666666666666
0.3
0.14285714285714285
0.3
0.36666666666666664
0.4333333333333333
0.3333333333333333
0.3
0.3333333333333333
0.4333333333333333
0.39999999999999997
0.35714285714285704
0.4333333333333333
0.39999999999999997
0.2333333333333333
0.3
0.3
0.49999999999999994
0.3333333333333333
0.4827586206896553
0.41379310344827597
0.5333333333333333
0.5333333333333333
0.41379310344827597
0.3333333333333333
0.39999999999999997
0.4333333333333333
0.4333333333333333
0.26666666666666666
0.4333333333333333
0.4333333333333333
0.39999999999999997
0.4666666666666666
0.36666666666666664
0.26666666666666666
0.3
0.3
0.4666666666666666
0.3
0.49999999999999994
0.4666666666666666
0.39999999999999997
0.42857142857142844
0.4666666666666666
0.34482758620689663
0.36666666666666664
0.3333333333333333
0.4333333333333333
0.3333333333333333
0.4827586206896553
0.39999999999999997
0.31034482758620696
0.34482758620689663
0.4333333333333333
0.3793103448275863
0.3333333333333333
0.517241379310345
0.36666666666666664
0.5333333333333333
0.36666666666666664
0.4333333333333333
0.3333333333333333
0.39999999999999997
0.4666666666666666
0.3333333333333333
0.5517241379310346
0.3
0.42857142857142844
0.4333333333333333
0.44827586206896564
0.4333333333333333
0.4333333333333333
0.26666666666666666
0.6333333333333333
0.49999999999999994
0.5333333333333333
0.5333333333333333
0.36666666666666664
0.35714285714285704
0.5333333333333333
0.39999999999999997
0.3
0.49999999999999994
0.4333333333333333
0.3333333333333333
0.26666666666666666
0.5333333333333333
0.4827586206896553
0.36666666666666664
0.4333333333333333
0.5333333333333333
0.6
0.4333333333333333
0.4333333333333333
0.3
0.4333333333333333
0.3333333333333333
0.49999999999999994
0.5862068965517242
0.44827586206896564
0.26666666666666666
0.4666666666666666
0.31034482758620696
0.4333333333333333
0.36666666666666664
0.39999999999999997
0.49999999999999994
0.3333333333333333
0.19999999999999998
0.49999999999999994
0.49999999999999994
0.3333333333333333
0.39999999999999997
0.36666666666666664
0.4333333333333333
0.4333333333333333
0.5666666666666667
0.41379310344827597
0.36666666666666664
0.4666666666666666
0.49999999999999994
0.4333333333333333
0.3
0.49999999999999994
0.34482758620689663
0.41379310344827597
0.4666666666666666
0.36666666666666664
0.4333333333333333
0.4333333333333333
0.4666666666666666
0.4666666666666666
0.36666666666666664
0.49999999999999994
0.4666666666666666
0.49999999999999994
0.3333333333333333
0.41379310344827597
0.4666666666666666
0.4666666666666666
0.4333333333333333
0.3333333333333333
0.4666666666666666
0.4666666666666666
0.39999999999999997
0.4666666666666666
0.49999999999999994
0.5333333333333333
0.39999999999999997
0.3
0.36666666666666664
0.36666666666666664
0.4333333333333333
0.3333333333333333
0.4666666666666666
0.5333333333333333
0.49999999999999994
0.4827586206896553
0.6206896551724138
0.5333333333333333
0.3
0.4666666666666666
0.4333333333333333
0.26666666666666666
0.26666666666666666
0.39999999999999997
0.4666666666666666
0.5333333333333333
0.3333333333333333
0.4666666666666666
0.4333333333333333
0.4666666666666666
0.4333333333333333
0.19999999999999998
0.4333333333333333
0.4666666666666666
0.49999999999999994
0.5666666666666667
0.49999999999999994
0.3333333333333333
0.4666666666666666
0.4666666666666666
0.39999999999999997
0.36666666666666664
0.5333333333333333
0.2333333333333333
0.36666666666666664
0.49999999999999994
0.36666666666666664
0.6
0.2333333333333333
0.5333333333333333
0.5333333333333333
0.3
0.36666666666666664
0.39999999999999997
0.4666666666666666
0.4333333333333333
0.39285714285714274
0.49999999999999994
0.4333333333333333
0.39999999999999997
0.39999999999999997
0.4333333333333333
0.5333333333333333
0.4666666666666666
0.49999999999999994
0.44827586206896564
0.39999999999999997
0.3
0.36666666666666664
0.49999999999999994
0.36666666666666664
0.4333333333333333
0.16666666666666666
0.3
0.4333333333333333
0.49999999999999994
0.4666666666666666
0.3333333333333333
0.4333333333333333
0.3333333333333333
0.3
0.4666666666666666
0.5333333333333333
0.5666666666666667
0.39999999999999997
0.3
0.4666666666666666
0.49999999999999994
0.5517241379310346
0.49999999999999994
0.5333333333333333
0.6
0.4333333333333333
0.3333333333333333
0.3
0.5333333333333333
0.5333333333333333
0.36666666666666664
0.44827586206896564
0.4333333333333333
0.4666666666666666
0.5333333333333333
0.36666666666666664
0.4666666666666666
0.517241379310345
0.41379310344827597
0.5666666666666667
0.4333333333333333
0.4666666666666666
0.4333333333333333
0.19999999999999998
0.6
0.5862068965517242
0.4333333333333333
0.517241379310345
0.36666666666666664
0.5666666666666667
0.5333333333333333
0.49999999999999994
0.3
0.26666666666666666
0.36666666666666664
0.4666666666666666
0.5666666666666667
0.5333333333333333
0.5517241379310346
0.5333333333333333
0.5666666666666667
0.4333333333333333
0.4333333333333333
0.49999999999999994
0.5333333333333333
0.6
0.3333333333333333
0.2333333333333333
0.36666666666666664
0.6
0.5666666666666667
0.4333333333333333
0.5517241379310346
0.4666666666666666
0.41379310344827597
0.36666666666666664
0.4333333333333333
0.4666666666666666
0.3
0.39999999999999997
0.49999999999999994
0.3333333333333333
0.4666666666666666
0.4333333333333333
0.36666666666666664
0.3
0.49999999999999994
0.4666666666666666
0.4666666666666666
0.49999999999999994
0.6333333333333333
0.41379310344827597
0.5666666666666667
0.6206896551724138
0.49999999999999994
0.5333333333333333
0.4666666666666666
0.39999999999999997
0.5333333333333333
0.39999999999999997
0.6
0.39999999999999997
0.36666666666666664
0.517241379310345
0.5333333333333333
0.6
0.3
0.3
0.31034482758620696
0.39999999999999997
0.44827586206896564
0.4666666666666666
0.39999999999999997
0.4333333333333333
0.2758620689655173
0.39999999999999997
0.4333333333333333
0.6333333333333333
0.5333333333333333
0.5666666666666667
0.5666666666666667
0.607142857142857
0.49999999999999994
0.36666666666666664
0.49999999999999994
0.41379310344827597
0.517241379310345
0.36666666666666664
0.36666666666666664
0.4333333333333333
0.2333333333333333
0.49999999999999994
0.3333333333333333
0.4333333333333333
0.4333333333333333
0.4666666666666666
0.5333333333333333
0.5666666666666667
0.49999999999999994
0.4333333333333333
0.36666666666666664
0.39999999999999997
0.4333333333333333
0.5517241379310346
0.39999999999999997
0.5666666666666667
0.3333333333333333
0.49999999999999994
0.44827586206896564
0.39999999999999997
0.4333333333333333
0.5333333333333333
0.3333333333333333
0.4666666666666666
0.36666666666666664
0.49999999999999994
0.34482758620689663
0.39999999999999997
0.3
0.36666666666666664
0.4666666666666666
0.517241379310345
0.31034482758620696
0.4827586206896553
0.5666666666666667
0.34482758620689663
0.36666666666666664
0.6206896551724138
0.4333333333333333
0.5666666666666667
0.4666666666666666
0.4333333333333333
0.36666666666666664
0.4666666666666666
0.3793103448275863
0.5333333333333333
0.39999999999999997
0.26666666666666666
0.4333333333333333
0.49999999999999994
0.4333333333333333
0.49999999999999994
0.6333333333333333
0.4333333333333333
0.6333333333333333
0.39999999999999997
0.49999999999999994
0.49999999999999994
0.5862068965517242
0.3333333333333333
0.4666666666666666
0.39999999999999997
0.41379310344827597
0.39999999999999997
0.36666666666666664
0.44827586206896564
0.4333333333333333
0.6333333333333333
0.5333333333333333
0.49999999999999994
0.4333333333333333
0.4333333333333333
0.39999999999999997
0.4666666666666666
0.7333333333333333
0.36666666666666664
0.5333333333333333
0.49999999999999994
0.49999999999999994
0.39999999999999997
0.4666666666666666
0.6
0.5333333333333333
0.4333333333333333
0.4666666666666666
0.3
0.4666666666666666
0.4333333333333333
0.6333333333333333
0.5666666666666667
0.49999999999999994
0.49999999999999994
0.4333333333333333
0.6666666666666666
0.36666666666666664
0.5666666666666667
0.4666666666666666
0.4666666666666666
0.4666666666666666
0.5666666666666667
0.5333333333333333
0.517241379310345
0.39999999999999997
0.5666666666666667
0.49999999999999994
0.5333333333333333
0.49999999999999994
0.49999999999999994
0.4666666666666666
0.5333333333333333
0.6
0.3333333333333333
0.4333333333333333
0.4827586206896553
0.5333333333333333
0.39999999999999997
0.36666666666666664
0.5862068965517242
0.5862068965517242
0.34482758620689663
0.5333333333333333
0.4666666666666666
0.39999999999999997
0.34482758620689663
0.4333333333333333
0.5666666666666667
0.49999999999999994
0.5333333333333333
0.4333333333333333
0.4666666666666666
0.4666666666666666
0.39999999999999997
0.3333333333333333
0.39999999999999997
0.49999999999999994
0.6
0.39999999999999997
0.44827586206896564
0.4666666666666666
0.4666666666666666
0.36666666666666664
0.4333333333333333
0.5333333333333333
0.49999999999999994
0.49999999999999994
0.4666666666666666
0.3793103448275863
0.4666666666666666
0.4666666666666666
0.3
0.49999999999999994
0.4666666666666666
0.5666666666666667
0.4666666666666666
0.4333333333333333
0.39999999999999997
0.5666666666666667
0.4666666666666666
0.4666666666666666
0.4827586206896553
0.5333333333333333
0.4666666666666666
0.6333333333333333
0.49999999999999994
0.4333333333333333
0.4666666666666666
0.5517241379310346
0.5517241379310346
0.6666666666666666
0.49999999999999994
0.4827586206896553
0.39999999999999997
0.49999999999999994
0.49999999999999994
0.36666666666666664
0.39999999999999997
0.5333333333333333
0.4666666666666666
0.49999999999999994
0.36666666666666664
0.517241379310345
0.5666666666666667
0.4333333333333333
0.36666666666666664
0.39999999999999997
0.3
0.5333333333333333
0.49999999999999994
0.3333333333333333
0.4333333333333333
0.39999999999999997
0.4333333333333333
0.517241379310345
0.6
0.4333333333333333
0.4333333333333333
0.6
0.39999999999999997
0.49999999999999994
0.4333333333333333
0.5517241379310346
0.49999999999999994
0.5862068965517242
0.41379310344827597
0.49999999999999994
0.44827586206896564
0.4333333333333333
0.4333333333333333
0.49999999999999994
0.3333333333333333
0.6333333333333333
0.7333333333333333
0.4333333333333333
0.4666666666666666
0.6333333333333333
0.3333333333333333
0.4827586206896553
0.5862068965517242
0.6666666666666666
0.5666666666666667
0.39999999999999997
0.7333333333333333
0.49999999999999994
0.39999999999999997
0.6
0.49999999999999994
0.49999999999999994
0.39999999999999997
0.5666666666666667
0.49999999999999994
0.6333333333333333
0.6
0.26666666666666666
0.4666666666666666
0.36666666666666664
0.36666666666666664
0.39999999999999997
0.5333333333333333
0.49999999999999994
0.5333333333333333
0.49999999999999994
0.36666666666666664
0.39999999999999997
0.49999999999999994
0.3
0.6333333333333333
0.5666666666666667
0.5666666666666667
0.5666666666666667
0.5666666666666667
0.3793103448275863
0.49999999999999994
0.6
0.6
0.5517241379310346
0.3
0.49999999999999994
0.4827586206896553
0.517241379310345
0.6666666666666666
0.4666666666666666
0.6333333333333333
0.5333333333333333
0.4666666666666666
0.5333333333333333
0.5333333333333333
0.5333333333333333
0.6333333333333333
0.6
0.4827586206896553
0.5333333333333333
0.6333333333333333
0.6
0.36666666666666664
0.4333333333333333
0.3333333333333333
0.4333333333333333
0.5666666666666667
0.49999999999999983
0.5333333333333333
0.6
0.39999999999999997
0.5333333333333333
0.49999999999999994
0.5666666666666667
0.4333333333333333
0.5666666666666667
0.4666666666666666
0.5333333333333333
0.39999999999999997
0.4666666666666666
0.44827586206896564
0.49999999999999994
0.4666666666666666
0.7
0.5666666666666667
0.5517241379310346
0.4333333333333333
0.39999999999999997
0.4666666666666666
0.6
0.5666666666666667
0.6666666666666666
0.4666666666666666
0.5666666666666667
0.4666666666666666
0.6
0.6
0.5333333333333333
0.4333333333333333
0.5333333333333333
0.49999999999999994
0.4666666666666666
0.5666666666666667
0.4666666666666666
0.517241379310345
0.5333333333333333
0.32142857142857134
0.4666666666666666
0.5666666666666667
0.4666666666666666
0.5333333333333333
0.49999999999999994
0.6
0.49999999999999994
0.5333333333333333
0.4333333333333333
0.4333333333333333
0.5333333333333333
0.4333333333333333
0.5666666666666667
0.5517241379310346
0.49999999999999994
0.6
0.49999999999999994
0.49999999999999994
0.5862068965517242
0.41379310344827597
0.4666666666666666
0.6333333333333333
0.39999999999999997
0.7333333333333333
0.5666666666666667
0.6
0.4666666666666666
0.4333333333333333
0.6
0.5333333333333333
0.517241379310345
0.6666666666666666
0.4666666666666666
0.4333333333333333
0.5333333333333333
0.39999999999999997
0.5862068965517242
0.7
0.4333333333333333
0.5862068965517242
0.6
0.34482758620689663
0.5666666666666667
0.36666666666666664
0.49999999999999994
0.6
0.49999999999999994
0.49999999999999994
0.5666666666666667
0.6
0.49999999999999994
0.4666666666666666
0.5666666666666667
0.6
0.49999999999999994
0.49999999999999994
0.5333333333333333
0.49999999999999994
0.5666666666666667
0.49999999999999994
0.49999999999999994
0.5517241379310346
0.4333333333333333
0.49999999999999994
0.6333333333333333
0.5517241379310346
0.6333333333333333
0.49999999999999994
0.3
0.4333333333333333
0.5333333333333333
0.6333333333333333
0.4666666666666666
0.39999999999999997
0.6333333333333333
0.42857142857142844
0.36666666666666664
0.4827586206896553
0.5666666666666667
0.4333333333333333
0.6666666666666666
0.4333333333333333
0.5333333333333333
0.5333333333333333
0.6666666666666666
0.7
0.39999999999999997
0.49999999999999994
0.39999999999999997
0.6
0.49999999999999994
0.6
0.41379310344827597
0.4666666666666666
0.5666666666666667
0.517241379310345
0.49999999999999994
0.4333333333333333
0.3333333333333333
0.4666666666666666
0.49999999999999994
0.4333333333333333
0.4333333333333333
0.4666666666666666
0.5666666666666667
0.517241379310345
0.4333333333333333
0.49999999999999994
0.39999999999999997
0.4666666666666666
0.4666666666666666
0.26666666666666666
0.5333333333333333
0.49999999999999994
0.49999999999999994
0.5666666666666667
0.6666666666666666
0.5862068965517242
0.3
0.5862068965517242
0.4827586206896553
0.4666666666666666
0.5666666666666667
0.6333333333333333
0.6
0.4666666666666666
0.5666666666666667
0.5333333333333333
0.5666666666666667
0.49999999999999994
0.5333333333333333
0.3333333333333333
0.5666666666666667
0.5333333333333333
0.5862068965517242
0.4827586206896553
0.49999999999999994
0.7
0.49999999999999994
0.6333333333333333
0.5517241379310346
0.39999999999999997
0.39999999999999997
0.5333333333333333
0.49999999999999994
0.5333333333333333
0.6206896551724138
0.49999999999999994
0.4333333333333333
0.49999999999999994
0.3333333333333333
0.5333333333333333
0.49999999999999994
0.49999999999999994
0.4666666666666666
0.5333333333333333
0.5666666666666667
0.5862068965517242
0.5666666666666667
0.6666666666666666
0.5333333333333333
0.49999999999999983
0.5666666666666667
0.5517241379310346
0.5333333333333333
0.4333333333333333
0.4333333333333333
0.49999999999999994
0.5333333333333333
0.5333333333333333
0.7333333333333333
0.5666666666666667
0.39999999999999997
0.6333333333333333
0.6666666666666666
0.5666666666666667
0.5666666666666667
0.49999999999999994
0.4666666666666666
0.6
0.5666666666666667
0.6
0.4827586206896553
0.6666666666666666
0.5862068965517242
0.4333333333333333
0.5666666666666667
0.5333333333333333
0.4333333333333333
0.4666666666666666
0.5666666666666667
0.5333333333333333
0.6206896551724138
0.7333333333333333
0.517241379310345
0.49999999999999994
0.4333333333333333
0.5666666666666667
0.5333333333333333
0.5333333333333333
0.49999999999999994
0.4666666666666666
0.517241379310345
0.7333333333333333
0.5333333333333333
0.6333333333333333
0.7333333333333333
0.6333333333333333
0.5666666666666667
0.5333333333333333
0.44827586206896564
0.39999999999999997
0.5333333333333333
0.5517241379310346
0.7
0.6333333333333333
0.49999999999999994
0.4333333333333333
0.5333333333333333
0.6
0.4333333333333333
0.5333333333333333
0.5333333333333333
0.6333333333333333
0.41379310344827597
0.4333333333333333
0.5666666666666667
0.6333333333333333
0.5333333333333333
0.4333333333333333
0.6
0.4333333333333333
0.517241379310345
0.49999999999999994
0.49999999999999994
0.4666666666666666
0.39999999999999997
0.5666666666666667
0.5666666666666667
0.5333333333333333
0.6666666666666666
0.49999999999999994
0.5333333333333333
0.6
0.5666666666666667
0.6333333333333333
0.4333333333333333
0.41379310344827597
0.6
0.6
0.6
0.49999999999999994
0.49999999999999994
0.5666666666666667
0.4666666666666666
0.4666666666666666
0.49999999999999994
0.5333333333333333
0.5666666666666667
0.49999999999999994
0.7333333333333333
0.5666666666666667
0.4666666666666666
0.36666666666666664
0.4666666666666666
0.4827586206896553
0.4666666666666666
0.4333333333333333
0.4666666666666666
0.5333333333333333
0.49999999999999994
0.5666666666666667
0.6
0.49999999999999994
0.689655172413793
0.5666666666666667
0.5666666666666667
0.4666666666666666
0.6
0.3
0.39999999999999997
0.6666666666666666
0.36666666666666664
0.6
0.49999999999999994
0.39999999999999997
0.49999999999999994
0.5666666666666667
0.3333333333333333
0.6
0.7
0.4333333333333333
0.6
0.49999999999999994
0.5666666666666667
0.4827586206896553
0.5333333333333333
0.4666666666666666
0.49999999999999994
0.4333333333333333
0.5666666666666667
0.5333333333333333
0.4666666666666666
0.5333333333333333
0.5714285714285713
0.6333333333333333
0.6
0.4666666666666666
0.5666666666666667
0.6
0.6333333333333333
0.5666666666666667
0.5666666666666667
0.5333333333333333
0.49999999999999994
0.4333333333333333
0.5333333333333333
0.6
0.5333333333333333
0.6206896551724138
0.39999999999999997
0.6666666666666666
0.6333333333333333
0.4666666666666666
0.5517241379310346
0.6333333333333333
0.49999999999999994
0.39999999999999997
0.39999999999999997
0.6
0.49999999999999994
0.41379310344827597
0.4827586206896553
0.4333333333333333
0.49999999999999994
0.6333333333333333
0.6
0.49999999999999994
0.49999999999999994
0.5333333333333333
0.6
0.6333333333333333
0.4666666666666666
0.7333333333333333
0.4333333333333333
0.6
0.5333333333333333
0.6666666666666666
0.4666666666666666
0.6333333333333333
0.5333333333333333
0.4333333333333333
0.6
0.39999999999999997
0.5517241379310346
0.6666666666666666
0.4666666666666666
0.6666666666666666
0.517241379310345
0.5333333333333333
0.4333333333333333
0.39999999999999997
0.39999999999999997
0.5666666666666667
0.4333333333333333
0.5666666666666667
0.49999999999999994
0.49999999999999994
0.6333333333333333
0.49999999999999994
0.7
0.7
0.6333333333333333
0.5666666666666667
0.7
0.6666666666666666
0.4333333333333333
0.6
0.5333333333333333
0.7999999999999999
0.4333333333333333
0.6
0.41379310344827597
0.4666666666666666
0.6666666666666666
0.49999999999999994
0.4333333333333333
0.4666666666666666
0.6
0.6666666666666666
0.5666666666666667
0.36666666666666664
0.49999999999999994
0.5666666666666667
0.6
0.6333333333333333
0.6333333333333333
0.6333333333333333
0.6
0.4333333333333333
0.6333333333333333
0.4666666666666666
0.5666666666666667
0.6333333333333333
0.7241379310344827
0.49999999999999994
0.5666666666666667
0.5666666666666667
0.5333333333333333
0.4666666666666666
0.49999999999999994
0.36666666666666664
0.4827586206896553
0.6333333333333333
0.4333333333333333
0.6
0.5666666666666667
0.5333333333333333
0.6551724137931034
0.6666666666666666
0.6
0.36666666666666664
0.6333333333333333
0.2758620689655173
0.6
0.5333333333333333
0.5666666666666667
0.6
0.49999999999999994
0.3333333333333333
0.5666666666666667
0.5333333333333333
0.5333333333333333
0.6
0.5333333333333333
0.49999999999999994
0.4666666666666666
0.6666666666666666
0.5666666666666667
0.5666666666666667
0.49999999999999994
0.5666666666666667
0.5333333333333333
0.7333333333333333
0.4666666666666666
0.5357142857142856
0.7
0.7
0.5333333333333333
0.49999999999999994
0.5333333333333333
0.5333333333333333
0.6
0.4827586206896553
0.6666666666666666
0.5666666666666667
0.4666666666666666
0.6666666666666666
0.4333333333333333
0.4666666666666666
0.6666666666666666
0.4333333333333333
0.6666666666666666
0.6333333333333333
0.5666666666666667
0.41379310344827597
0.5333333333333333
0.5333333333333333
0.36666666666666664
0.517241379310345
0.5333333333333333
0.5666666666666667
0.4666666666666666
0.6666666666666666
0.6
0.5333333333333333
0.6333333333333333
0.6333333333333333
0.6
0.4827586206896553
0.6333333333333333
0.6666666666666666
0.3
0.6333333333333333
0.4333333333333333
0.4666666666666666
0.4333333333333333
0.5333333333333333
0.7
0.49999999999999994
0.5666666666666667
0.4333333333333333
0.5333333333333333
0.49999999999999994
0.5666666666666667
0.5666666666666667
0.6333333333333333
0.4666666666666666
0.5666666666666667
0.6666666666666666
0.7
0.5862068965517242
0.6333333333333333
0.5333333333333333
0.49999999999999994
0.39999999999999997
0.49999999999999994
0.49999999999999994
0.5517241379310346
0.5666666666666667
0.5666666666666667
0.6333333333333333
0.5333333333333333
0.6
0.4666666666666666
0.6333333333333333
0.5666666666666667
0.6666666666666666
0.7999999999999999
0.39999999999999997
0.5666666666666667
0.49999999999999994
0.7586206896551723
0.6333333333333333
0.4666666666666666
0.7999999999999999
0.6666666666666666
0.6206896551724138
0.4333333333333333
0.6666666666666666
0.6551724137931034
0.5666666666666667
0.6551724137931034
0.6666666666666666
0.7
0.6666666666666666
0.6666666666666666
0.6
0.5666666666666667
0.7666666666666666
0.5333333333333333
0.5517241379310346
0.4666666666666666
0.6333333333333333
0.6333333333333333
0.6
0.5333333333333333
0.7999999999999999
0.5333333333333333
0.517241379310345
0.6
0.6206896551724138
0.6
0.5666666666666667
0.7586206896551723
0.44827586206896564
0.517241379310345
0.6666666666666666
0.517241379310345
0.5666666666666667
0.6666666666666666
0.5666666666666667
0.49999999999999994
0.5666666666666667
0.49999999999999994
0.49999999999999994
0.6
0.6333333333333333
0.6666666666666666
0.3333333333333333
0.6
0.5666666666666667
0.5666666666666667
0.6666666666666666
0.5666666666666667
0.517241379310345
0.7
0.6
0.5666666666666667
0.49999999999999994
0.7999999999999999
0.44827586206896564
0.6333333333333333
0.4333333333333333
0.6666666666666666
0.7333333333333333
0.6333333333333333
0.5666666666666667
0.5333333333333333
0.49999999999999994
0.3333333333333333
0.6
0.49999999999999994
0.7
0.49999999999999994
0.4666666666666666
0.6
0.49999999999999994
0.6666666666666666
0.6666666666666666
0.3333333333333333
0.5333333333333333
0.6666666666666666
0.7999999999999999
0.5666666666666667
0.6333333333333333
0.4666666666666666
0.7
0.6666666666666666
0.4666666666666666
0.5666666666666667
0.6
0.6
0.6333333333333333
0.49999999999999994
0.6666666666666666
0.4666666666666666
0.49999999999999994
0.7999999999999999
0.7333333333333333
0.7666666666666666
0.5333333333333333
0.4333333333333333
0.5666666666666667
0.49999999999999994
0.5862068965517242
0.7
0.5333333333333333
0.5862068965517242
0.5666666666666667
0.6333333333333333
0.5666666666666667
0.6666666666666666
0.689655172413793
0.5666666666666667
0.5666666666666667
0.4333333333333333
0.6
0.5333333333333333
0.6666666666666666
0.6333333333333333
0.5666666666666667
0.5862068965517242
0.7
0.39999999999999997
0.5333333333333333
0.6
0.7666666666666666
0.6333333333333333
0.6333333333333333
0.6
0.49999999999999994
0.6333333333333333
0.4666666666666666
0.6666666666666666
0.49999999999999994
0.6666666666666666
0.4666666666666666
0.5666666666666667
0.5517241379310346
0.6666666666666666
0.6666666666666666
0.7
0.39285714285714274
0.7
0.5333333333333333
0.7333333333333333
0.6666666666666666
0.6333333333333333
0.49999999999999994
0.7
0.6
0.4666666666666666
0.34482758620689663
0.7333333333333333
0.5666666666666667
0.36666666666666664
0.7333333333333333
0.4333333333333333
0.5666666666666667
0.4827586206896553
0.5333333333333333
0.5517241379310346
0.6
0.6333333333333333
0.4333333333333333
0.5666666666666667
0.3333333333333333
0.7
0.5666666666666667
0.517241379310345
0.6
0.6666666666666666
0.39999999999999997
0.5666666666666667
0.5333333333333333
0.6666666666666666
0.5666666666666667
0.6206896551724138
0.6551724137931034
0.5333333333333333
0.6
0.5666666666666667
0.6666666666666666
0.5333333333333333
0.49999999999999994
0.6666666666666666
0.4666666666666666
0.49999999999999994
0.6551724137931034
0.7
0.6
0.7
0.6666666666666666
0.4666666666666666
0.5666666666666667
0.7333333333333333
0.49999999999999994
0.5517241379310346
0.6666666666666666
0.5666666666666667
0.6333333333333333
0.5666666666666667
0.7333333333333333
0.4666666666666666
0.5666666666666667
0.6
0.6333333333333333
0.6
0.7
0.49999999999999994
0.6333333333333333
0.7333333333333333
0.6666666666666666
0.6333333333333333
0.6206896551724138
0.5862068965517242
0.6333333333333333
0.6
0.7333333333333333
0.39999999999999997
0.5666666666666667
0.5333333333333333
0.517241379310345
0.6333333333333333
0.5333333333333333
0.49999999999999994
0.6333333333333333
0.517241379310345
0.7
0.6333333333333333
0.7333333333333333
0.7
0.5333333333333333
0.6333333333333333
0.6333333333333333
0.4666666666666666
0.6333333333333333
0.5862068965517242
0.5666666666666667
0.5666666666666667
0.5666666666666667
0.5517241379310346
0.6666666666666666
0.5666666666666667
0.6333333333333333
0.7666666666666666
0.6
0.4666666666666666
0.7
0.6333333333333333
0.6
0.7666666666666666
0.5666666666666667
0.5666666666666667
0.4333333333333333
0.6
0.49999999999999994
0.6333333333333333
0.6666666666666666
0.7333333333333333
0.7666666666666666
0.7333333333333333
0.7
0.49999999999999994
0.4333333333333333
0.7333333333333333
0.6333333333333333
0.6333333333333333
0.5666666666666667
0.6333333333333333
0.7
0.6
0.4333333333333333
0.6666666666666666
0.6
0.6
0.5333333333333333
0.5333333333333333
0.5666666666666667
0.7
0.4666666666666666
0.7
0.5333333333333333
0.6
0.4666666666666666
0.6333333333333333
0.7
0.5333333333333333
0.49999999999999994
0.7
0.39999999999999997
0.5333333333333333
0.6
0.6
0.6333333333333333
0.39999999999999997
0.4333333333333333
0.6666666666666666
0.5666666666666667
0.5333333333333333
0.5333333333333333
0.517241379310345
0.5333333333333333
0.7666666666666666
0.5333333333333333
0.49999999999999994
0.5666666666666667
0.5666666666666667
0.689655172413793
0.6333333333333333
0.5333333333333333
0.5666666666666667
0.6333333333333333
0.4827586206896553
0.5666666666666667
0.5666666666666667
0.7
0.5333333333333333
0.6333333333333333
0.5333333333333333
0.6
0.5666666666666667
0.8666666666666666
0.6
0.7
0.5666666666666667
0.6666666666666666
0.6333333333333333
0.5333333333333333
0.7666666666666666
0.7
0.39999999999999997
0.7666666666666666
0.6
0.39999999999999997
0.5666666666666667
0.7
0.8333333333333333
0.6333333333333333
0.7241379310344827
0.7
0.6333333333333333
0.5333333333333333
0.6333333333333333
0.6666666666666666
0.5333333333333333
0.6
0.6
0.49999999999999994
0.6333333333333333
0.49999999999999994
0.517241379310345
0.6
0.5666666666666667
0.5333333333333333
0.6666666666666666
0.4666666666666666
0.7333333333333333
0.6333333333333333
0.5333333333333333
0.6666666666666666
0.6
0.6
0.5333333333333333
0.4333333333333333
0.6
0.7333333333333333
0.49999999999999994
0.6333333333333333
0.6666666666666666
0.49999999999999994
0.6333333333333333
0.7
0.4666666666666666
0.5666666666666667
0.5333333333333333
0.6666666666666666
0.7586206896551723
0.6666666666666666
0.6
0.6
0.7931034482758619
0.5333333333333333
0.7333333333333333
0.6206896551724138
0.6333333333333333
0.6
0.7666666666666666
0.4666666666666666
0.7
0.44827586206896564
0.6666666666666666
0.7
0.517241379310345
0.6551724137931034
0.6666666666666666
0.5517241379310346
0.5666666666666667
0.39999999999999997
0.5333333333333333
0.6333333333333333
0.6333333333333333
0.5666666666666667
0.6333333333333333
0.3333333333333333
0.7666666666666666
0.7
0.7
0.7
0.5333333333333333
0.5666666666666667
0.5666666666666667
0.6551724137931034
0.6333333333333333
0.4666666666666666
0.6
0.6
0.6333333333333333
0.6
0.6
0.7666666666666666
0.6333333333333333
0.7
0.5666666666666667
0.6333333333333333
0.517241379310345
0.49999999999999994
0.5666666666666667
0.5666666666666667
0.5666666666666667
0.6333333333333333
0.7999999999999999
0.7333333333333333
0.6666666666666666
0.689655172413793
0.7
0.3793103448275863
0.7
0.4333333333333333
0.6666666666666666
0.6333333333333333
0.6666666666666666
0.6333333333333333
0.7
0.6
0.6666666666666666
0.4666666666666666
0.4333333333333333
0.6551724137931034
0.6
0.6
0.6333333333333333
0.6666666666666666
0.6333333333333333
0.6666666666666666
0.6
0.7333333333333333
0.5333333333333333
0.6333333333333333
0.5666666666666667
0.7
0.517241379310345
0.6333333333333333
0.49999999999999994
0.689655172413793
0.6666666666666666
0.49999999999999994
0.5333333333333333
0.6333333333333333
0.5333333333333333
0.5517241379310346
0.5333333333333333
0.5333333333333333
0.5666666666666667
0.8999999999999999
0.7
0.7
0.4666666666666666
0.7666666666666666
0.5666666666666667
0.6
0.6
0.6
0.7241379310344827
0.6
0.49999999999999994
0.7
0.5517241379310346
0.7
0.4666666666666666
0.6333333333333333
0.6666666666666666
0.6333333333333333
0.5666666666666667
0.5333333333333333
0.517241379310345
0.5333333333333333
0.4666666666666666
0.5666666666666667
0.6333333333333333
0.5666666666666667
0.7
0.6333333333333333
0.4333333333333333
0.7999999999999999
0.7666666666666666
0.6
0.7
0.6333333333333333
0.6
0.6
0.6333333333333333
0.6
0.49999999999999994
0.6333333333333333
0.5666666666666667
0.6
0.4333333333333333
0.5333333333333333
0.6
0.49999999999999994
0.7
0.5666666666666667
0.7
0.7
0.7
0.6
0.6333333333333333
0.6333333333333333
0.6333333333333333
0.6333333333333333
0.5666666666666667
0.6666666666666666
0.6
0.6333333333333333
0.5333333333333333
0.7666666666666666
0.7586206896551723
0.6333333333333333
0.5666666666666667
0.7
0.49999999999999994
0.6666666666666666
0.6666666666666666
0.6333333333333333
0.6666666666666666
0.6666666666666666
0.6
0.5333333333333333
0.4666666666666666
0.5333333333333333
0.49999999999999994
0.7
0.6333333333333333
0.6666666666666666
0.6666666666666666
0.6206896551724138
0.6333333333333333
0.6
0.6666666666666666
0.8333333333333333
0.5666666666666667
0.49999999999999994
0.5666666666666667
0.6333333333333333
0.7
0.5666666666666667
0.6333333333333333
0.6666666666666666
0.6333333333333333
0.6666666666666666
0.6333333333333333
0.6333333333333333
0.5333333333333333
0.6
0.7
0.6
0.7666666666666666
0.6666666666666666
0.7
0.6333333333333333
0.6666666666666666
0.6333333333333333
0.5333333333333333
0.8333333333333333
0.689655172413793
0.7333333333333333
0.4666666666666666
0.5666666666666667
0.6
0.5333333333333333
0.5666666666666667
0.6333333333333333
0.4666666666666666
0.6666666666666666
0.5666666666666667
0.8333333333333333
0.6
0.7333333333333333
0.6333333333333333
0.8666666666666666
0.6666666666666666
0.6
0.6333333333333333
0.7241379310344827
0.6
0.7
0.6666666666666666
0.49999999999999994
0.6333333333333333
0.6333333333333333
0.7333333333333333
0.6666666666666666
0.6666666666666666
0.7999999999999999
0.6333333333333333
0.7
0.6333333333333333
0.5862068965517242
0.6333333333333333
0.6
0.6666666666666666
0.6666666666666666
0.689655172413793
0.4666666666666666
0.5666666666666667
0.5666666666666667
0.36666666666666664
0.5666666666666667
0.6666666666666666
0.7999999999999999
0.6333333333333333
0.7333333333333333
0.5333333333333333
0.7999999999999999
0.39999999999999997
0.5333333333333333
0.6333333333333333
0.6
0.5666666666666667
0.5862068965517242
0.5333333333333333
0.7
0.7999999999999999
0.7
0.6333333333333333
0.689655172413793
0.6
0.6
0.7333333333333333
0.6
0.5666666666666667
0.6333333333333333
0.689655172413793
0.5862068965517242
0.6666666666666666
0.49999999999999994
0.7
0.7
0.6
0.6666666666666666
0.7
0.6333333333333333
0.5666666666666667
0.6
0.7
0.5666666666666667
0.6333333333333333
0.7
0.6666666666666666
0.5666666666666667
0.5666666666666667
0.8333333333333333
0.5666666666666667
0.7999999999999999
0.6
0.7333333333333333
0.6333333333333333
0.7666666666666666
0.7
0.44827586206896564
0.7333333333333333
0.6
0.6333333333333333
0.7
0.6551724137931034
0.6333333333333333
0.7333333333333333
0.6666666666666666
0.4333333333333333
0.6
0.7333333333333333
0.5862068965517242
0.6
0.49999999999999994
0.6333333333333333
0.7333333333333333
0.6
0.5666666666666667
0.6666666666666666
0.8333333333333333
0.6333333333333333
0.49999999999999994
0.6
0.7333333333333333
0.6333333333333333
0.7
0.5333333333333333
0.7999999999999999
0.7999999999999999
0.6333333333333333
0.7
0.7333333333333333
0.7
0.4666666666666666
0.49999999999999994
0.6666666666666666
0.6333333333333333
0.4666666666666666
0.7
0.7
0.6333333333333333
0.7
0.6
0.6333333333333333
0.6666666666666666
0.6666666666666666
0.7999999999999999
0.5666666666666667
0.6551724137931034
0.7333333333333333
0.6
0.6333333333333333
0.7333333333333333
0.7999999999999999
0.7333333333333333
0.4666666666666666
0.6333333333333333
0.5666666666666667
0.6333333333333333
0.5666666666666667
0.6666666666666666
0.5666666666666667
0.6666666666666666
0.49999999999999994
0.6333333333333333
0.7333333333333333
0.7999999999999999
0.7999999999999999
0.6
0.4666666666666666
0.6
0.7
0.6
0.5666666666666667
0.7666666666666666
0.6333333333333333
0.7333333333333333
0.7333333333333333
0.7333333333333333
0.6
0.7666666666666666
0.6
0.6666666666666666
0.6
0.49999999999999994
0.6666666666666666
0.7999999999999999
0.5666666666666667
0.5666666666666667
0.7666666666666666
0.6333333333333333
0.5666666666666667
0.5666666666666667
0.6333333333333333
0.4666666666666666
0.5666666666666667
0.36666666666666664
0.7666666666666666
0.7
0.7
0.6333333333333333
0.7666666666666666
0.5333333333333333
0.5666666666666667
0.6666666666666666
0.7333333333333333
0.7333333333333333
0.6206896551724138
0.5666666666666667
0.6333333333333333
0.6206896551724138
0.5333333333333333
0.6333333333333333
0.7
0.7
0.7
0.5333333333333333
0.7333333333333333
0.6
0.6333333333333333
0.7333333333333333
0.6666666666666666
0.8333333333333333
0.5666666666666667
0.4666666666666666
0.7666666666666666
0.7333333333333333
0.5517241379310346
0.5666666666666667
0.6666666666666666
0.6666666666666666
0.6666666666666666
0.7333333333333333
0.8666666666666666
0.7666666666666666
0.7
0.7
0.5517241379310346
0.5333333333333333
0.5333333333333333
0.7666666666666666
0.4666666666666666
0.6333333333333333
0.5862068965517242
0.7333333333333333
0.5333333333333333
0.5517241379310346
0.7333333333333333
0.7666666666666666
0.49999999999999994
0.6333333333333333
0.5666666666666667
0.7
0.6333333333333333
0.6333333333333333
0.7
0.6333333333333333
0.6333333333333333
0.6333333333333333
0.6333333333333333
0.49999999999999994
0.6
0.34482758620689663
0.6
0.7
0.6
0.6333333333333333
0.7931034482758619
0.7999999999999999
0.6333333333333333
0.7
0.7999999999999999
0.44827586206896564
0.7666666666666666
0.6
0.4666666666666666
0.6666666666666666
0.689655172413793
0.49999999999999994
0.5666666666666667
0.5666666666666667
0.7666666666666666
0.6333333333333333
0.6333333333333333
0.7999999999999999
0.49999999999999994
0.6333333333333333
0.5333333333333333
0.7666666666666666
0.7
0.7333333333333333
0.7333333333333333
0.6
0.5333333333333333
0.4827586206896553
0.5333333333333333
0.6333333333333333
0.6666666666666666
0.6333333333333333
0.7
0.6
0.6666666666666666
0.6
0.6333333333333333
0.6666666666666666
0.6
0.689655172413793
0.7666666666666666
0.5666666666666667
0.5666666666666667
0.7
0.5333333333333333
0.49999999999999994
0.7
0.6666666666666666
0.6
0.5666666666666667
0.7
0.6666666666666666
0.6333333333333333
0.5517241379310346
0.6206896551724138
0.7
0.6
0.7241379310344827
0.7666666666666666
0.5862068965517242
0.7999999999999999
0.4666666666666666
0.7666666666666666
0.6
0.7
0.6666666666666666
0.7
0.6206896551724138
0.7
0.6
0.7
0.5666666666666667
0.6
0.7666666666666666
0.6666666666666666
0.6333333333333333
0.7333333333333333
0.7
0.6333333333333333
0.6333333333333333
0.6551724137931034
0.39999999999999997
0.7999999999999999
0.5666666666666667
0.7
0.6
0.7999999999999999
0.6333333333333333
0.6333333333333333
0.7666666666666666
0.7
0.6666666666666666
0.5862068965517242
0.6666666666666666
0.7586206896551723
0.7
0.7
0.4666666666666666
0.7333333333333333
0.6333333333333333
0.7333333333333333
0.6666666666666666
0.7333333333333333
0.7333333333333333
0.7666666666666666
0.5666666666666667
0.6333333333333333
0.6
0.6666666666666666
0.6666666666666666
0.7333333333333333
0.7
0.7333333333333333
0.6
0.6785714285714284
0.689655172413793
0.7666666666666666
0.6
0.6333333333333333
0.6333333333333333
0.7333333333333333
0.7333333333333333
0.7333333333333333
0.6333333333333333
0.7586206896551723
0.7
0.7
0.5333333333333333
0.6666666666666666
0.8333333333333333
0.6
0.6
0.6333333333333333
0.7
0.5333333333333333
0.8333333333333333
0.8333333333333333
0.7333333333333333
0.8275862068965515
0.6666666666666666
0.7
0.7
0.7
0.7
0.7999999999999999
0.6
0.6
0.6333333333333333
0.7999999999999999
0.6
0.6333333333333333
0.7666666666666666
0.689655172413793
0.5666666666666667
0.4333333333333333
0.5333333333333333
0.6
0.7333333333333333
0.7333333333333333
0.6
0.6551724137931034
0.6666666666666666
0.7
0.6666666666666666
0.5666666666666667
0.7
0.6666666666666666
0.7333333333333333
0.6333333333333333
0.7
0.5333333333333333
0.6333333333333333
0.6666666666666666
0.7666666666666666
0.7333333333333333
0.6333333333333333
0.5666666666666667
0.7999999999999999
0.6666666666666666
0.5666666666666667
0.7333333333333333
0.6666666666666666
0.7999999999999999
0.6333333333333333
0.49999999999999994
0.6333333333333333
0.7333333333333333
0.7
0.6
0.7
0.6666666666666666
0.7333333333333333
0.6666666666666666
0.6
0.39999999999999997
0.6333333333333333
0.7
0.5666666666666667
0.6
0.6666666666666666
0.6
0.7333333333333333
0.6333333333333333
0.8333333333333333
0.7
0.6551724137931034
0.6
0.6333333333333333
0.5333333333333333
0.6666666666666666
0.7
0.7333333333333333
0.4666666666666666
0.6
0.6333333333333333
0.7
0.7
0.7333333333333333
0.6666666666666666
0.689655172413793
0.5666666666666667
0.7
0.7333333333333333
0.6666666666666666
0.7
0.5666666666666667
0.6333333333333333
0.5666666666666667
0.7333333333333333
0.5666666666666667
0.7999999999999999
0.6333333333333333
0.7666666666666666
0.6333333333333333
0.7666666666666666
0.7666666666666666
0.7666666666666666
0.7666666666666666
0.7
0.7666666666666666
0.7666666666666666
0.5862068965517242
0.4666666666666666
0.7333333333333333
0.7666666666666666
0.7
0.7
0.49999999999999994
0.6333333333333333
0.7333333333333333
0.6666666666666666
0.7666666666666666
0.7
0.7
0.7333333333333333
0.6
0.7666666666666666
0.6551724137931034
0.6333333333333333
0.6333333333333333
0.6666666666666666
0.689655172413793
0.49999999999999994
0.517241379310345
0.5666666666666667
0.4666666666666666
0.5666666666666667
0.7
0.6666666666666666
0.6666666666666666
0.6333333333333333
0.7666666666666666
0.7666666666666666
0.7
0.6
0.7333333333333333
0.6
0.6666666666666666
0.6333333333333333
0.6333333333333333
0.7
0.5666666666666667
0.517241379310345
0.6666666666666666
0.7333333333333333
0.7
0.6333333333333333
0.5666666666666667
0.6333333333333333
0.6666666666666666
0.7
0.7666666666666666
0.6666666666666666
0.5333333333333333
0.7999999999999999
0.7333333333333333
0.6666666666666666
0.6666666666666666
0.7666666666666666
0.6333333333333333
0.5517241379310346
0.6666666666666666
0.6
0.5666666666666667
0.5357142857142856
0.6666666666666666
0.7666666666666666
0.6206896551724138
0.6
0.7333333333333333
0.7241379310344827
0.7
0.8275862068965515
0.8333333333333333
0.4333333333333333
0.7333333333333333
0.7666666666666666
0.7
0.6
0.7241379310344827
0.6333333333333333
0.5666666666666667
0.7
0.7
0.6666666666666666
0.6666666666666666
0.6666666666666666
0.5333333333333333
0.6333333333333333
0.8275862068965515
0.6551724137931034
0.8666666666666666
0.7333333333333333
0.49999999999999994
0.7
0.7666666666666666
0.7999999999999999
0.7333333333333333
0.6333333333333333
0.6
0.6333333333333333
0.5862068965517242
0.6206896551724138
0.49999999999999994
0.5666666666666667
0.5666666666666667
0.7666666666666666
0.7
0.5666666666666667
0.6333333333333333
0.6666666666666666
0.7
0.6333333333333333
0.7333333333333333
0.7999999999999999
0.7
0.6333333333333333
0.5666666666666667
0.7
0.5333333333333333
0.6
0.6
0.7
0.7
0.5333333333333333
0.7666666666666666
0.7
0.7
0.6666666666666666
0.6
0.49999999999999994
0.6
0.6
0.6666666666666666
0.7333333333333333
0.6
0.6
0.7
0.6333333333333333
0.7333333333333333
0.8666666666666666
0.689655172413793
0.6666666666666666
0.7333333333333333
0.9333333333333332
0.6333333333333333
0.6333333333333333
0.7
0.7
0.6666666666666666
0.8333333333333333
0.5666666666666667
0.8333333333333333
0.7333333333333333
0.7999999999999999
0.6666666666666666
0.6666666666666666
0.6333333333333333
0.6666666666666666
0.5333333333333333
0.6
0.6333333333333333
0.6551724137931034
0.8666666666666666
0.6551724137931034
0.6333333333333333
0.6333333333333333
0.5517241379310346
0.6785714285714284
0.6333333333333333
0.7586206896551723
0.8333333333333333
0.7999999999999999
0.7
0.6666666666666666
0.6206896551724138
0.7
0.6666666666666666
0.7
0.5333333333333333
0.7
0.6
0.6
0.5666666666666667
0.7
0.7999999999999999
0.7333333333333333
0.6333333333333333
0.6333333333333333
0.5666666666666667
0.7666666666666666
0.7
0.7333333333333333
0.7666666666666666
0.6666666666666666
0.4333333333333333
0.7999999999999999
0.6
0.6333333333333333
0.7333333333333333
0.8666666666666666
0.6666666666666666
0.6666666666666666
0.5666666666666667
0.8666666666666666
0.6666666666666666
0.6
0.7
0.7999999999999999
0.4666666666666666
0.7333333333333333
0.5666666666666667
0.6333333333333333
0.8333333333333333
0.7666666666666666
0.7333333333333333
0.5517241379310346
0.6206896551724138
0.7
0.6666666666666666
0.6666666666666666
0.5333333333333333
0.6
0.5666666666666667
0.7
0.7333333333333333
0.6
0.6
0.6333333333333333
0.7999999999999999
0.49999999999999994
0.7999999999999999
0.6333333333333333
0.7333333333333333
0.7333333333333333
0.7333333333333333
0.7999999999999999
0.6333333333333333
0.6333333333333333
0.6666666666666666
0.7666666666666666
0.6666666666666666
0.7333333333333333
0.5666666666666667
0.7
0.6551724137931034
0.6
0.7333333333333333
0.7666666666666666
0.7333333333333333
0.6666666666666666
0.6333333333333333
0.6333333333333333
0.7333333333333333
0.49999999999999994
0.5666666666666667
0.7586206896551723
0.7666666666666666
0.6333333333333333
0.6666666666666666
0.5666666666666667
0.5666666666666667
0.7666666666666666
0.6333333333333333
0.7
0.7
0.7999999999999999
0.5517241379310346
0.5666666666666667
0.5333333333333333
0.5333333333333333
0.6666666666666666
0.6333333333333333
0.5333333333333333
0.6666666666666666
0.7333333333333333
0.7999999999999999
0.8333333333333333
0.7333333333333333
0.7666666666666666
0.6333333333333333
0.5666666666666667
0.7666666666666666
0.6
0.6666666666666666
0.6666666666666666
0.7333333333333333
0.6333333333333333
0.6666666666666666
0.7
0.6333333333333333
0.7333333333333333
0.5666666666666667
0.7999999999999999
0.6666666666666666
0.5666666666666667
0.7333333333333333
0.8999999999999999
0.7
0.7333333333333333
0.7241379310344827
0.7666666666666666
0.7333333333333333
0.5333333333333333
0.7333333333333333
0.7
0.6333333333333333
0.6333333333333333
0.6
0.7666666666666666
0.7333333333333333
0.7333333333333333
0.7666666666666666
0.7666666666666666
0.7333333333333333
0.7
0.6666666666666666
0.6
0.8333333333333333
0.7333333333333333
0.6333333333333333
0.5666666666666667
0.7666666666666666
0.6666666666666666
0.7241379310344827
0.8333333333333333
0.6666666666666666
0.7931034482758619
0.7333333333333333
0.6666666666666666
0.6333333333333333
0.5666666666666667
0.7241379310344827
0.6333333333333333
0.6333333333333333
0.7
0.6206896551724138
0.7
0.7
0.5666666666666667
0.7333333333333333
0.7
0.6
0.6
0.6206896551724138
0.6666666666666666
0.5333333333333333
0.8620689655172411
0.7333333333333333
0.8999999999999999
0.6333333333333333
0.7666666666666666
0.6666666666666666
0.6666666666666666
0.6666666666666666
0.7666666666666666
0.689655172413793
0.5333333333333333
0.6666666666666666
0.7
0.7999999999999999
0.7333333333333333
0.7
0.7666666666666666
0.7
0.7666666666666666
0.6333333333333333
0.5666666666666667
0.7999999999999999
0.6333333333333333
0.4666666666666666
0.7333333333333333
0.6333333333333333
0.7666666666666666
0.7999999999999999
0.6
0.7666666666666666
0.6333333333333333
0.6666666666666666
0.6333333333333333
0.7999999999999999
0.6666666666666666
0.7333333333333333
0.6666666666666666
0.8333333333333333
0.7
0.7333333333333333
0.7333333333333333
0.7
0.6333333333333333
0.7666666666666666
0.7
0.7333333333333333
0.6
0.7142857142857141
0.7333333333333333
0.7666666666666666
0.7
0.7666666666666666
0.8999999999999999
0.5666666666666667
0.6333333333333333
0.6333333333333333
0.7
0.7333333333333333
0.6333333333333333
0.6206896551724138
0.7333333333333333
0.5666666666666667
0.5666666666666667
0.6666666666666666
0.6666666666666666
0.6333333333333333
0.5666666666666667
0.6666666666666666
0.7
0.7931034482758619
0.6333333333333333
0.49999999999999994
0.8333333333333333
0.6
0.6666666666666666
0.7666666666666666
0.7666666666666666
0.7
0.7666666666666666
0.7241379310344827
0.7666666666666666
0.6666666666666666
0.7999999999999999
0.7
0.7
0.7333333333333333
0.7
0.8999999999999999
0.7999999999999999
0.7333333333333333
0.7666666666666666
0.689655172413793
0.7333333333333333
0.6333333333333333
0.8275862068965515
0.6666666666666666
0.7333333333333333
0.5862068965517242
0.6
0.6
0.7
0.7333333333333333
0.7
0.6
0.7333333333333333
0.7
0.7
0.6666666666666666
0.7333333333333333
0.7333333333333333
0.6333333333333333
0.7333333333333333
0.7666666666666666
0.6666666666666666
0.7333333333333333
0.7
0.7333333333333333
0.8333333333333333
0.5666666666666667
0.6333333333333333
0.5333333333333333
0.7666666666666666
0.8333333333333333
0.6
0.7666666666666666
0.8333333333333333
0.7333333333333333
0.8666666666666666
0.7333333333333333
0.7
0.7
0.5666666666666667
0.6
0.6666666666666666
0.7666666666666666
0.5333333333333333
0.7
0.7999999999999999
0.7
0.689655172413793
0.7
0.6666666666666666
0.6333333333333333
0.6
0.7333333333333333
0.8275862068965515
0.7
0.6333333333333333
0.7666666666666666
0.7999999999999999
0.7666666666666666
0.49999999999999994
0.7333333333333333
0.7666666666666666
0.5333333333333333
0.7666666666666666
0.5666666666666667
0.7
0.7
0.7
0.6333333333333333
0.6333333333333333
0.7
0.5666666666666667
0.7333333333333333
0.7666666666666666
0.6666666666666666
0.6666666666666666
0.7
0.6
0.7
0.8333333333333333
0.7999999999999999
0.5666666666666667
0.6
0.6333333333333333
0.8333333333333333
0.5666666666666667
0.6666666666666666
0.7666666666666666
0.6666666666666666
0.8275862068965515
0.7
0.6333333333333333
0.6666666666666666
0.7333333333333333
0.7999999999999999
0.7999999999999999
0.6333333333333333
0.6
0.6666666666666666
0.689655172413793
0.7666666666666666
0.6666666666666666
0.7999999999999999
0.6666666666666666
0.7999999999999999
0.7
0.7
0.7333333333333333
0.5862068965517242
0.7
0.6666666666666666
0.7
0.7333333333333333
0.6333333333333333
0.6333333333333333
0.6206896551724138
0.6666666666666666
0.8333333333333333
0.7
0.6
0.6
0.5666666666666667
0.7
0.7333333333333333
0.7333333333333333
0.7
0.6333333333333333
0.8333333333333333
0.7241379310344827
0.7333333333333333
0.7666666666666666
0.6
0.7999999999999999
0.7
0.7
0.7
0.7241379310344827
0.49999999999999994
0.6666666666666666
0.7931034482758619
0.7333333333333333
0.7333333333333333
0.6333333333333333
0.6666666666666666
0.6333333333333333
0.7
0.7999999999999999
0.7
0.6333333333333333
0.689655172413793
0.7999999999999999
0.6
0.7931034482758619
0.7
0.5333333333333333
0.6
0.6333333333333333
0.6333333333333333
0.6333333333333333
0.7333333333333333
0.7999999999999999
0.7
0.6333333333333333
0.5517241379310346
0.5666666666666667
0.5333333333333333
0.6666666666666666
0.7666666666666666
0.6666666666666666
0.8666666666666666
0.7333333333333333
0.7666666666666666
0.7333333333333333
0.7999999999999999
0.7333333333333333
0.689655172413793
0.6666666666666666
0.7333333333333333
0.7333333333333333
0.7931034482758619
0.689655172413793
0.7999999999999999
0.7
0.6
0.7
0.7
0.7333333333333333
0.7
0.6
0.6333333333333333
0.7333333333333333
0.6333333333333333
0.689655172413793
0.7
0.7
0.7333333333333333
0.6666666666666666
0.6666666666666666
0.7
0.6666666666666666
0.7999999999999999
0.7333333333333333
0.6333333333333333
0.5666666666666667
0.6333333333333333
0.6333333333333333
0.6206896551724138
0.9333333333333332
0.7999999999999999
0.7666666666666666
0.7333333333333333
0.7333333333333333
0.5333333333333333
0.6
0.7999999999999999
0.7333333333333333
0.7
0.6333333333333333
0.8666666666666666
0.6666666666666666
0.7333333333333333
0.6333333333333333
0.7666666666666666
0.7333333333333333
0.7999999999999999
0.6
0.7
0.6666666666666666
0.8666666666666666
0.7
0.8333333333333333
0.5666666666666667
0.7333333333333333
0.7
0.7333333333333333
0.6666666666666666
0.5666666666666667
0.7
0.8620689655172411
0.8999999999999999
0.7999999999999999
0.8666666666666666
0.7
0.7
0.8333333333333333
0.7666666666666666
0.7666666666666666
0.7666666666666666
0.7
0.5666666666666667
0.7666666666666666
0.7333333333333333
0.6333333333333333
0.6333333333333333
0.7666666666666666
0.7666666666666666
0.7333333333333333
0.7333333333333333
0.7666666666666666
0.7333333333333333
0.8666666666666666
0.6333333333333333
0.6333333333333333
0.8999999999999999
0.6666666666666666
0.7333333333333333
0.7999999999999999
0.6333333333333333
0.7241379310344827
0.6666666666666666
0.7666666666666666
0.7
0.7
0.7999999999999999
0.6666666666666666
0.6666666666666666
0.6666666666666666
0.8333333333333333
0.7666666666666666
0.6666666666666666
0.7
0.7241379310344827
0.7999999999999999
0.7666666666666666
0.7999999999999999
0.6666666666666666
0.7333333333333333
0.7666666666666666
0.6333333333333333
0.8333333333333333
0.7
0.7333333333333333
0.6
0.8333333333333333
0.7999999999999999
0.7333333333333333
0.7999999999999999
0.7
0.6
0.7
0.7
0.7931034482758619
0.7241379310344827
0.6
0.6333333333333333
0.6666666666666666
0.7666666666666666
0.7
0.6333333333333333
0.6666666666666666
0.7333333333333333
0.6666666666666666
0.7
0.7999999999999999
0.6666666666666666
0.8333333333333333
0.6
0.6333333333333333
0.7333333333333333
0.6
0.7241379310344827
0.7241379310344827
0.7333333333333333
0.7
0.6666666666666666
0.7333333333333333
0.6333333333333333
0.6666666666666666
0.7999999999999999
0.6551724137931034
0.7333333333333333
0.7
0.7586206896551723
0.6333333333333333
0.7
0.5333333333333333
0.7999999999999999
0.8666666666666666
0.689655172413793
0.7333333333333333
0.6666666666666666
0.6333333333333333
0.7
0.6666666666666666
0.7666666666666666
0.7999999999999999
0.6
0.6333333333333333
0.7999999999999999
0.7999999999999999
0.7666666666666666
0.5666666666666667
0.7
0.7586206896551723
0.7
0.7999999999999999
0.6666666666666666
0.7241379310344827
0.6666666666666666
0.7666666666666666
0.6
0.6666666666666666
0.7333333333333333
0.5666666666666667
0.7999999999999999
0.7333333333333333
0.8333333333333333
0.6
0.6551724137931034
0.7333333333333333
0.7
0.689655172413793
0.6333333333333333
0.7333333333333333
0.7
0.8333333333333333
0.5666666666666667
0.6666666666666666
0.7
0.6
0.6666666666666666
0.49999999999999994
0.6333333333333333
0.7666666666666666
0.7333333333333333
0.7666666666666666
0.7999999999999999
0.7
0.6666666666666666
0.5666666666666667
0.6333333333333333
0.6206896551724138
0.6333333333333333
0.6333333333333333
0.7333333333333333
0.7333333333333333
0.7666666666666666
0.6
0.6666666666666666
0.7333333333333333
0.7333333333333333
0.6333333333333333
0.6333333333333333
0.6
0.7666666666666666
0.7
0.7666666666666666
0.7241379310344827
0.6333333333333333
0.6666666666666666
0.8666666666666666
0.7999999999999999
0.7586206896551723
0.7
0.7333333333333333
0.7999999999999999
0.7666666666666666
0.7333333333333333
0.5333333333333333
0.7333333333333333
0.6666666666666666
0.6666666666666666
0.6333333333333333
0.7999999999999999
0.7333333333333333
0.6666666666666666
0.6333333333333333
0.6333333333333333
0.49999999999999994
0.7666666666666666
0.6333333333333333
0.7333333333333333
0.7333333333333333
0.7333333333333333
0.7333333333333333
0.7333333333333333
0.8965517241379307
0.8666666666666666
0.5333333333333333
0.7241379310344827
0.6551724137931034
0.6666666666666666
0.7333333333333333
0.7
0.7333333333333333
0.7666666666666666
0.6
0.6666666666666666
0.7
0.7666666666666666
0.7
0.7
0.7
0.7931034482758619
0.7
0.6666666666666666
0.7666666666666666
0.7931034482758619
0.6333333333333333
0.6666666666666666
0.6333333333333333
0.7
0.8333333333333333
0.6
0.8999999999999999
0.6333333333333333
0.9333333333333332
0.8666666666666666
0.7999999999999999
0.6551724137931034
0.6333333333333333
0.6
0.7333333333333333
0.7666666666666666
0.6333333333333333
0.7666666666666666
0.6
0.8333333333333333
0.6666666666666666
0.7999999999999999
0.7333333333333333
0.7666666666666666
0.7333333333333333
0.6666666666666666
0.7
0.6666666666666666
0.7
0.7999999999999999
0.6666666666666666
0.7999999999999999
0.7333333333333333
0.5333333333333333
0.8666666666666666
0.7
0.6
0.8333333333333333
0.7333333333333333
0.6
0.7999999999999999
0.6
0.7
0.6
0.7666666666666666
0.6333333333333333
0.7666666666666666
0.6666666666666666
0.7241379310344827
0.8620689655172411
0.6
0.6
0.7
0.7333333333333333
0.8333333333333333
0.8333333333333333
0.6333333333333333
0.7
0.7333333333333333
0.6666666666666666
0.7
0.7333333333333333
0.7999999999999999
0.6
0.7
0.7333333333333333
0.7
0.7333333333333333
0.6333333333333333
0.6333333333333333
0.7666666666666666
0.7999999999999999
0.6666666666666666
0.7999999999999999
0.7666666666666666
0.7666666666666666
0.7666666666666666
0.8999999999999999
0.8333333333333333
0.7999999999999999
0.8333333333333333
0.8666666666666666
0.6333333333333333
0.6333333333333333
0.7
0.7999999999999999
0.8999999999999999
0.6333333333333333
0.7999999999999999
0.7
0.7333333333333333
0.6
0.6666666666666666
0.6333333333333333
0.6333333333333333
0.8666666666666666
0.7
0.7586206896551723
0.6666666666666666
0.7666666666666666
0.7
0.6333333333333333
0.49999999999999994
0.6333333333333333
0.8666666666666666
0.7999999999999999
0.689655172413793
0.7241379310344827
0.7333333333333333
0.7
0.7666666666666666
0.5333333333333333
0.8333333333333333
0.7666666666666666
0.7333333333333333
0.5517241379310346
0.6206896551724138
0.6333333333333333
0.7666666666666666
0.7999999999999999
0.7333333333333333
0.7666666666666666
0.6666666666666666
0.689655172413793
0.8333333333333333
0.7999999999999999
0.7666666666666666
0.6333333333333333
0.49999999999999994
0.7999999999999999
0.7666666666666666
0.7999999999999999
0.7333333333333333
0.6
0.6666666666666666
0.6666666666666666
0.5333333333333333
0.8666666666666666
0.7
0.7
0.6666666666666666
0.6666666666666666
0.8333333333333333
0.7586206896551723
0.689655172413793
0.7999999999999999
0.7999999999999999
0.7333333333333333
0.7666666666666666
0.6666666666666666
0.7
0.6
0.7333333333333333
0.7
0.49999999999999994
0.7333333333333333
0.7
0.6666666666666666
0.7333333333333333
0.7999999999999999
0.7999999999999999
0.6
0.7999999999999999
0.8666666666666666
0.7999999999999999
0.5862068965517242
0.6333333333333333
0.5862068965517242
0.8333333333333333
0.7999999999999999
0.7
0.6666666666666666
0.7
0.7666666666666666
0.6551724137931034
0.7333333333333333
0.8333333333333333
0.7333333333333333
0.7666666666666666
0.7333333333333333
0.6333333333333333
0.7666666666666666
0.7999999999999999
0.8275862068965515
0.689655172413793
0.7333333333333333
0.5517241379310346
0.6333333333333333
0.7333333333333333
0.6
0.689655172413793
0.7333333333333333
0.5333333333333333
0.6666666666666666
0.8666666666666666
0.6
0.7
0.6666666666666666
0.6551724137931034
0.8333333333333333
0.7999999999999999
0.7999999999999999
0.7666666666666666
0.7
0.7333333333333333
0.7
0.7333333333333333
0.6666666666666666
0.7333333333333333
0.8666666666666666
0.6206896551724138
0.6666666666666666
0.8965517241379307
0.7999999999999999
0.8333333333333333
0.7
0.7666666666666666
0.9333333333333332
0.7
0.7333333333333333
0.6333333333333333
0.7999999999999999
0.7999999999999999
0.7999999999999999
0.8333333333333333
0.6
0.8333333333333333
0.7666666666666666
0.7
0.7666666666666666
0.7333333333333333
0.8333333333333333
0.6666666666666666
0.5333333333333333
0.7666666666666666
0.7999999999999999
0.6333333333333333
0.7666666666666666
0.7666666666666666
0.7333333333333333
0.7931034482758619
0.8666666666666666
0.7666666666666666
0.7
0.7666666666666666
0.6666666666666666
0.8333333333333333
0.7333333333333333
0.6333333333333333
0.7
0.7
0.6666666666666666
0.7586206896551723
0.8275862068965515
0.6666666666666666
0.7666666666666666
0.6666666666666666
0.7666666666666666
0.7
0.6206896551724138
0.7999999999999999
0.6666666666666666
0.7
0.7333333333333333
0.6
0.7666666666666666
0.7
0.7666666666666666
0.7333333333333333
0.5666666666666667
0.6666666666666666
0.7999999999999999
0.7999999999999999
0.7
0.7333333333333333
0.7241379310344827
0.8666666666666666
0.7333333333333333
0.7
0.8999999999999999
0.6666666666666666
0.7333333333333333
0.7
0.8999999999999999
0.7999999999999999
0.7
0.6333333333333333
0.6333333333333333
0.7666666666666666
0.7666666666666666
0.7999999999999999
0.7999999999999999
0.7999999999999999
0.6666666666666666
0.7931034482758619
0.6666666666666666
0.7999999999999999
0.7333333333333333
0.8275862068965515
0.7333333333333333
0.7333333333333333
0.6
0.8333333333333333
0.6333333333333333
0.7999999999999999
0.7
0.7999999999999999
0.6333333333333333
0.7666666666666666
0.689655172413793
0.7999999999999999
0.6666666666666666
0.7333333333333333
0.6333333333333333
0.8333333333333333
0.7999999999999999
0.7
0.6333333333333333
0.6333333333333333
0.7999999999999999
0.7333333333333333
0.7333333333333333
0.7333333333333333
0.7333333333333333
0.6
0.7
0.7
0.6333333333333333
0.7333333333333333
0.6666666666666666
0.8333333333333333
0.7333333333333333
0.8666666666666666
0.8666666666666666
0.6551724137931034
0.5666666666666667
0.7999999999999999
0.7999999999999999
0.7999999999999999
0.6666666666666666
0.8333333333333333
0.7999999999999999
0.6333333333333333
0.8333333333333333
0.7999999999999999
0.6666666666666666
0.7
0.7666666666666666
0.6333333333333333
0.7666666666666666
0.6666666666666666
0.6333333333333333
0.6333333333333333
0.7666666666666666
0.7666666666666666
0.7
0.8333333333333333
0.6666666666666666
0.7333333333333333
0.7666666666666666
0.7333333333333333
0.7333333333333333
0.7999999999999999
0.7666666666666666
0.6666666666666666
0.7999999999999999
0.7
0.7333333333333333
0.7666666666666666
0.7666666666666666
0.7999999999999999
0.8333333333333333
0.7333333333333333
0.8620689655172411
0.7333333333333333
0.7333333333333333
0.7666666666666666
0.6551724137931034
0.6666666666666666
0.7999999999999999
0.8333333333333333
0.6666666666666666
0.7666666666666666
0.7931034482758619
0.7666666666666666
0.6666666666666666
0.7999999999999999
0.8333333333333333
0.9333333333333332
0.7333333333333333
0.6666666666666666
0.8333333333333333
0.7
0.6666666666666666
0.7666666666666666
0.7
0.8333333333333333
0.6666666666666666
0.7666666666666666
0.7
0.6666666666666666
0.6666666666666666
0.7999999999999999
0.6666666666666666
0.7
0.7666666666666666
0.7666666666666666
0.8333333333333333
0.7333333333333333
0.7333333333333333
0.7
0.7666666666666666
0.8666666666666666
0.8333333333333333
0.6666666666666666
0.7333333333333333
0.7
0.4666666666666666
0.5666666666666667
0.6333333333333333
0.7333333333333333
0.8999999999999999
0.5666666666666667
0.7
0.8999999999999999
0.7666666666666666
0.7333333333333333
0.6333333333333333
0.7666666666666666
0.7931034482758619
0.7999999999999999
0.7
0.8666666666666666
0.6666666666666666
0.8666666666666666
0.6333333333333333
0.7
0.7
0.7666666666666666
0.7333333333333333
0.7931034482758619
0.7333333333333333
0.7
0.7666666666666666
0.7333333333333333
0.7
0.6666666666666666
0.8666666666666666
0.7333333333333333
0.7333333333333333
0.7999999999999999
0.6333333333333333
0.7999999999999999
0.6
0.7333333333333333
0.5333333333333333
0.6666666666666666
0.7666666666666666
0.6
0.7999999999999999
0.8999999999999999
0.7241379310344827
0.7999999999999999
0.7666666666666666
0.6
0.7666666666666666
0.7333333333333333
0.7999999999999999
0.7999999999999999
0.49999999999999994
0.7333333333333333
0.8666666666666666
0.8333333333333333
0.7
0.7999999999999999
0.7666666666666666
0.49999999999999994
0.7666666666666666
0.6666666666666666
0.6666666666666666
0.8333333333333333
0.7333333333333333
0.7666666666666666
0.7999999999999999
0.7
0.6666666666666666
0.6666666666666666
0.7666666666666666
0.6666666666666666
0.7999999999999999
0.7999999999999999
0.7666666666666666
0.7999999999999999
0.8333333333333333
0.7
0.7666666666666666
0.7333333333333333
0.7666666666666666
0.7666666666666666
0.5666666666666667
0.7333333333333333
0.7
0.7
0.7333333333333333
0.7333333333333333
0.6333333333333333
0.7666666666666666
0.7
0.8333333333333333
0.6666666666666666
0.49999999999999994
0.6333333333333333
0.6
0.6333333333333333
0.7333333333333333
0.7333333333333333
0.7
0.8666666666666666
0.9333333333333332
0.8333333333333333
0.8999999999999999
0.6666666666666666
0.7999999999999999
0.6666666666666666
0.8666666666666666
0.8333333333333333
0.7666666666666666
0.7666666666666666
0.8666666666666666
0.8333333333333333
0.7333333333333333
0.7931034482758619
0.7
0.7666666666666666
0.6666666666666666
0.7999999999999999
0.8333333333333333
0.8333333333333333
0.8999999999999999
0.7
0.6333333333333333
0.7931034482758619
0.7666666666666666
0.7666666666666666
0.7333333333333333
0.7999999999999999
0.6
0.7241379310344827
0.7999999999999999
0.8999999999999999
0.7999999999999999
0.7666666666666666
0.8333333333333333
0.7333333333333333
0.7666666666666666
0.6
0.7999999999999999
0.7666666666666666
0.7666666666666666
0.7
0.689655172413793
0.8620689655172411
0.7
0.7666666666666666
0.7
0.7
0.7
0.8275862068965515
0.7
0.6666666666666666
0.8666666666666666
0.7999999999999999
0.7666666666666666
0.8666666666666666
0.7333333333333333
0.8333333333333333
0.7
0.8333333333333333
0.8333333333333333
0.8999999999999999
0.7333333333333333
0.6666666666666666
0.7333333333333333
0.7333333333333333
0.9310344827586203
0.6666666666666666
0.6666666666666666
0.7999999999999999
0.7
0.6666666666666666
0.7999999999999999
0.7
0.7666666666666666
0.6666666666666666
0.8275862068965515
0.8666666666666666
0.6666666666666666
0.8666666666666666
0.7
0.6666666666666666
0.8333333333333333
0.8333333333333333
0.7666666666666666
0.7333333333333333
0.8333333333333333
0.7666666666666666
0.7333333333333333
0.7333333333333333
0.6
0.7241379310344827
0.8333333333333333
0.7
0.6666666666666666
0.6666666666666666
0.7999999999999999
0.7586206896551723
0.7666666666666666
0.8333333333333333
0.7666666666666666
0.7999999999999999
0.7333333333333333
0.8999999999999999
0.7666666666666666
0.8999999999999999
0.7
0.7
0.7666666666666666
0.7
0.7666666666666666
0.7999999999999999
0.7
0.7666666666666666
0.7586206896551723
0.7333333333333333
0.7
0.7999999999999999
0.7333333333333333
0.7
0.7999999999999999
0.7999999999999999
0.7666666666666666
0.7333333333333333
0.7333333333333333
0.8999999999999999
0.6
0.7999999999999999
0.7333333333333333
0.7333333333333333
0.6666666666666666
0.6666666666666666
0.8666666666666666
0.6333333333333333
0.7999999999999999
0.7999999999999999
0.7999999999999999
0.8333333333333333
0.7
0.7999999999999999
0.8333333333333333
0.7333333333333333
0.7333333333333333
0.7
0.689655172413793
0.7999999999999999
0.6666666666666666
0.7586206896551723
0.6666666666666666
0.7999999999999999
0.6666666666666666
0.7666666666666666
0.8333333333333333
0.7666666666666666
0.8333333333333333
0.6666666666666666
0.7333333333333333
0.7241379310344827
0.8333333333333333
0.7
0.7333333333333333
0.7
0.8333333333333333
0.7
0.8275862068965515
0.6666666666666666
0.7999999999999999
0.8333333333333333
0.8333333333333333
0.7666666666666666
0.6666666666666666
0.8333333333333333
0.7999999999999999
0.8333333333333333
0.7333333333333333
0.7333333333333333
0.7999999999999999
0.7
0.7
0.8333333333333333
0.7999999999999999
0.7999999999999999
0.7999999999999999
0.8666666666666666
0.7333333333333333
0.7666666666666666
0.7
0.7333333333333333
0.7333333333333333
0.7586206896551723
0.6333333333333333
0.6333333333333333
0.6
0.8666666666666666
0.6666666666666666
0.7999999999999999
0.6666666666666666
0.7666666666666666
0.7999999999999999
0.5333333333333333
0.7999999999999999
0.8333333333333333
0.7666666666666666
0.7333333333333333
0.7333333333333333
0.7999999999999999
0.6666666666666666
0.6666666666666666
0.7999999999999999
0.9666666666666666
0.6333333333333333
0.7666666666666666
0.7333333333333333
0.7666666666666666
0.7333333333333333
0.7666666666666666
0.7333333333333333
0.7999999999999999
0.5333333333333333
0.8333333333333333
0.7666666666666666
0.7333333333333333
0.6333333333333333
0.5666666666666667
0.8333333333333333
0.8333333333333333
0.8333333333333333
0.7333333333333333
0.7999999999999999
0.7931034482758619
0.6
0.7666666666666666
0.7999999999999999
0.7333333333333333
0.7999999999999999
0.6666666666666666
0.6666666666666666
0.7
0.7
0.7333333333333333
0.7
0.6333333333333333
0.7
0.7
0.7666666666666666
0.7999999999999999
0.7999999999999999
0.8333333333333333
0.8333333333333333
0.8666666666666666
0.689655172413793
0.7666666666666666
0.7666666666666666
0.8666666666666666
0.7666666666666666
0.8666666666666666
0.7
0.6666666666666666
0.8666666666666666
0.8333333333333333
0.8666666666666666
0.7999999999999999
0.7666666666666666
0.7333333333333333
0.6
0.8333333333333333
0.6
0.8333333333333333
0.7999999999999999
0.6333333333333333
0.7666666666666666
0.8666666666666666
0.8666666666666666
0.7333333333333333
0.7999999999999999
0.6333333333333333
0.7999999999999999
0.6333333333333333
0.7999999999999999
0.7666666666666666
0.6551724137931034
0.8333333333333333
0.7999999999999999
0.6
0.7333333333333333
0.7666666666666666
0.7666666666666666
0.7999999999999999
0.7666666666666666
0.7
0.6
0.7333333333333333
0.6666666666666666
0.7666666666666666
0.7666666666666666
0.7
0.6333333333333333
0.6666666666666666
0.7666666666666666
0.7333333333333333
0.7
0.7333333333333333
0.7
0.7666666666666666
0.6
0.7333333333333333
0.7333333333333333
0.7333333333333333
0.7999999999999999
0.7
0.6666666666666666
0.7999999999999999
0.7
0.7999999999999999
0.7333333333333333
0.8333333333333333
0.7999999999999999
0.7666666666666666
0.6666666666666666
0.7333333333333333
0.9655172413793099
0.6666666666666666
0.7333333333333333
0.7333333333333333
0.6666666666666666
0.7
0.5666666666666667
0.7999999999999999
0.6666666666666666
0.7586206896551723
0.7333333333333333
0.8999999999999999
0.7999999999999999
0.7666666666666666
0.8275862068965515
0.6666666666666666
0.7
0.6666666666666666
0.8666666666666666
0.7
