0.2486865148861646
0.24901531728665208
0.24934383202099739
0.24967205946655008
0.25
0.2503276539973788
0.25065502183406113
0.2509821038847665
0.2513089005235602
0.2516354121238552
0.25196163905841323
0.2522875816993464
0.25261324041811845
0.25293861558554637
0.25326370757180156
0.2535885167464115
0.2539130434782609
0.2542372881355932
0.2545612510860122
0.2548849326964828
0.2552083333333333
0.25553145336225597
0.25585429314830876
0.25617685305591675
0.2564991334488735
0.2568211346903421
0.2571428571428571
0.2574643011683254
0.2577854671280277
0.25810635538262
0.25842696629213485
0.25874730021598275
0.25906735751295334
0.2593871385412171
0.25970664365832613
0.26002587322121606
0.2603448275862069
0.26066350710900477
0.26098191214470284
0.26130004304778304
0.26161790017211706
0.26193548387096777
0.2622527944969905
0.26256983240223464
0.26288659793814434
0.2632030914555603
0.263519313304721
0.26383526383526384
0.2641509433962264
0.264466352336048
0.2647814910025707
0.2650963597430407
0.2654109589041096
0.26572528883183566
0.2660393498716852
0.2663531423685336
0.26666666666666666
0.26697992310978214
0.2672929120409906
0.2676056338028169
0.26791808873720135
0.2682302771855011
0.26854219948849106
0.2688538559863656
0.26916524701873934
0.26947637292464877
0.26978723404255317
0.27009783071033605
0.27040816326530615
0.27071823204419887
0.27102803738317754
0.2713375796178344
0.27164685908319186
0.27195587611370386
0.272264631043257
0.27257312420517166
0.27288135593220336
0.2731893265565438
0.2734970364098222
0.27380448582310624
0.27411167512690354
0.2744186046511628
0.27472527472527475
0.2750316856780735
0.27533783783783783
0.2756437315322921
0.2759493670886076
0.2762547448334036
0.2765598650927487
0.27686472819216185
0.2771693344566133
0.2774736842105263
0.2777777777777778
0.27808161548169963
0.2783851976450799
0.2786885245901639
0.27899159663865547
0.2792944141117178
0.2795969773299748
0.2798992866135124
0.2802013422818792
0.28050314465408804
0.2808046940486169
0.28110599078341014
0.2814070351758794
0.28170782754290496
0.2820083682008368
0.2823086574654956
0.2826086956521739
0.28290848307563726
0.2832080200501253
0.28350730688935283
0.2838063439065108
0.28410513141426785
0.28440366972477066
0.2847019591496457
0.285
0.28529779258642235
0.28559533721898417
0.2858926342072409
0.28618968386023297
0.2864864864864865
0.286783042394015
0.2870793518903199
0.287375415282392
0.2876712328767123
0.2879668049792531
0.28826213189547906
0.2885572139303483
0.2888520513883133
0.2891466445733223
0.2894409937888199
0.2897350993377483
0.2900289615225486
0.2903225806451613
0.2906159570070277
0.2909090909090909
0.29120198265179675
0.29149463253509494
0.29178704085843993
0.29207920792079206
0.29237113402061854
0.29266281945589445
0.29295426452410384
0.2932454695222405
0.2935364347468094
0.2938271604938272
0.29411764705882354
0.2944078947368421
0.29469790382244143
0.294987674609696
0.29527720739219715
0.2955665024630542
0.2958555601148954
0.29614438063986875
0.2964329643296433
0.2967213114754098
0.297009422367882
0.2972972972972973
0.29758493655341794
0.2978723404255319
0.298159509202454
0.29844644317252655
0.2987331426236208
0.29901960784313725
0.29930583911800734
0.29959183673469386
0.2998776009791922
0.300163132137031
0.3004484304932735
0.30073349633251834
0.3010183299389002
0.30130293159609123
0.30158730158730157
0.3018714401952807
0.302155347702318
0.3024390243902439
0.3027224705404307
0.30300568643379366
0.3032886723507917
0.30357142857142855
0.30385395537525356
0.30413625304136255
0.30441832184839884
0.3047001620745543
0.30498177399756987
0.30526315789473685
0.3055443140428976
0.3058252427184466
0.30610594419733117
0.30638641875505257
0.30666666666666664
0.3069466882067851
0.3072264836495761
0.3075060532687651
0.30778539733763616
0.30806451612903224
0.3083434099153567
0.30862207896857374
0.3089005235602094
0.30917874396135264
0.3094567404426559
0.30973451327433627
0.3100120627261761
0.3102893890675241
0.3105664925672961
0.3108433734939759
0.31112003211561623
0.3113964686998395
0.31167268351383876
0.3119486768243785
0.3122244488977956
0.3125
0.31277533039647576
0.3130504403522818
0.3133253301320528
0.3136
0.31387445021991206
0.31414868105515587
0.31442269276867757
0.3146964856230032
0.3149700598802395
0.31524341580207504
0.3155165536497806
0.3157894736842105
0.3160621761658031
0.31633466135458166
0.31660692951015534
0.31687898089171973
0.3171508157580581
0.31742243436754175
0.3176938369781312
0.3179650238473768
0.3182359952324195
0.31850675138999207
0.31877729257641924
0.319047619047619
0.31931773105910355
0.31958762886597936
0.31985731272294887
0.3201267828843106
0.3203960396039604
0.32066508313539194
0.32093391373169766
0.3212025316455696
0.32147093712930014
0.3217391304347826
0.32200711181351244
0.3222748815165877
0.3225424397947098
0.3228097868981847
0.3230769230769231
0.32334384858044163
0.3236105636578636
0.32387706855791965
0.3241433635289484
0.32440944881889766
0.3246753246753247
0.32494099134539733
0.32520644907589463
0.32547169811320753
0.32573673870333986
0.32600157109190886
0.32626619552414604
0.32653061224489793
0.32679482149862693
0.3270588235294118
0.32732261858094863
0.3275862068965517
0.32784958871915393
0.32811276429130776
0.3283757338551859
0.3286384976525822
0.32890105592491203
0.32916340891321344
0.32942555685814773
0.3296875
0.3299492385786802
0.33021077283372363
0.33047210300429186
0.33073322932917315
0.3309941520467836
0.33125487139516757
0.33151538761199845
0.3317757009345794
0.3320358115998443
0.33229571984435796
0.33255542590431736
0.3328149300155521
0.3330742324135251
0.3333333333333333
0.33359223300970875
0.3338509316770186
0.3341094295692666
0.3343677269200931
0.3346258239627763
0.33488372093023255
0.33514141805501746
0.3353989155693261
0.3356562137049942
0.33591331269349844
0.33617021276595743
0.33642691415313225
0.33668341708542715
0.3369397217928903
0.33719582850521435
0.33745173745173745
0.33770744886144344
0.33796296296296297
0.3382182799845739
0.338473400154202
0.33872832369942196
0.3389830508474576
0.3392375818251829
0.3394919168591224
0.3397460561754521
0.34
0.3402537485582468
0.34050730207532665
0.3407606607760277
0.34101382488479265
0.3412667946257198
0.3415195702225633
0.34177215189873417
0.34202453987730064
0.3422767343809889
0.3425287356321839
0.3427805438529299
0.3430321592649311
0.34328358208955223
0.3435348125478194
0.3437858508604206
0.3440366972477064
0.3442873519296905
0.3445378151260504
0.3447880870561283
0.3450381679389313
0.3452880579931324
0.34553775743707094
0.34578726648875335
0.34603658536585363
0.3462857142857143
0.3465346534653465
0.3467834031214313
0.3470319634703196
0.3472803347280335
0.34752851711026617
0.34777651083238315
0.34802431610942247
0.3482719331560957
0.34851936218678814
0.34876660341555976
0.3490136570561457
0.3492605233219568
0.34950720242608035
0.3497536945812808
0.35
0.3502461188943582
0.3504920514761544
0.3507377979568672
0.35098335854765506
0.3512287334593573
0.35147392290249435
0.3517189270872686
0.35196374622356497
0.3522083805209513
0.35245283018867923
0.35269709543568467
0.35294117647058826
0.3531850735016962
0.35342878673700073
0.3536723163841808
0.3539156626506024
0.3541588257433195
0.3544018058690745
0.3546446032342986
0.3548872180451128
0.3551296505073281
0.35537190082644626
0.35561396920766053
0.35585585585585583
0.35609756097560974
0.3563390847711928
0.3565804274465692
0.3568215892053973
0.35706257025103033
0.35730337078651686
0.35754399101460127
0.35778443113772457
0.35802469135802467
0.3582647718773373
0.3585046728971963
0.35874439461883406
0.35898393724318267
0.3592233009708738
0.3594624860022396
0.3597014925373134
0.35994032077582994
0.36017897091722595
0.36041744316064106
0.36065573770491804
0.36089385474860336
0.36113179448994787
0.3613695571269073
0.36160714285714285
0.36184455187802156
0.3620817843866171
0.36231884057971014
0.362555720653789
0.36279242480505014
0.36302895322939865
0.363265306122449
0.36350148367952523
0.36373748609566187
0.36397331356560414
0.36420896628380883
0.36444444444444446
0.3646797482413921
0.3649148778682457
0.365149833518313
0.36538461538461536
0.3656192236598891
0.36585365853658536
0.3660879202068711
0.3663220088626292
0.36655592469545956
0.36678966789667894
0.367023238657322
0.3672566371681416
0.3674898636196093
0.367722918201916
0.3679558011049724
0.36818851251840945
0.3684210526315789
0.3686534216335541
0.36888561971312983
0.36911764705882355
0.36934950385887544
0.3695811903012491
0.369812706573632
0.3700440528634361
0.37027522935779816
0.3705062362435803
0.37073707370737075
0.3709677419354839
0.37119824111396116
0.37142857142857144
0.3716587330648114
0.3718887262079063
0.3721185510428101
0.3723482077542063
0.37257769652650824
0.37280701754385964
0.3730361709901352
0.3732651570489408
0.37349397590361444
0.37372262773722625
0.37395111273257936
0.3741794310722101
0.3744075829383886
0.3746355685131195
0.37486338797814206
0.37509104151493083
0.37531852930469606
0.37554585152838427
0.3757730083666788
0.376
0.376226826608506
0.376453488372093
0.37667998547039594
0.3769063180827887
0.37713248638838476
0.37735849056603776
0.37758433079434167
0.3778100072516316
0.37803552011598407
0.3782608695652174
0.3784860557768924
0.3787110789283128
0.3789359391965255
0.3791606367583213
0.37938517179023507
0.3796095444685466
0.3798337549692808
0.3800578034682081
0.38028169014084506
0.3805054151624549
0.3807289787080476
0.38095238095238093
0.3811756220699603
0.38139870223503963
0.3816216216216216
0.3818443804034582
0.38206697875405116
0.38228941684665224
0.3825116948542641
0.38273381294964026
0.38295577130528585
0.38317757009345793
0.383399209486166
0.38362068965517243
0.3838420107719928
0.3840631730078966
0.38428417653390745
0.38450502152080346
0.38472570813911794
0.3849462365591398
0.38516660695091365
0.3853868194842407
0.38560687432867885
0.3858267716535433
0.386046511627907
0.38626609442060084
0.38648552020021454
0.3867047891350965
0.38692390139335475
0.3871428571428571
0.3873616565512317
0.3875802997858672
0.3877987870139137
0.3880171184022825
0.38823529411764707
0.3884533143264433
0.38867117919487
0.3888888888888889
0.3891064435742257
0.3893238434163701
0.3895410885805763
0.38975817923186346
0.389975115535016
0.39019189765458423
0.39040852575488455
0.390625
0.3908413205537806
0.3910574875798439
0.391273501241575
0.39148936170212767
0.391705069124424
0.3919206236711552
0.39213602550478216
0.3923512747875354
0.39256637168141595
0.39278131634819535
0.39299610894941633
0.3932107496463932
0.3934252386002121
0.39363957597173144
0.3938537619215825
0.3940677966101695
0.3942816801976703
0.3944954128440367
0.39470899470899473
0.39492242595204513
0.39513570673246384
0.3953488372093023
0.3955618175413878
0.3957746478873239
0.395987328405491
0.39619985925404644
0.39641224059092506
0.39662447257383965
0.3968365553602812
0.39704848910751933
0.3972602739726027
0.39747191011235955
0.39768339768339767
0.39789473684210525
0.398105927744651
0.39831697054698456
0.39852786540483703
0.3987386124737211
0.3989492119089317
0.39915966386554624
0.39936996849842493
0.3995801259622113
0.39979013641133265
0.4
0.400209716882209
0.40041928721174
0.4006287111421586
0.40083798882681565
0.40104712041884816
0.40125610607117934
0.401464945936519
0.401673640167364
0.4018821889159986
0.4020905923344948
0.40229885057471265
0.4025069637883008
0.40271493212669685
0.40292275574112735
0.4031304347826087
0.40333796940194716
0.4035453597497393
0.40375260597637247
0.403959708232025
0.4041666666666667
0.404373481430059
0.40458015267175573
0.404786680541103
0.40499306518723993
0.40519930675909877
0.40540540540540543
0.4056113612746796
0.40581717451523547
0.40602284527518173
0.40622837370242215
0.4064337599446558
0.4066390041493776
0.4068441064638783
0.40704906703524535
0.4072538860103627
0.4074585635359116
0.40766309975837073
0.4078674948240166
0.4080717488789238
0.40827586206896554
0.40847983453981385
0.40868366643694004
0.40888735790561487
0.4090909090909091
0.4092943201376936
0.40949759119064005
0.40970072239422084
0.40990371389270974
0.4101065658301822
0.41030927835051545
0.41051185159738923
0.4107142857142857
0.41091658084449023
0.41111873713109126
0.41132075471698115
0.411522633744856
0.4117243743572163
0.4119259766963674
0.41212744090441933
0.4123287671232877
0.4125299554946936
0.4127310061601643
0.4129319192610332
0.4131326949384405
0.41333333333333333
0.41353383458646614
0.41373419883840107
0.4139344262295082
0.41413451689996583
0.4143344709897611
0.41453428863868985
0.4147339699863574
0.41493351517217864
0.41513292433537835
0.41533219761499146
0.41553133514986373
0.4157303370786517
0.415929203539823
0.41612793467165704
0.4163265306122449
0.41652499149948996
0.4167233174711081
0.4169215086646279
0.4171195652173913
0.4173174872665535
0.4175152749490835
0.4177129284017645
0.417910447761194
0.41810783316378436
0.4183050847457627
0.4185022026431718
0.4186991869918699
0.41889603792753133
0.41909275558564657
0.41928934010152286
0.41948579161028415
0.41968211024687185
0.4198782961460446
0.4200743494423792
0.42027027027027025
0.4204660587639311
0.42066171505739364
0.42085723928450897
0.42105263157894735
0.421247892074199
0.42144302090357383
0.42163801820020225
0.42183288409703507
0.4220276187268441
0.4222222222222222
0.42241669471558396
0.4226110363391655
0.4228052472250252
0.4229993275050437
0.4231932773109244
0.42338709677419356
0.42358078602620086
0.4237743451981195
0.42396777442094663
0.42416107382550333
0.42435424354243545
0.4245472837022133
0.4247401944351324
0.4249329758713137
0.42512562814070354
0.4253181513730743
0.42551054569802477
0.42570281124497994
0.4258949481431917
0.4260869565217391
0.4262788365095286
0.4264705882352941
0.4266622118275977
0.42685370741482964
0.4270450751252087
0.4272363150867824
0.42742742742742745
0.4276184122748499
0.4278092697565855
0.428
0.42819060313228924
0.4283810792804797
0.42857142857142855
0.42876165113182424
0.42895174708818634
0.4291417165668663
0.42933155969404724
0.4295212765957447
0.42971086739780656
0.4299003322259136
0.43008967120557956
0.4302788844621514
0.43046797212080984
0.4306569343065693
0.43084577114427863
0.43103448275862066
0.43122306927411336
0.43141153081510936
0.4315998675057966
0.43178807947019865
0.43197616683217477
0.43216412971542023
0.4323519682434668
0.43253968253968256
0.43272727272727274
0.43291473892927956
0.43310208126858274
0.4332892998678996
0.4334763948497854
0.43366336633663366
0.43385021445067634
0.4340369393139842
0.4342235410484669
0.43441001977587346
0.4345963756177924
0.43478260869565216
0.4349687191307211
0.43515470704410797
0.4353405725567621
0.4355263157894737
0.43571193686287407
0.4358974358974359
0.43608281301347357
0.43626806833114323
0.43645320197044335
0.4366382140512147
0.4368231046931408
0.43700787401574803
0.43719252213840604
0.4373770491803279
0.43756145526057033
0.43774574049803405
0.4379299050114641
0.4381139489194499
0.43829787234042555
0.43848167539267013
0.43866535819430813
0.43884892086330934
0.43903236351748937
0.4392156862745098
0.4393988892518785
0.4395819725669497
0.4397649363369246
0.43994778067885115
0.4401305057096248
0.44031311154598823
0.4404955983045321
0.4406779661016949
0.44086021505376344
0.44104234527687297
0.4412243568870075
0.44140625
0.4415880247315327
0.4417696811971373
0.4419512195121951
0.44213263979193757
0.4423139421514462
0.442495126705653
0.4426761935693407
0.44285714285714284
0.4430379746835443
0.44321868916288126
0.44339928640934156
0.44357976653696496
0.44376012965964345
0.4439403758911212
0.44412050534499514
0.44430051813471505
0.4444804143735837
0.4446601941747573
0.44483985765124556
0.445019404915912
0.4451988360814743
0.44537815126050423
0.4455573505654281
0.44573643410852715
0.44591540200193736
0.4460942543576501
0.4462729912875121
0.4464516129032258
0.44663011931634955
0.44680851063829785
0.4469867869803416
0.44716494845360827
0.4473429951690821
0.4475209272376046
0.4476987447698745
0.44787644787644787
0.4480540366677388
0.4482315112540193
0.4484088717454195
0.448586118251928
0.44876325088339225
0.4489402697495183
0.4491171749598716
0.4492939666238768
0.4494706448508181
0.4496472097498396
0.4498236614299455
0.45
0.450176225568728
0.45035233824471493
0.4505283381364073
0.4507042253521127
0.45088
0.4510556621880998
0.45123121202430444
0.4514066496163683
0.45158197507190795
0.4517571884984026
0.45193229000319385
0.4521072796934866
0.45228215767634855
0.4524569240587109
0.45263157894736844
0.4528061224489796
0.4529805546700669
0.45315487571701724
0.45332908569608155
0.4535031847133758
0.45367717287488063
0.45385105028644174
0.4540248170537703
0.4541984732824427
0.4543720190779014
0.45454545454545453
0.4547187797902765
0.4548919949174079
0.4550651000317561
0.4552380952380952
0.45541098064106633
0.45558375634517767
0.45575642245480497
0.4559289790741915
0.4561014263074485
0.45627376425855515
0.4564459930313589
0.4566181127295757
0.4567901234567901
0.4569620253164557
0.457133818411895
0.4573055028462998
0.4574770787227316
0.45764854614412137
0.45781990521327015
0.457991156032849
0.45816229870539943
0.4583333333333333
0.4585042600189334
0.4586750788643533
0.4588457899716178
0.45901639344262296
0.4591868893791365
0.45935727788279773
0.4595275590551181
0.4596977329974811
0.45986779981114256
0.460037759597231
0.4602076124567474
0.46037735849056605
0.46054699779943414
0.4607165304839723
0.46088595664467485
0.4610552763819096
0.46122448979591835
0.4613935969868173
0.4615625980545968
0.4617314930991217
0.4619002822201317
0.46206896551724136
0.4622375430899405
0.462406015037594
0.4625743814594425
0.4627426424546024
0.4629107981220657
0.46307884856070086
0.46324679386925244
0.4634146341463415
0.4635823694904658
0.46375
0.4639175257731959
0.46408494690818236
0.46425226350296595
0.46441947565543074
0.46458658346333853
0.4647535870243294
0.46492048643592143
0.46508728179551123
0.4652539732003739
0.4654205607476635
0.46558704453441296
0.4657534246575342
0.46591970121381887
0.46608587429993775
0.4662519440124417
0.4664179104477612
0.46658377370220705
0.46674953387197016
0.46691519105312207
0.4670807453416149
0.4672461968332816
0.46741154562383613
0.46757679180887374
0.46774193548387094
0.467906976744186
0.4680719156850589
0.4682367524016114
0.4684014869888476
0.4685661195416538
0.46873065015479876
0.4688950789229341
0.46905940594059403
0.4692236313021961
0.46938775510204084
0.4695517774343122
0.46971569839307786
0.46987951807228917
0.47004323656578134
0.47020685396727385
0.4703703703703704
0.4705337858685591
0.47069710055521286
0.4708603145235893
0.47102342786683105
0.4711864406779661
0.4713493530499076
0.4715121650754543
0.47167487684729065
0.47183748845798706
0.472
0.4721624115656721
0.47232472324723246
0.4724869351367968
0.47264904732636753
0.4728110599078341
0.47297297297297297
0.47313478661344793
0.4732965009208103
0.47345811598649895
0.4736196319018405
0.47378104875804966
0.4739423666462293
0.47410358565737054
0.4742647058823529
0.4744257274119449
0.4745866503368034
0.47474747474747475
0.4749082007343941
0.4750688283878862
0.47522935779816516
0.47538978905533474
0.47555012224938875
0.47571035747021084
0.4758704948075748
0.47603053435114506
0.47619047619047616
0.47635032041501374
0.47651006711409394
0.47666971637694416
0.4768292682926829
0.47698872295032
0.47714808043875684
0.4773073408467865
0.4774665042630938
0.4776255707762557
0.47778454047474134
0.4779434134469121
0.4781021897810219
0.4782608695652174
0.478419452887538
0.4785779398359161
0.4787363304981774
0.4788946249620407
0.4790528233151184
0.4792109256449165
0.47936893203883496
0.47952684258416745
0.4796846573681019
0.47984237647772054
0.48
0.48015752802181155
0.48031496062992124
0.48047229791099
0.48062953995157387
0.48078668683812403
0.4809437386569873
0.4811006954944058
0.48125755743651755
0.4814143245693563
0.481570996978852
0.48172757475083056
0.48188405797101447
0.48204044672502266
0.4821967410983706
0.4823529411764706
0.4825090470446321
0.4826650587880615
0.48282097649186256
0.48297680024103645
0.4831325301204819
0.4832881662149955
0.48344370860927155
0.4835991573879025
0.48375451263537905
0.48390977443609023
0.4840649428743235
0.4842200180342651
0.484375
0.4845298888555122
0.4846846846846847
0.4848393875712999
0.4849939975990396
0.48514851485148514
0.48530293941211755
0.4854572713643178
0.4856115107913669
0.4857656577764459
0.4859197124026363
0.48607367475292
0.48622754491017967
0.48638132295719844
0.4865350089766607
0.48668860305115164
0.4868421052631579
0.48699551569506727
0.4871488344291692
0.4873020615476546
0.4874551971326165
0.48760824126604957
0.48776119402985074
0.4879140555058192
0.4880668257756563
0.4882195049209663
0.4883720930232558
0.4885245901639344
0.48867699642431467
0.48882931188561213
0.4889815366289458
0.4891336707353379
0.48928571428571427
0.4894376673609045
0.4895895300416419
0.4897413024085638
0.48989298454221164
0.4900445765230312
0.49019607843137253
0.49034749034749037
0.49049881235154397
0.4906500445235975
0.4908011869436202
0.4909522396914862
0.49110320284697506
0.4912540764897717
0.4914048606994665
0.4915555555555556
0.49170616113744076
0.49185667752442996
0.4920071047957371
0.49215744303048237
0.49230769230769234
0.49245785270629994
0.4926079243051449
0.4927579071829737
0.4929078014184397
0.4930576070901034
0.4932073242764324
0.4933569530558016
0.4935064935064935
0.49365594570669813
0.49380530973451325
0.49395458566794453
0.49410377358490565
0.4942528735632184
0.49440188568061283
0.49455081001472756
0.49469964664310956
0.4948483956432146
0.4949970570924073
0.49514563106796117
0.49529411764705883
0.49544251690679214
0.49559082892416223
0.4957390537760799
0.49588719153936545
0.4960352422907489
0.4961832061068702
0.4963310830642794
0.4964788732394366
0.49662657670871224
0.4967741935483871
0.4969217238346526
0.4970691676436108
0.49721652505127456
0.4973637961335677
0.497510980966325
0.49765807962529274
0.4978050921861282
0.49795201872440026
0.49809885931558934
0.4982456140350877
0.4983922829581994
0.49853886616014026
0.49868536371603855
0.49883177570093457
0.498978102189781
0.4991243432574431
0.4992704989786986
0.49941656942823803
0.4995625546806649
0.49970845481049564
0.4998542698921597
0.5
0.5001456452082726
0.5002912055911474
0.5004366812227075
0.5005820721769499
0.5007273785277858
0.5008726003490401
0.5010177377144519
0.5011627906976744
0.5013077593722755
0.5014526438117374
0.5015974440894568
0.5017421602787456
0.5018867924528302
0.502031340684852
0.5021758050478677
0.5023201856148491
0.5024644824586837
0.5026086956521739
0.5027528252680382
0.5028968713789108
0.5030408340573415
0.5031847133757962
0.503328509406657
0.5034722222222222
0.5036158518947064
0.5037593984962406
0.5039028620988725
0.5040462427745664
0.5041895405952037
0.5043327556325823
0.5044758879584176
0.5046189376443418
0.5047619047619047
0.5049047893825735
0.5050475915777329
0.5051903114186851
0.5053329489766504
0.5054755043227666
0.5056179775280899
0.5057603686635944
0.5059026778001727
0.5060449050086355
0.5061870503597122
0.5063291139240507
0.5064710957722174
0.5066129959746981
0.5067548146018971
0.506896551724138
0.5070382074116633
0.5071797817346353
0.5073212747631353
0.5074626865671642
0.5076040172166427
0.5077452667814114
0.5078864353312302
0.5080275229357798
0.5081685296646603
0.5083094555873926
0.5084503007734174
0.5085910652920962
0.5087317492127111
0.5088723526044648
0.5090128755364807
0.5091533180778032
0.5092936802973977
0.5094339622641509
0.5095741640468705
0.5097142857142857
0.5098543273350471
0.509994288977727
0.5101341707108193
0.5102739726027398
0.510413694721826
0.5105533371363377
0.5106928999144568
0.5108323831242874
0.5109717868338558
0.5111111111111111
0.5112503560239248
0.5113895216400911
0.511528608027327
0.5116676152532726
0.5118065433854908
0.5119453924914675
0.5120841626386125
0.5122228538942581
0.5123614663256607
0.5125
0.5126384549843794
0.5127768313458262
0.5129151291512916
0.5130533484676504
0.5131914893617021
0.5133295519001702
0.5134675361497023
0.5136054421768708
0.5137432700481723
0.5138810198300283
0.514018691588785
0.5141562853907135
0.5142938013020096
0.5144312393887945
0.5145685997171145
0.5147058823529411
0.5148430873621713
0.5149802148106275
0.5151172647640576
0.5152542372881356
0.5153911324484609
0.515527950310559
0.5156646909398814
0.5158013544018059
0.5159379407616361
0.5160744500846024
0.5162108824358613
0.5163472378804961
0.5164835164835165
0.5166197183098592
0.5167558434243875
0.5168918918918919
0.5170278637770898
0.5171637591446258
0.5172995780590718
0.5174353205849269
0.517570986786618
0.5177065767284992
0.5178420904748525
0.5179775280898876
0.5181128896377422
0.5182481751824818
0.5183833847880999
0.5185185185185185
0.5186535764375877
0.5187885586090858
0.5189234650967199
0.5190582959641256
0.5191930512748669
0.519327731092437
0.5194623354802577
0.5195968645016797
0.5197313182199832
0.5198656966983771
0.52
0.5201342281879194
0.5202683813251328
0.5204024594745668
0.5205364626990779
0.5206703910614525
0.5208042446244066
0.5209380234505863
0.5210717276025677
0.5212053571428571
0.5213389121338912
0.5214723926380368
0.5216057987175913
0.5217391304347826
0.5218723878517693
0.5220055710306407
0.5221386800334169
0.522271714922049
0.5224046757584192
0.5225375626043406
0.5226703755215577
0.5228031145717463
0.5229357798165137
0.5230683713173986
0.523200889135871
0.5233333333333333
0.5234657039711191
0.5235980011104941
0.5237302248126561
0.5238623751387348
0.5239944521497919
0.5241264559068219
0.5242583864707513
0.524390243902439
0.5245220282626767
0.5246537396121884
0.5247853780116312
0.5249169435215947
0.5250484362026017
0.5251798561151079
0.5253112033195021
0.5254424778761062
0.5255736798451756
0.5257048092868989
0.5258358662613982
0.5259668508287293
0.5260977630488816
0.526228602981778
0.5263593706872758
0.5264900662251656
0.5266206896551724
0.5267512410369554
0.5268817204301075
0.5270121278941565
0.5271424634885643
0.5272727272727272
0.5274029193059763
0.5275330396475771
0.5276630883567299
0.5277930654925702
0.5279229711141679
0.528052805280528
0.5281825680505912
0.5283122594832326
0.528441879637263
0.5285714285714286
0.5287009063444109
0.528830313014827
0.5289596486412298
0.5290889132821076
0.5292181069958848
0.5293472298409215
0.5294762818755141
0.5296052631578947
0.5297341737462319
0.5298630136986301
0.5299917830731307
0.5301204819277109
0.5302491103202847
0.5303776683087028
0.5305061559507523
0.5306345733041575
0.5307629204265791
0.5308911973756151
0.5310194042088002
0.5311475409836065
0.5312756077574433
0.531403604587657
0.5315315315315315
0.5316593886462883
0.531787175989086
0.5319148936170213
0.5320425415871285
0.5321701199563795
0.5322976287816844
0.532425068119891
0.5325524380277853
0.5326797385620915
0.5328069697794718
0.5329341317365269
0.5330612244897959
0.5331882480957563
0.533315202610824
0.533442088091354
0.5335689045936396
0.533695652173913
0.5338223308883455
0.5339489407930472
0.5340754819440673
0.5342019543973942
0.5343283582089552
0.5344546934346175
0.5345809601301872
0.53470715835141
0.5348332881539712
0.5349593495934959
0.5350853427255486
0.5352112676056338
0.5353371242891958
0.5354629128316188
0.5355886332882274
0.5357142857142857
0.5358398701649987
0.5359653866955111
0.5360908353609084
0.5362162162162162
0.536341529316401
0.5364667747163695
0.5365919524709695
0.5367170626349892
0.5368421052631579
0.5369670804101457
0.5370919881305638
0.5372168284789643
0.5373416015098409
0.537466307277628
0.5375909458367018
0.5377155172413793
0.5378400215459197
0.5379644588045234
0.5380888290713325
0.5382131324004306
0.5383373688458434
0.5384615384615384
0.5385856413014252
0.5387096774193548
0.5388336468691212
0.53895754970446
0.5390813859790492
0.5392051557465092
0.5393288590604027
0.5394524959742351
0.5395760665414543
0.5396995708154506
0.5398230088495575
0.5399463806970509
0.5400696864111498
0.5401929260450161
0.5403160996517546
0.5404392072844135
0.5405622489959839
0.5406852248394004
0.5408081348675408
0.5409309791332263
0.5410537576892217
0.5411764705882353
0.541299117882919
0.5414216996258685
0.5415442158696233
0.5416666666666666
0.5417890520694258
0.5419113721302723
0.5420336269015212
0.5421558164354322
0.5422779407842091
0.5424
0.5425219941348973
0.5426439232409381
0.542765787370104
0.5428875865743207
0.5430093209054594
0.5431309904153354
0.5432525951557093
0.5433741351782864
0.5434956105347167
0.5436170212765957
0.543738367455464
0.543859649122807
0.5439808663300558
0.5441020191285866
0.5442231075697211
0.5443441317047265
0.5444650915848155
0.5445859872611465
0.5447068187848235
0.5448275862068965
0.5449482895783612
0.545068928950159
0.5451895043731778
0.5453100158982512
0.545430463576159
0.5455508474576272
0.545671167593328
0.5457914240338804
0.5459116168298491
0.546031746031746
0.5461518116900291
0.5462718138551031
0.5463917525773195
0.5465116279069767
0.5466314398943197
0.5467511885895404
0.5468708740427779
0.5469904963041182
0.5471100554235946
0.5472295514511873
0.547348984436824
0.5474683544303798
0.5475876614816768
0.547706905640485
0.5478260869565217
0.547945205479452
0.5480642612588886
0.5481832543443917
0.5483021847854699
0.5484210526315789
0.5485398579321231
0.5486586007364544
0.5487772810938732
0.5488958990536278
0.5490144546649146
0.5491329479768786
0.5492513790386131
0.5493697478991597
0.5494880546075085
0.5496062992125984
0.5497244817633167
0.5498426023084995
0.5499606608969315
0.5500786575773466
0.5501965923984272
0.550314465408805
0.5504322766570605
0.5505500261917234
0.5506677140612726
0.5507853403141362
0.5509029049986914
0.5510204081632653
0.5511378498561339
0.551255230125523
0.5513725490196079
0.5514898065865134
0.5516070028743141
0.5517241379310345
0.5518412118046487
0.551958224543081
0.5520751761942052
0.5521920668058455
0.5523088964257762
0.5524256651017214
0.5525423728813559
0.5526590198123045
0.5527756059421423
0.552892131318395
0.5530085959885387
0.553125
0.5532413434001562
0.5533576262363352
0.5534738485558157
0.5535900104058272
0.5537061118335501
0.5538221528861155
0.5539381336106056
0.5540540540540541
0.5541699142634451
0.5542857142857143
0.5544014541677487
0.5545171339563862
0.5546327536984168
0.5547483134405812
0.554863813229572
0.5549792531120332
0.5550946331345605
0.5552099533437014
0.5553252137859549
0.555440414507772
0.5555555555555556
0.5556706369756603
0.555785658814393
0.5559006211180124
0.5560155239327296
0.5561303673047077
0.556245151280062
0.5563598759048604
0.5564745412251227
0.5565891472868217
0.5567036941358822
0.5568181818181818
0.5569326103795508
0.5570469798657718
0.5571612903225807
0.5572755417956656
0.5573897343306681
0.5575038679731821
0.5576179427687549
0.5577319587628866
0.5578459160010306
0.5579598145285936
0.5580736543909348
0.5581874356333677
0.5583011583011583
0.5584148224395266
0.5585284280936454
0.558641975308642
0.5587554641295963
0.5588688946015424
0.558982266769468
0.5590955806783144
0.5592088363729771
0.559322033898305
0.5594351732991014
0.5595482546201233
0.5596612779060816
0.5597742432016418
0.5598871505514235
0.56
0.5601127915918995
0.5602255253716043
0.5603382013835511
0.5604508196721312
0.5605633802816902
0.5606758832565284
0.560788328640901
0.5609007164790174
0.5610130468150422
0.5611253196930946
0.5612375351572488
0.5613496932515337
0.5614617940199336
0.5615738375063873
0.5616858237547893
0.5617977528089888
0.5619096247127904
0.5620214395099541
0.562133197244195
0.5622448979591836
0.5623565416985463
0.5624681285058644
0.5625796584246749
0.5626911314984709
0.5628025477707006
0.5629139072847682
0.5630252100840336
0.5631364562118126
0.563247645711377
0.5633587786259542
0.563469854998728
0.5635808748728383
0.5636918382913806
0.5638027452974073
0.5639135959339263
0.5640243902439024
0.5641351282702566
0.5642458100558659
0.5643564356435643
0.5644670050761421
0.5645775183963461
0.5646879756468798
0.5647983768704032
0.5649087221095335
0.5650190114068441
0.5651292448048657
0.5652394223460856
0.5653495440729484
0.5654596100278552
0.5655696202531646
0.5656795747911921
0.5657894736842105
0.5658993169744498
0.5660091047040972
0.5661188369152971
0.5662285136501517
0.5663381349507203
0.5664477008590197
0.5665572114170245
0.5666666666666667
0.5667760666498359
0.5668854114083796
0.566994700984103
0.5671039354187689
0.5672131147540984
0.56732223903177
0.5674313082934207
0.5675403225806451
0.5676492819349962
0.5677581863979849
0.5678670360110804
0.56797583081571
0.5680845708532595
0.568193256165073
0.5683018867924529
0.56841046277666
0.5685189841589138
0.5686274509803921
0.5687358632822317
0.5688442211055277
0.5689525244913338
0.569060773480663
0.5691689681144866
0.5692771084337349
0.5693851944792974
0.569493226292022
0.5696012039127163
0.5697091273821464
0.5698169967410378
0.5699248120300752
0.5700325732899023
0.5701402805611222
0.5702479338842975
0.5703555332999499
0.5704630788485607
0.5705705705705706
0.5706780085063797
0.5707853926963482
0.5708927231807952
0.571
0.5711072231942015
0.5712143928035982
0.5713215088683488
0.5714285714285714
0.5715355805243446
0.5716425361957065
0.5717494384826554
0.5718562874251497
0.5719630830631081
0.5720698254364089
0.5721765145848915
0.5722831505483549
0.5723897333665587
0.5724962630792227
0.5726027397260274
0.5727091633466136
0.5728155339805825
0.5729218516674963
0.5730281164468773
0.573134328358209
0.5732404874409351
0.5733465937344605
0.5734526472781506
0.5735586481113321
0.5736645962732919
0.5737704918032787
0.5738763347405016
0.573982125124131
0.5740878629932986
0.5741935483870968
0.5742991813445795
0.5744047619047619
0.5745102901066204
0.5746157659890927
0.5747211895910781
0.574826560951437
0.5749318801089919
0.575037147102526
0.5751423619707848
0.5752475247524752
0.5753526354862658
0.5754576942107867
0.5755627009646302
0.5756676557863502
0.5757725587144623
0.5758774097874444
0.5759822090437361
0.5760869565217391
0.5761916522598173
0.5762962962962963
0.5764008886694644
0.5765054294175715
0.5766099185788305
0.5767143561914159
0.5768187422934649
0.5769230769230769
0.577027360118314
0.5771315919172005
0.5772357723577236
0.5773399014778325
0.5774439793154396
0.5775480059084195
0.5776519812946099
0.577755905511811
0.5778597785977859
0.5779636005902608
0.578067371526924
0.5781710914454278
0.5782747603833865
0.5783783783783784
0.578481945467944
0.5785854616895875
0.5786889270807758
0.5787923416789397
0.5788957055214724
0.5789990186457311
0.579102281089036
0.579205492888671
0.5793086540818828
0.5794117647058824
0.5795148247978437
0.5796178343949044
0.5797207935341661
0.5798237022526934
0.5799265605875153
0.580029368575624
0.580132126253976
0.5802348336594912
0.5803374908290535
0.580440097799511
0.5805426546076754
0.5806451612903226
0.5807476178841925
0.5808500244259892
0.580952380952381
0.5810546875
0.581156944105443
0.5812591508052709
0.5813613076360088
0.5814634146341463
0.5815654718361375
0.5816674792784008
0.5817694369973191
0.5818713450292398
0.581973203410475
0.5820750121773015
0.5821767713659606
0.5822784810126582
0.5823801411535653
0.5824817518248175
0.5825833130625152
0.5826848249027238
0.5827862873814734
0.5828877005347594
0.5829890643985419
0.5830903790087464
0.583191644401263
0.5832928606119475
0.5833940276766205
0.583495145631068
0.583596214511041
0.5836972343522562
0.5837982051903954
0.5838991270611057
0.584
0.5841008240426563
0.5842015992246183
0.5843023255813954
0.584403003148462
0.5845036319612591
0.5846042120551924
0.5847047434656341
0.5848052262279216
0.5849056603773585
0.585006045949214
0.5851063829787234
0.5852066715010877
0.5853069115514742
0.5854071031650157
0.5855072463768116
0.585607341221927
0.5857073877353935
0.5858073859522085
0.5859073359073359
0.5860072376357057
0.5861070911722142
0.5862068965517241
0.5863066538090647
0.586406362979031
0.5865060240963855
0.5866056371958565
0.5867052023121387
0.5868047194798941
0.5869041887337506
0.5870036101083033
0.5871029836381135
0.5872023093577099
0.5873015873015873
0.5874008175042077
0.5875
0.5875991348233598
0.5876982220086497
0.5877972615901994
0.5878962536023055
0.5879951980792317
0.5880940950552088
0.5881929445644348
0.5882917466410749
0.5883905013192612
0.5884892086330935
0.5885878686166387
0.588686481303931
0.5887850467289719
0.5888835649257307
0.5889820359281437
0.5890804597701149
0.5891788364855159
0.5892771661081857
0.589375448671931
0.5894736842105263
0.5895718727577135
0.5896700143472023
0.5897681090126703
0.5898661567877629
0.5899641577060932
0.5900621118012422
0.590160019106759
0.5902578796561605
0.5903556934829315
0.5904534606205251
0.5905511811023622
0.5906488549618321
0.5907464822322919
0.5908440629470673
0.5909415971394517
0.5910390848427073
0.5911365260900643
0.5912339209147213
0.5913312693498453
0.5914285714285714
0.5915258271840038
0.5916230366492147
0.5917201998572448
0.5918173168411037
0.5919143876337694
0.5920114122681883
0.592108390777276
0.5922053231939164
0.5923022095509622
0.5923990498812352
0.5924958442175255
0.5925925925925926
0.5926892950391645
0.5927859515899383
0.5928825622775801
0.5929791271347249
0.5930756461939768
0.5931721194879089
0.5932685470490637
0.5933649289099526
0.5934612651030562
0.5935575556608242
0.5936538006156761
0.59375
0.5938461538461538
0.5939422621864647
0.5940383250532293
0.5941343424787133
0.5942303144951525
0.5943262411347517
0.5944221224296856
0.5945179584120983
0.5946137491141035
0.5947094945677845
0.5948051948051948
0.5949008498583569
0.5949964597592636
0.5950920245398773
0.5951875442321303
0.5952830188679246
0.5953784484791322
0.5954738330975955
0.5955691727551261
0.5956644674835061
0.5957597173144876
0.5958549222797928
0.5959500824111137
0.596045197740113
0.5961402682984231
0.5962352941176471
0.5963302752293578
0.5964252116650988
0.5965201034563837
0.5966149506346967
0.5967097532314923
0.5968045112781954
0.5968992248062015
0.5969938938468765
0.5970885184315567
0.5971830985915493
0.5972776343581319
0.5973721257625528
0.597466572836031
0.5975609756097561
0.5976553341148886
0.5977496483825597
0.5978439184438715
0.5979381443298969
0.5980323260716796
0.5981264637002341
0.5982205572465464
0.598314606741573
0.5984086122162415
0.5985025737014507
0.5985964912280701
0.598690364826941
0.5987841945288754
0.5988779803646563
0.5989717223650386
0.5990654205607476
0.5991590749824808
0.5992526856609062
0.5993462526266635
0.5994397759103641
0.5995332555425904
0.5996266915538964
0.5997200839748076
0.5998134328358209
0.599906738167405
0.6
0.6000932183640177
0.6001863932898416
0.6002795248078266
0.6003726129482999
0.6004656577415599
0.6005586592178771
0.6006516174074936
0.6007445323406235
0.6008374040474529
0.6009302325581395
0.6010230179028133
0.601115760111576
0.6012084592145015
0.6013011152416357
0.6013937282229965
0.6014862981885741
0.6015788251683306
0.6016713091922006
0.6017637502900905
0.6018561484918794
0.6019485038274183
0.6020408163265306
0.6021330860190123
0.6022253129346314
0.6023174971031287
0.6024096385542169
0.6025017373175816
0.602593793422881
0.6026858068997453
0.6027777777777777
0.602869706086554
0.6029615918556224
0.6030534351145038
0.603145235892692
0.6032369942196532
0.6033287101248266
0.6034203836376242
0.6035120147874307
0.6036036036036037
0.6036951501154735
0.6037866543523436
0.6038781163434903
0.603969536118163
0.6040609137055838
0.6041522491349481
0.6042435424354243
0.604334793636154
0.6044260027662517
0.6045171698548053
0.6046082949308755
0.6046993780234969
0.6047904191616766
0.6048814183743956
0.6049723756906077
0.6050632911392405
0.6051541647491947
0.6052449965493444
0.6053357865685373
0.6054265348355944
0.6055172413793104
0.6056079062284532
0.6056985294117647
0.6057891109579601
0.605879650895728
0.6059701492537314
0.6060606060606061
0.6061510213449621
0.6062413951353832
0.6063317274604267
0.6064220183486239
0.6065122678284797
0.6066024759284732
0.606692642677057
0.6067827681026581
0.6068728522336769
0.6069628950984883
0.6070528967254408
0.6071428571428571
0.6072327763790341
0.6073226544622425
0.6074124914207275
0.6075022872827082
0.6075920420763777
0.607681755829904
0.6077714285714285
0.6078610603290676
0.6079506511309116
0.6080402010050251
0.6081297099794474
0.6082191780821918
0.6083086053412463
0.6083979917845732
0.6084873374401095
0.6085766423357665
0.6086659064994299
0.6087551299589603
0.6088443127421929
0.6089334548769371
0.6090225563909775
0.6091116173120729
0.6092006376679572
0.6092896174863388
0.6093785567949009
0.6094674556213018
0.6095563139931741
0.6096451319381255
0.609733909483739
0.6098226466575716
0.6099113434871561
0.61
0.6100886162235856
0.6101771921853703
0.6102657279127868
0.6103542234332425
0.6104426787741203
0.610531093962778
0.6106194690265486
0.6107078039927405
0.6107960988886368
0.6108843537414966
0.6109725685785536
0.6110607434270172
0.611148878314072
0.6112369732668781
0.6113250283125707
0.6114130434782609
0.6115010187910347
0.6115889542779538
0.6116768499660556
0.611764705882353
0.611852522053834
0.6119402985074627
0.6120280352701786
0.6121157323688969
0.6122033898305085
0.6122910076818798
0.6123785859498532
0.6124661246612466
0.612553623842854
0.6126410835214446
0.6127285037237644
0.6128158844765343
0.6129032258064516
0.6129905277401895
0.6130777903043968
0.6131650135256989
0.6132521974306964
0.6133393420459666
0.6134264473980626
0.6135135135135135
0.6136005404188246
0.6136875281404772
0.6137744767049291
0.6138613861386139
0.6139482564679415
0.6140350877192983
0.6141218799190465
0.6142086330935251
0.6142953472690492
0.6143820224719101
0.6144686587283756
0.6145552560646901
0.6146418145070739
0.6147283340817243
0.6148148148148148
0.6149012567324955
0.614987659860893
0.6150740242261103
0.6151603498542274
0.6152466367713004
0.6153328850033625
0.6154190945764231
0.6155052655164688
0.6155913978494624
0.6156774916013438
0.6157635467980296
0.615849563465413
0.6159355416293644
0.6160214813157305
0.6161073825503356
0.6161932453589801
0.6162790697674418
0.6163648558014755
0.6164506034868127
0.616536312849162
0.6166219839142091
0.6167076167076168
0.6167932112550245
0.6168787675820495
0.6169642857142857
0.6170497656773042
0.6171352074966533
0.6172206111978585
0.6173059768064229
0.6173913043478261
0.6174765938475256
0.6175618453309561
0.6176470588235294
0.6177322343506348
0.6178173719376392
0.6179024716098864
0.6179875333926982
0.6180725573113732
0.6181575433911882
0.6182424916573971
0.6183274021352313
0.6184122748498999
0.6184971098265896
0.6185819070904646
0.6186666666666667
0.6187513885803155
0.6188360728565082
0.6189207195203198
0.6190053285968028
0.6190899001109877
0.6191744340878829
0.6192589305524739
0.6193433895297249
0.6194278110445776
0.6195121951219512
0.6195965417867435
0.6196808510638298
0.6197651229780634
0.6198493575542756
0.6199335548172757
0.6200177147918512
0.6201018375027674
0.6201859229747676
0.6202699712325735
0.620353982300885
0.6204379562043796
0.6205218929677134
0.6206057926155206
0.6206896551724138
0.6207734806629834
0.6208572691117985
0.6209410205434063
0.6210247349823321
0.6211084124530801
0.6211920529801325
0.6212756565879497
0.6213592233009708
0.6214427531436135
0.6215262461402735
0.6216097023153252
0.6216931216931217
0.6217765042979942
0.6218598501542529
0.6219431592861864
0.6220264317180617
0.6221096674741247
0.6221928665785997
0.6222760290556901
0.6223591549295775
0.6224422442244224
0.6225252969643643
0.622608313173521
0.6226912928759895
0.6227742360958453
0.6228571428571429
0.6229400131839157
0.6230228471001757
0.6231056446299144
0.6231884057971014
0.6232711306256861
0.6233538191395961
0.6234364713627386
0.6235190873189995
0.623601667032244
0.6236842105263158
0.6237667178250383
0.623849188952214
0.6239316239316239
0.6240140227870289
0.6240963855421687
0.6241787122207622
0.6242610028465075
0.6243432574430823
0.6244254760341431
0.624507658643326
0.6245898052942463
0.6246719160104987
0.6247539908156571
0.624836029733275
0.6249180327868853
0.625
0.625081931396111
0.6251638269986893
0.6252456868311859
0.6253275109170305
0.6254092992796333
0.6254910519423832
0.6255727689286493
0.6256544502617801
0.6257360959651036
0.6258177060619277
0.6258992805755396
0.6259808195292066
0.6260623229461756
0.6261437908496732
0.6262252232629056
0.6263066202090593
0.6263879817112998
0.6264693077927732
0.626550598476605
0.6266318537859008
0.626713073743746
0.6267942583732058
0.6268754076973255
0.6269565217391304
0.6270376005216257
0.6271186440677966
0.6271996524006083
0.6272806255430061
0.6273615635179153
0.6274424663482414
0.62752333405687
0.6276041666666666
0.6276849642004774
0.627765726681128
0.6278464541314248
0.6279271465741544
0.6280078040320832
0.6280884265279584
0.6281690140845071
0.6282495667244368
0.6283300844704354
0.6284105673451711
0.6284910153712925
0.6285714285714286
0.6286518069681887
0.6287321505841627
0.6288124594419209
0.6288927335640139
0.6289729729729729
0.62905317769131
0.6291333477415172
0.6292134831460674
0.6292935839274141
0.6293736501079914
0.6294536817102138
0.6295336787564767
0.6296136412691561
0.6296935692706086
0.6297734627831715
0.6298533218291631
0.629933146430882
0.630012936610608
0.6300926923906014
0.6301724137931034
0.6302521008403361
0.6303317535545023
0.630411371957786
0.6304909560723514
0.6305705059203445
0.6306500215238915
0.6307295029051001
0.6308089500860585
0.6308883630888363
0.6309677419354839
0.6310470866480327
0.6311263972484953
0.6312056737588653
0.6312849162011173
0.6313641245972073
0.6314432989690721
0.6315224393386301
0.6316015457277802
0.631680618158403
0.6317596566523606
0.6318386612314953
0.631917631917632
0.6319965687325756
0.6320754716981132
0.6321543408360129
0.632233176168024
0.6323119777158774
0.6323907455012854
0.6324694795459413
0.6325481798715203
0.6326268464996788
0.6327054794520548
0.6327840787502675
0.6328626444159179
0.6329411764705882
0.6330196749358425
0.6330981398332264
0.6331765711842667
0.6332549690104723
0.6333333333333333
0.6334116641743217
0.6334899615548911
0.6335682254964766
0.6336464560204953
0.6337246531483458
0.6338028169014085
0.6338809473010455
0.6339590443686007
0.6340371081253998
0.6341151385927505
0.634193135791942
0.6342710997442456
0.6343490304709142
0.6344269279931828
0.6345047923322684
0.6345826235093697
0.6346604215456675
0.6347381864623244
0.6348159182804852
0.6348936170212766
0.6349712827058073
0.635048915355168
0.6351265149904316
0.6352040816326531
0.6352816153028693
0.6353591160220995
0.6354365838113448
0.6355140186915887
0.635591420683797
0.6356687898089172
0.6357461260878794
0.6358234295415959
0.6359007001909611
0.6359779380568519
0.6360551431601272
0.6361323155216285
0.6362094551621793
0.6362865621025858
0.6363636363636364
0.6364406779661017
0.636517686930735
0.636594663278272
0.6366716070294305
0.6367485182049111
0.6368253968253968
0.6369022429115531
0.636979056484028
0.6370558375634517
0.6371325861704378
0.6372093023255814
0.637285986049461
0.6373626373626373
0.6374392562856539
0.6375158428390367
0.6375923970432946
0.637668918918919
0.6377454084863838
0.6378218657661461
0.6378982907786452
0.6379746835443038
0.6380510440835266
0.6381273724167018
0.6382036685641999
0.6382799325463744
0.6383561643835617
0.638432364096081
0.6385085317042343
0.6385846672283066
0.638660770688566
0.6387368421052632
0.6388128814986319
0.6388888888888888
0.638964864296234
0.6390408077408498
0.6391167192429023
0.63919259882254
0.6392684464998949
0.639344262295082
0.6394200462281993
0.6394957983193277
0.6395715185885318
0.6396472070558589
0.6397228637413395
0.6397984886649875
0.6398740818467996
0.6399496433067562
0.6400251730648207
0.6401006711409396
0.640176137555043
0.640251572327044
0.6403269754768393
0.6404023470243084
0.6404776869893148
0.6405529953917051
0.6406282722513089
0.6407035175879398
0.6407787314213942
0.6408539137714525
0.6409290646578782
0.6410041841004184
0.6410792721188036
0.6411543287327478
0.6412293539619486
0.6413043478260869
0.6413793103448275
0.6414542415378186
0.6415291414246919
0.6416040100250626
0.64167884735853
0.6417536534446764
0.6418284283030683
0.6419031719532554
0.6419778844147715
0.6420525657071339
0.6421272158498436
0.6422018348623854
0.6422764227642277
0.6423509795748228
0.642425505313607
0.6425
0.6425744636534055
0.6426488962932112
0.6427232979387882
0.6427976686094921
0.6428720083246618
0.6429463171036205
0.6430205949656751
0.6430948419301165
0.6431690580162196
0.6432432432432432
0.6433173976304303
0.6433915211970075
0.6434656139621857
0.6435396759451599
0.643613707165109
0.643687707641196
0.643761677392568
0.6438356164383562
0.6439095247976758
0.6439834024896266
0.6440572495332918
0.6441310659477395
0.6442048517520216
0.6442786069651741
0.6443523316062176
0.6444260256941566
0.6444996892479801
0.6445733222866611
0.6446469248291572
0.6447204968944099
0.6447940385013454
0.6448675496688742
0.6449410304158908
0.6450144807612743
0.6450879007238883
0.6451612903225806
0.6452346495761836
0.6453079785035138
0.6453812771233726
0.6454545454545455
0.6455277835158025
0.6456009913258984
0.6456741689035722
0.6457473162675474
0.6458204334365325
0.64589352042922
0.6459665772642872
0.6460396039603961
0.646112600536193
0.6461855670103093
0.6462585034013606
0.6463314097279472
0.6464042860086544
0.646477132262052
0.6465499485066941
0.6466227347611203
0.6466954910438543
0.6467682173734047
0.646840913768265
0.6469135802469136
0.6469862168278132
0.6470588235294118
0.6471314003701419
0.647203947368421
0.6472764645426516
0.6473489519112207
0.6474214094925005
0.647493837304848
0.6475662353666051
0.6476386036960986
0.6477109423116403
0.6477832512315271
0.6478555304740407
0.6479277800574477
0.648
0.6480721903199343
0.6481443510354726
0.6482164821648216
0.6482885837261734
0.648360655737705
0.6484326982175783
0.648504711183941
0.6485766946549253
0.6486486486486487
0.648720573183214
0.648792468276709
0.6488643339472069
0.648936170212766
0.6490079770914298
0.649079754601227
0.6491515027601718
0.6492232215862633
0.6492949110974862
0.6493665713118104
0.6494382022471911
0.6495098039215687
0.649581376352869
0.6496529195590037
0.6497244335578689
0.649795918367347
0.649867374005305
0.6499388004895961
0.6500101978380584
0.6500815660685155
0.6501529051987768
0.6502242152466368
0.6502954962298757
0.6503667481662592
0.6504379710735384
0.6505091649694501
0.6505803298717165
0.6506514657980456
0.6507225727661307
0.6507936507936508
0.6508646998982706
0.6509357200976403
0.6510067114093959
0.651077673851159
0.6511486074405367
0.651219512195122
0.6512903881324934
0.6513612352702154
0.6514320536258379
0.6515028432168968
0.6515736040609137
0.6516443361753959
0.6517150395778364
0.6517857142857143
0.6518563603164942
0.6519269776876268
0.6519975664165484
0.6520681265206812
0.6521386580174336
0.6522091609241994
0.6522796352583586
0.6523500810372771
0.6524204982783066
0.6524908869987849
0.6525612472160356
0.6526315789473685
0.652701882210079
0.6527721570214488
0.6528424033987457
0.6529126213592233
0.6529828109201213
0.6530529720986656
0.6531231049120679
0.6531932093775262
0.6532632855122247
0.6533333333333333
0.6534033528580084
0.6534733441033925
0.6535433070866141
0.6536132418247881
0.6536831483350152
0.6537530266343826
0.6538228767399636
0.653892698668818
0.6539624924379915
0.6540322580645161
0.6541019955654102
0.6541717049576784
0.6542413862583115
0.6543110394842868
0.654380664652568
0.6544502617801047
0.6545198308838333
0.6545893719806763
0.6546588850875428
0.654728370221328
0.6547978273989137
0.6548672566371682
0.6549366579529459
0.6550060313630881
0.6550753768844221
0.655144694533762
0.6552139843279083
0.6552832462836481
0.6553524804177546
0.655421686746988
0.6554908652880947
0.6555600160578081
0.6556291390728477
0.6556982343499197
0.6557673019057172
0.6558363417569194
0.6559053539201924
0.6559743384121892
0.656043295249549
0.6561122244488978
0.6561811260268483
0.65625
0.6563188463849389
0.6563876651982379
0.6564564564564564
0.6565252201761409
0.6565939563738243
0.6566626650660264
0.6567313462692539
0.6568
0.6568686262747451
0.656937225109956
0.6570057965220868
0.657074340527578
0.6571428571428571
0.6572113463843388
0.6572798082684242
0.6573482428115016
0.6574166500299461
0.6574850299401198
0.6575533825583716
0.6576217079010375
0.6576900059844405
0.6577582768248903
0.657826520438684
0.6578947368421053
0.6579629260514251
0.6580310880829016
0.6580992229527795
0.6581673306772908
0.6582354112726548
0.6583034647550776
0.6583714911407526
0.6584394904458599
0.6585074626865671
0.658575407879029
0.6586433260393874
0.6587112171837709
0.6587790813282959
0.6588469184890656
0.6589147286821705
0.6589825119236884
0.659050268229684
0.6591179976162098
0.6591857000993049
0.659253375694996
0.6593210244192972
0.6593886462882096
0.6594562413177217
0.6595238095238095
0.659591350922436
0.6596588655295518
0.6597263533610946
0.6597938144329897
0.6598612487611496
0.6599286563614745
0.6599960372498513
0.6600633914421553
0.6601307189542484
0.6601980198019802
0.6602652940011878
0.6603325415676959
0.6603997625173165
0.6604669568658489
0.6605341246290801
0.6606012658227848
0.6606683804627249
0.66073546856465
0.6608025301442972
0.6608695652173913
0.6609365737996443
0.6610035559067562
0.6610705115544144
0.6611374407582938
0.6612043435340572
0.6612712198973549
0.6613380698638247
0.6614048934490924
0.661471690668771
0.6615384615384615
0.6616052060737527
0.6616719242902208
0.6617386162034299
0.6618052818289318
0.661871921182266
0.6619385342789598
0.6620051211345283
0.6620716817644742
0.6621382161842883
0.6622047244094488
0.6622712064554221
0.6623376623376623
0.6624040920716112
0.6624704956726987
0.6625368731563421
0.6626032245379473
0.6626695498329074
0.6627358490566038
0.6628021222244056
0.6628683693516699
0.6629345904537419
0.6630007855459544
0.6630669546436285
0.6631330977620731
0.6631992149165848
0.6632653061224489
0.6633313713949383
0.6633974107493135
0.6634634242008237
0.6635294117647059
0.663595373456185
0.6636613092904743
0.6637272192827748
0.6637931034482759
0.6638589618021548
0.663924794359577
0.6639906011356961
0.6640563821456539
0.6641221374045801
0.6641878669275929
0.6642535707297985
0.6643192488262911
0.6643849012321533
0.664450527962456
0.6645161290322581
0.6645817044566067
0.6646472542505374
0.6647127784290738
0.664778277007228
0.66484375
0.6649091974223784
0.6649746192893401
0.6650400156158501
0.6651053864168618
0.6651707317073171
0.6652360515021459
0.6653013458162669
0.6653666146645866
0.6654318580620003
0.6654970760233918
0.6655622685636329
0.6656274356975838
0.6656925774400935
0.6657576938059993
0.6658227848101266
0.6658878504672897
0.6659528907922913
0.6660179057999221
0.666082895504962
0.666147859922179
0.6662127990663295
0.6662777129521587
0.6663426015944002
0.666407465007776
0.6664723032069971
0.6665371162067625
0.6666019040217602
0.6666666666666666
0.6667314041561468
0.6667961165048544
0.6668608037274316
0.6669254658385093
0.6669901028527072
0.6670547147846333
0.6671193016488846
0.6671838634600465
0.6672484002326934
0.6673129119813881
0.6673773987206824
0.6674418604651163
0.6675062972292192
0.6675707090275087
0.6676350958744915
0.667699457784663
0.6677637947725072
0.667828106852497
0.6678923940390943
0.6679566563467493
0.6680208937899014
0.6680851063829787
0.6681492941403984
0.6682134570765661
0.6682775952058767
0.6683417085427136
0.6684057971014493
0.6684698608964451
0.6685338999420514
0.6685979142526072
0.6686619038424406
0.6687258687258687
0.6687898089171974
0.6688537244307218
0.6689176152807255
0.6689814814814815
0.6690453230472517
0.6691091399922869
0.6691729323308271
0.669236700077101
0.6693004432453267
0.669364161849711
0.66942785590445
0.6694915254237288
0.6695551704217215
0.6696187909125915
0.6696823869104909
0.6697459584295612
0.669809505483933
0.6698730280877261
0.6699365262550491
0.67
0.6700634493366661
0.6701268742791234
0.6701902748414377
0.6702536510376633
0.6703170028818444
0.6703803303880138
0.670443633570194
0.6705069124423964
0.6705701670186216
0.6706333973128599
0.6706966033390904
0.6707597851112816
0.6708229426433915
0.6708860759493671
0.6709491850431448
0.6710122699386503
0.6710753306497987
0.6711383671904945
0.6712013795746311
0.671264367816092
0.6713273319287493
0.6713902719264649
0.6714531878230902
0.6715160796324655
0.671578947368421
0.6716417910447762
0.6717046106753396
0.6717674062739097
0.6718301778542742
0.6718929254302103
0.6719556490154847
0.6720183486238532
0.6720810242690617
0.6721436759648453
0.6722063037249284
0.6722689075630253
0.6723314874928394
0.6723940435280642
0.6724565756823822
0.6725190839694657
0.6725815684029766
0.6726440289965662
0.6727064657638756
0.6727688787185355
0.6728312678741659
0.6728936332443767
0.6729559748427673
0.6730182926829268
0.673080586778434
0.6731428571428572
0.6732051037897543
0.6732673267326733
0.6733295259851514
0.6733917015607156
0.673453853472883
0.6735159817351598
0.6735780863610424
0.6736401673640168
0.6737022247575585
0.6737642585551331
0.6738262687701958
0.6738882554161916
0.6739502185065552
0.6740121580547113
0.674074074074074
0.6741359665780479
0.6741978355800265
0.6742596810933941
0.6743215031315241
0.6743833017077799
0.6744450768355151
0.6745068285280729
0.6745685567987862
0.6746302616609784
0.6746919431279621
0.6747536012130402
0.6748152359295054
0.6748768472906403
0.6749384353097178
0.675
0.6750615413747396
0.6751230594471791
0.6751845542305508
0.6752460257380772
0.6753074739829706
0.6753688989784336
0.6754303007376584
0.6754916792738276
0.6755530346001134
0.6756143667296787
0.6756756756756757
0.6757369614512472
0.6757982240695258
0.6758594635436344
0.6759206798866856
0.6759818731117825
0.6760430432320181
0.6761041902604756
0.6761653142102283
0.6762264150943397
0.6762874929258631
0.6763485477178424
0.6764095794833114
0.6764705882352942
0.6765315739868049
0.6765925367508481
0.6766534765404183
0.6767143933685004
0.6767752872480693
0.6768361581920904
0.6768970062135191
0.6769578313253012
0.6770186335403726
0.6770794128716597
0.677140169332079
0.6772009029345373
0.6772616136919315
0.6773223016171493
0.6773829667230682
0.6774436090225564
0.6775042285284721
0.677564825253664
0.6776253992109712
0.6776859504132231
0.6777464788732395
0.6778069846038303
0.6778674676177961
0.6779279279279279
0.6779883655470069
0.6780487804878049
0.6781091727630838
0.6781695423855963
0.6782298893680855
0.6782902137232846
0.6783505154639176
0.6784107946026986
0.6784710511523327
0.6785312851255152
0.6785914965349317
0.6786516853932584
0.6787118517131623
0.6787719955073006
0.6788321167883211
0.6788922155688623
0.6789522918615528
0.6790123456790124
0.6790723770338507
0.6791323859386686
0.6791923724060572
0.6792523364485982
0.6793122780788637
0.679372197309417
0.6794320941528115
0.6794919686215913
0.6795518207282913
0.6796116504854369
0.6796714579055442
0.6797312430011199
0.6797910057846613
0.6798507462686567
0.6799104644655848
0.6799701603879149
0.6800298340481074
0.680089485458613
0.6801491146318732
0.6802087215803205
0.6802683063163779
0.680327868852459
0.6803874092009685
0.6804469273743017
0.6805064233848446
0.680565897244974
0.6806253489670575
0.6806847785634537
0.6807441860465117
0.6808035714285714
0.6808629347219639
0.6809222759390108
0.6809815950920245
0.6810408921933085
0.681100167255157
0.6811594202898551
0.6812186513096786
0.6812778603268945
0.6813370473537604
0.681396212402525
0.6814553554854279
0.6815144766146993
0.6815735758025607
0.6816326530612244
0.6816917084028937
0.6817507418397626
0.6818097533840163
0.681868743047831
0.6819277108433734
0.6819866567828021
0.6820455808782657
0.6821044831419044
0.6821633635858493
0.6822222222222222
0.6822810590631364
0.6823398741206961
0.6823986674069961
0.6824574389341229
0.6825161887141535
0.6825749167591565
0.682633623081191
0.6826923076923077
0.6827509706045479
0.6828096118299446
0.6828682313805211
0.6829268292682927
0.6829854055052651
0.6830439601034355
0.6831024930747922
0.6831610044313147
0.6832194941849732
0.6832779623477298
0.6833364089315371
0.6833948339483394
0.6834532374100719
0.683511619328661
0.6835699797160243
0.6836283185840708
0.6836866359447005
0.6837449318098047
0.6838032061912659
0.683861459100958
0.683919690550746
0.6839779005524862
0.6840360891180262
0.6840942562592047
0.684152401987852
0.6842105263157895
0.6842686292548298
0.6843267108167771
0.6843847710134265
0.6844428098565649
0.6845008273579702
0.6845588235294118
0.6846167983826502
0.6846747519294377
0.6847326841815176
0.6847905951506246
0.6848484848484848
0.684906353286816
0.684964200477327
0.6850220264317181
0.685079831161681
0.6851376146788991
0.6851953769950467
0.6852531181217901
0.6853108380707867
0.6853685368536854
0.6854262144821265
0.6854838709677419
0.685541506322155
0.6855991205569806
0.6856567136838249
0.6857142857142857
0.6857718366599523
0.6858293665324057
0.685886875343218
0.6859443631039531
0.6860018298261665
0.686059275521405
0.6861167002012073
0.6861741038771031
0.6862314865606144
0.6862888482632541
0.6863461889965271
0.6864035087719298
0.6864608076009501
0.6865180854950675
0.6865753424657535
0.6866325785244705
0.686689793682673
0.6867469879518072
0.6868041613433108
0.6868613138686132
0.6869184455391352
0.6869755563662897
0.687032646361481
0.687089715536105
0.6871467639015497
0.6872037914691943
0.6872607982504101
0.6873177842565598
0.687374749498998
0.687431693989071
0.6874886177381169
0.6875455207574654
0.687602403058438
0.6876592646523481
0.6877161055505004
0.6877729257641921
0.6878297253047116
0.6878865041833394
0.6879432624113475
0.688
0.6880567169605526
0.688113413304253
0.6881700890423406
0.6882267441860465
0.688283378746594
0.688339992735198
0.6883965861630652
0.6884531590413944
0.688509711381376
0.6885662431941924
0.688622754491018
0.6886792452830188
0.6887357155813532
0.6887921653971708
0.6888485947416138
0.6889050036258159
0.6889613920609027
0.689017760057992
0.6890741076281935
0.6891304347826087
0.6891867415323311
0.6892430278884463
0.6892992938620315
0.6893555394641564
0.6894117647058824
0.6894679695982627
0.689524154152343
0.6895803183791607
0.689636462289745
0.6896925858951175
0.6897486892062918
0.6898047722342733
0.6898608349900597
0.6899168774846404
0.6899728997289973
0.690028901734104
0.6900848835109265
0.6901408450704225
0.6901967864235422
0.6902527075812275
0.6903086085544126
0.6903644893540238
0.6904203499909796
0.6904761904761905
0.690532010820559
0.6905878110349801
0.6906435911303407
0.6906993511175198
0.6907550910073887
0.6908108108108109
0.6908665105386417
0.6909221902017291
0.690977849810913
0.6910334893770256
0.691089108910891
0.6911447084233261
0.6912002879251394
0.6912558474271321
0.6913113869400972
0.6913669064748201
0.6914224060420787
0.6914778856526429
0.6915333453172748
0.6915887850467289
0.691644204851752
0.691699604743083
0.6917549847314532
0.6918103448275862
0.6918656850421979
0.6919210053859964
0.6919763058696823
0.6920315865039484
0.6920868472994797
0.6921420882669537
0.6921973094170404
0.6922525107604017
0.6923076923076923
0.692362854069559
0.692417996056641
0.6924731182795699
0.6925282207489697
0.6925833034754568
0.6926383664696399
0.6926934097421203
0.6927484333034915
0.6928034371643395
0.6928584213352426
0.6929133858267716
0.69296833064949
0.6930232558139535
0.6930781613307101
0.6931330472103004
0.6931879134632577
0.6932427601001072
0.6932975871313672
0.6933523945675483
0.6934071824191531
0.6934619506966774
0.693516699410609
0.6935714285714286
0.693626138189609
0.6936808282756158
0.6937354988399071
0.6937901498929336
0.6938447814451383
0.6938993935069568
0.6939539860888175
0.6940085592011412
0.6940631128543412
0.6941176470588235
0.6941721618249866
0.6942266571632216
0.6942811330839124
0.694335589597435
0.6943900267141585
0.6944444444444444
0.6944988427986469
0.6945532217871129
0.6946075814201815
0.6946619217081851
0.6947162426614482
0.6947705442902882
0.6948248266050151
0.6948790896159317
0.6949333333333333
0.694987557767508
0.6950417629287364
0.6950959488272921
0.6951501154734411
0.6952042628774423
0.6952583910495471
0.6953125
0.6953665897390379
0.6954206602768903
0.6954747116237799
0.6955287437899219
0.6955827567855242
0.6956367506207876
0.6956907253059053
0.6957446808510638
0.6957986172664421
0.695852534562212
0.695906432748538
0.6959603118355776
0.6960141718334809
0.696068012752391
0.6961218346024438
0.6961756373937678
0.6962294211364843
0.6962831858407079
0.6963369315165457
0.6963906581740976
0.6964443658234566
0.6964980544747081
0.696551724137931
0.6966053748231966
0.6966590065405692
0.6967126193001061
0.6967662131118573
0.6968197879858657
0.6968733439321675
0.6969268809607913
0.6969803990817588
0.6970338983050848
0.6970873786407767
0.6971408400988351
0.6971942826892535
0.6972477064220184
0.6973011113071088
0.6973544973544974
0.6974078645741492
0.6974612129760226
0.6975145425700687
0.697567853366232
0.6976211453744493
0.6976744186046512
0.6977276730667606
0.6977809087706939
0.6978341257263603
0.6978873239436619
0.6979405034324943
0.6979936642027456
0.698046806264297
0.6980999296270233
0.6981530343007916
0.6982061202954626
0.6982591876208898
0.6983122362869199
0.6983652663033925
0.6984182776801406
0.69847127042699
0.6985242445537596
0.6985772000702617
0.6986301369863014
0.698683055311677
0.6987359550561798
0.6987888362295945
0.6988416988416989
0.6988945429022636
0.6989473684210527
0.6990001754078232
0.6990529638723255
0.699105733824303
0.6991584852734923
0.6992112182296232
0.6992639327024185
0.6993166287015945
0.6993693062368606
0.6994219653179191
0.6994746059544659
0.6995272281561898
0.6995798319327731
0.6996324172938911
0.6996849842492124
0.6997375328083989
0.6997900629811057
0.699842574776981
0.6998950682056663
0.6999475432767966
0.7
0.7000524383848977
0.7001048584411045
0.7001572601782282
0.70020964360587
0.7002620087336244
0.7003143555710792
0.7003666841278157
0.7004189944134078
0.7004712864374236
0.7005235602094241
0.7005758157389635
0.7006280530355897
0.7006802721088435
0.7007324729682595
0.7007846556233653
0.700836820083682
0.7008889663587241
0.7009410944579993
0.7009932043910089
0.7010452961672474
0.7010973697962027
0.7011494252873564
0.7012014626501828
0.7012534818941504
0.7013054830287206
0.7013574660633484
0.7014094310074822
0.7014613778705637
0.7015133066620282
0.7015652173913044
0.7016171100678142
0.7016689847009736
0.7017208413001912
0.7017726798748697
0.7018245004344049
0.7018763029881863
0.7019280875455967
0.7019798541160125
0.7020316027088036
0.7020833333333333
0.7021350459989585
0.7021867407150295
0.7022384174908901
0.7022900763358778
0.7023417172593235
0.7023933402705516
0.7024449453788798
0.70249653259362
0.702548101924077
0.7025996533795494
0.7026511869693294
0.7027027027027027
0.7027542005889486
0.7028056806373398
0.7028571428571428
0.7029085872576177
0.702960013848018
0.7030114226375909
0.7030628136355771
0.7031141868512111
0.7031655422937209
0.703216879972328
0.7032681998962477
0.7033195020746889
0.7033707865168539
0.7034220532319392
0.7034733022291343
0.7035245335176227
0.7035757471065814
0.7036269430051814
0.7036781212225868
0.7037292817679558
0.7037804246504402
0.7038315498791854
0.7038826574633305
0.7039337474120083
0.7039848197343453
0.7040358744394619
0.7040869115364718
0.7041379310344827
0.7041889329425961
0.704239917269907
0.7042908840255041
0.70434183321847
0.7043927648578812
0.7044436789528075
0.7044945755123128
0.7045454545454546
0.7045963160612843
0.7046471600688469
0.7046979865771812
0.70474879559532
0.7047995871322897
0.7048503611971104
0.7049011177987962
0.7049518569463549
0.705002578648788
0.7050532829150911
0.7051039697542533
0.7051546391752578
0.7052052911870813
0.7052559257986946
0.7053065430190624
0.7053571428571429
0.7054077253218884
0.7054582904222451
0.7055088381671529
0.7055593685655457
0.705609881626351
0.7056603773584905
0.7057108557708798
0.7057613168724279
0.7058117606720384
0.7058621871786082
0.7059125964010283
0.7059629883481837
0.7060133630289532
0.7060637204522097
0.7061140606268197
0.7061643835616438
0.7062146892655368
0.7062649777473468
0.7063152490159165
0.7063655030800822
0.7064157399486741
0.7064659596305166
0.7065161621344279
0.7065663474692202
0.7066165156436998
0.7066666666666667
0.7067168005469151
0.706766917293233
0.7068170169144029
0.7068670994192006
0.7069171648163962
0.7069672131147541
0.7070172443230323
0.707067258449983
0.7071172555043522
0.7071672354948806
0.707217198430302
0.7072671443193449
0.7073170731707317
0.7073669849931787
0.7074168797953965
0.7074667575860893
0.7075166183739561
0.7075664621676891
0.7076162889759755
0.7076660988074958
0.7077158916709249
0.7077656675749319
0.7078154265281799
0.7078651685393258
0.7079148936170213
0.7079646017699115
0.708014293006636
0.7080639673358285
0.7081136247661167
0.7081632653061225
0.7082128889644618
0.708262495749745
0.7083120856705762
0.708361658735554
0.708411214953271
0.7084607543323139
0.7085102768812638
0.7085597826086957
0.7086092715231788
0.7086587436332767
0.7087081989475471
0.7087576374745418
0.7088070592228067
0.7088564642008822
0.7089058524173028
0.7089552238805971
0.7090045785992878
0.7090539165818922
0.7091032378369215
0.7091525423728814
0.7092018301982714
0.7092511013215859
0.7093003557513129
0.709349593495935
0.7093988145639288
0.7094480189637656
0.7094972067039106
0.7095463777928233
0.7095955322389575
0.7096446700507614
0.7096937912366774
0.709742895805142
0.7097919837645865
0.7098410551234359
0.7098901098901099
0.7099391480730223
0.7099881696805814
0.7100371747211895
0.7100861632032438
0.7101351351351352
0.7101840905252491
0.7102330293819655
0.7102819517136586
0.7103308575286968
0.710379746835443
0.7104286196422545
0.7104774759574827
0.7105263157894737
0.7105751391465677
0.7106239460370994
0.7106727364693981
0.7107215104517869
0.7107702679925838
0.7108190091001011
0.7108677337826453
0.7109164420485176
0.7109651339060131
0.7110138093634221
0.7110624684290284
0.7111111111111111
0.7111597374179431
0.711208347357792
0.7112569409389198
0.7113055181695828
0.7113540790580319
0.7114026236125126
0.7114511518412645
0.7114996637525218
0.7115481593545133
0.7115966386554622
0.711645101663586
0.7116935483870968
0.7117419788342012
0.7117903930131004
0.7118387909319899
0.7118871725990598
0.7119355380224945
0.7119838872104733
0.7120322201711696
0.7120805369127516
0.712128837443382
0.7121771217712177
0.7122253899044105
0.7122736418511066
0.7123218776194468
0.7123700972175662
0.7124183006535948
0.7124664879356568
0.7125146590718713
0.7125628140703517
0.7126109529392062
0.7126590756865372
0.712707182320442
0.7127552728490124
0.7128033472803347
0.7128514056224899
0.7128994478835536
0.7129474740715959
0.7129954841946814
0.7130434782608696
0.7130914562782144
0.7131394182547643
0.7131873641985625
0.7132352941176471
0.7132832080200501
0.7133311059137989
0.713378987806915
0.7134268537074149
0.7134747036233094
0.7135225375626043
0.7135703555333
0.7136181575433912
0.7136659436008677
0.7137137137137137
0.7137614678899082
0.7138092061374249
0.7138569284642321
0.7139046348782928
0.7139523253875646
0.714
0.714047658723546
0.7140953015661446
0.7141429285357321
0.7141905396402398
0.7142381348875937
0.7142857142857143
0.7143332778425171
0.7143808255659121
0.7144283574638043
0.7144758735440931
0.7145233738146731
0.7145708582834331
0.7146183269582571
0.7146657798470236
0.714713216957606
0.7147606382978723
0.7148080438756855
0.7148554336989033
0.714902807775378
0.7149501661129568
0.7149975087194819
0.7150448356027898
0.7150921467707123
0.7151394422310757
0.7151867219917012
0.7152339860604049
0.7152812344449975
0.7153284671532847
0.7153756841930669
0.7154228855721393
0.7154700712982922
0.7155172413793104
0.7155643958229736
0.7156115346370567
0.7156586578293289
0.7157057654075547
0.7157528573794931
0.7157999337528983
0.7158469945355191
0.7158940397350994
0.7159410693593776
0.7159880834160874
0.7160350819129572
0.7160820648577101
0.7161290322580646
0.7161759841217333
0.7162229204564247
0.7162698412698413
0.7163167465696809
0.7163636363636363
0.7164105106593951
0.7164573694646398
0.7165042127870478
0.7165510406342914
0.716597853014038
0.7166446499339498
0.716691431401684
0.7167381974248928
0.7167849480112229
0.7168316831683168
0.7168784029038112
0.7169251072253382
0.7169717961405245
0.7170184696569921
0.7170651277823578
0.7171117705242335
0.7171583978902258
0.7172050098879367
0.7172516065249629
0.7172981878088962
0.7173447537473233
0.717391304347826
0.7174378396179812
0.7174843595653606
0.7175308641975309
0.717577353522054
0.7176238275464868
0.717670286278381
0.7177167297252838
0.7177631578947369
0.7178095707942772
0.7178559684314371
0.7179023508137432
0.717948717948718
0.7179950698438784
0.7180414065067368
0.7180877279448004
0.7181340341655716
0.7181803251765478
0.7182266009852217
0.7182728615990807
0.7183191070256073
0.7183653372722797
0.7184115523465704
0.7184577522559475
0.718503937007874
0.7185501066098081
0.718596261069203
0.7186424003935071
0.718688524590164
0.718734633666612
0.7187807276302851
0.7188268064886122
0.718872870249017
0.7189189189189189
0.7189649525057321
0.7190109710168658
0.7190569744597249
0.7191029628417089
0.7191489361702128
0.7191948944526264
0.7192408376963351
0.7192867659087191
0.719332679097154
0.7193785772690107
0.7194244604316546
0.7194703285924473
0.7195161817587447
0.7195620199378984
0.7196078431372549
0.7196536513641562
0.7196994446259393
0.7197452229299363
0.7197909862834748
0.7198367346938775
0.7198824681684622
0.7199281867145422
0.7199738903394256
0.720019579050416
0.7200652528548124
0.7201109117599087
0.7201565557729941
0.7202021849013533
0.7202477991522661
0.7202933985330073
0.7203389830508474
0.720384552713052
0.7204301075268817
0.7204756474995928
0.7205211726384365
0.7205666829506595
0.7206121784435038
0.7206576591242064
0.720703125
0.7207485760781123
0.7207940123657663
0.7208394338701806
0.7208848405985686
0.7209302325581395
0.7209756097560975
0.7210209721996423
0.7210663198959688
0.7211116528522672
0.7211569710757231
0.7212022745735175
0.7212475633528265
0.7212928374208218
0.7213380967846703
0.7213833414515344
0.7214285714285714
0.7214737867229346
0.7215189873417721
0.7215641732922278
0.7216093445814407
0.7216545012165451
0.7216996432046707
0.7217447705529431
0.7217898832684825
0.721834981358405
0.7218800648298217
0.7219251336898396
0.7219701879455606
0.7220152276040823
0.7220602526724975
0.7221052631578947
0.7221502590673575
0.722195240407965
0.7222402071867918
0.7222851594109079
0.7223300970873786
0.7223750202232648
0.7224199288256228
0.7224648229015042
0.722509702457956
0.7225545675020211
0.7225994180407371
0.7226442540811379
0.7226890756302521
0.7227338826951042
0.722778675282714
0.7228234534000969
0.7228682170542635
0.7229129662522202
0.7229577010009687
0.723002421307506
0.723047127178825
0.7230918186219139
0.723136495643756
0.7231811582513309
0.7232258064516129
0.7232704402515723
0.7233150596581748
0.7233596646783814
0.723404255319149
0.7234488315874295
0.7234933934901708
0.7235379410343161
0.7235824742268041
0.7236269930745691
0.7236714975845411
0.7237159877636451
0.7237604636188023
0.7238049251569291
0.7238493723849372
0.7238938053097345
0.7239382239382239
0.7239826282773042
0.7240270183338694
0.7240713941148095
0.7241157556270097
0.7241601028773509
0.7242044358727098
0.7242487546199582
0.724293059125964
0.7243373493975903
0.7243816254416962
0.7244258872651357
0.7244701348747592
0.7245143682774121
0.7245585874799358
0.724602792489167
0.7246469833119383
0.7246911599550778
0.7247353224254091
0.7247794707297514
0.7248236048749198
0.7248677248677249
0.7249118307149728
0.7249559224234653
0.725
0.72504406345137
0.725088112784364
0.7251321480057664
0.7251761691223575
0.7252201761409127
0.7252641690682037
0.7253081479109973
0.7253521126760564
0.7253960633701392
0.72544
0.7254839225723885
0.72552783109405
0.7255717255717256
0.7256156060121522
0.7256594724220623
0.7257033248081841
0.7257471631772415
0.725790987535954
0.7258347978910369
0.7258785942492013
0.7259223766171539
0.725966145001597
0.7260098994092288
0.7260536398467433
0.72609736632083
0.7261410788381742
0.7261847774054572
0.7262284620293554
0.7262721327165417
0.7263157894736842
0.7263594323074469
0.7264030612244898
0.7264466762314682
0.7264902773350335
0.7265338645418327
0.7265774378585086
0.7266209972916998
0.7266645428480408
0.7267080745341615
0.7267515923566878
0.7267950963222417
0.7268385864374403
0.726882062708897
0.7269255251432208
0.7269689737470167
0.7270124085268851
0.7270558294894226
0.7270992366412213
0.7271426299888695
0.7271860095389507
0.7272293752980449
0.7272727272727273
0.7273160654695694
0.7273593898951383
0.7274027005559969
0.727445997458704
0.7274892806098142
0.727532550015878
0.7275758056834418
0.7276190476190476
0.7276622758292335
0.7277054903205331
0.7277486910994765
0.7277918781725888
0.7278350515463917
0.7278782112274025
0.7279213572221341
0.7279644895370958
0.7280076081787922
0.7280507131537243
0.7280938044683886
0.7281368821292775
0.7281799461428797
0.7282229965156795
0.7282660332541567
0.7283090563647878
0.7283520658540447
0.7283950617283951
0.7284380439943029
0.7284810126582278
0.7285239677266255
0.7285669092059475
0.7286098371026412
0.7286527514231499
0.7286956521739131
0.7287385393613658
0.7287814129919393
0.7288242730720607
0.728867119608153
0.728909952606635
0.728952772073922
0.7289955780164246
0.7290383704405495
0.7290811493526997
0.7291239147592739
0.7291666666666666
0.7292094050812687
0.7292521300094668
0.7292948414576431
0.7293375394321766
0.7293802239394417
0.7294228949858089
0.7294655525776447
0.7295081967213115
0.7295508274231679
0.7295934446895682
0.729636048526863
0.7296786389413988
0.729721215939518
0.7297637795275591
0.7298063297118564
0.7298488664987406
0.7298913898945381
0.7299338999055713
0.7299763965381589
0.7300188797986155
0.7300613496932515
0.7301038062283737
0.7301462494102846
0.730188679245283
0.7302310957396636
0.730273498899717
0.7303158887317304
0.7303582652419862
0.7304006284367636
0.7304429783223374
0.7304853149049788
0.7305276381909548
0.7305699481865285
0.7306122448979592
0.7306545283315021
0.7306967984934086
0.7307390553899262
0.7307812990272984
0.7308235294117648
0.7308657465495608
0.7309079504469186
0.7309501411100658
0.7309923185452265
0.7310344827586207
0.7310766337564645
0.7311187715449702
0.7311608961303462
0.731203007518797
0.7312451057165231
0.7312871907297213
0.7313292625645843
0.7313713212273012
0.731413366724057
0.7314553990610329
0.7314974182444062
0.7315394242803505
0.7315814171750352
0.7316233969346262
0.7316653635652853
0.7317073170731707
0.7317492574644364
0.7317911847452329
0.7318330989217066
0.731875
0.7319168879862521
0.7319587628865979
0.7320006247071685
0.7320424734540912
0.7320843091334894
0.732126131751483
0.7321679413141876
0.7322097378277154
0.7322515212981744
0.7322932917316692
0.7323350491343005
0.7323767935121647
0.7324185248713551
0.7324602432179607
0.732501948558067
0.7325436408977556
0.7325853202431043
0.732626986600187
0.732668639975074
0.7327102803738318
0.732751907802523
0.7327935222672065
0.7328351237739374
0.7328767123287672
0.7329182879377432
0.7329598506069094
0.7330014003423059
0.7330429371499689
0.733084461035931
0.7331259720062209
0.7331674700668637
0.7332089552238806
0.7332504274832893
0.7332918868511035
0.7333333333333333
0.7333747669359851
0.7334161876650613
0.7334575955265611
0.7334989905264793
0.7335403726708074
0.7335817419655333
0.7336230984166408
0.7336644420301102
0.7337057728119181
0.7337470907680372
0.7337883959044369
0.7338296882270824
0.7338709677419355
0.7339122344549542
0.7339534883720931
0.7339947294993024
0.7340359578425294
0.7340771734077174
0.7341183762008057
0.7341595662277305
0.7342007434944238
0.7342419080068143
0.7342830597708269
0.7343241987923828
0.7343653250773994
0.7344064386317908
0.734447539461467
0.7344886275723348
0.7345297029702971
0.7345707656612529
0.734611815651098
0.7346528529457245
0.7346938775510204
0.7347348894728706
0.7347758887171562
0.7348168752897543
0.734857849196539
0.7348988104433802
0.7349397590361446
0.734980694980695
0.7350216182828907
0.7350625289485873
0.735103426983637
0.735144312393888
0.7351851851851852
0.7352260453633699
0.7352668929342795
0.7353077279037482
0.7353485502776064
0.7353893600616808
0.7354301572617946
0.7354709418837675
0.7355117139334155
0.7355524734165511
0.735593220338983
0.7356339547065167
0.7356746765249538
0.7357153858000924
0.7357560825377272
0.7357967667436489
0.7358374384236454
0.7358780975835001
0.7359187442289935
0.7359593783659024
0.736
0.7360406091370558
0.7360812057828361
0.7361217899431032
0.7361623616236163
0.7362029208301306
0.7362434675683984
0.7362840018441679
0.7363245236631838
0.7363650330311876
0.7364055299539171
0.7364460144371064
0.7364864864864865
0.7365269461077845
0.7365673933067239
0.7366078280890254
0.7366482504604052
0.7366886604265767
0.7367290579932495
0.7367694431661298
0.7368098159509202
0.7368501763533201
0.7368905243790248
0.7369308600337268
0.7369711833231146
0.7370114942528736
0.7370517928286853
0.737092079056228
0.7371323529411765
0.737172614489202
0.7372128637059724
0.737253100597152
0.7372933251684017
0.7373335374253789
0.7373737373737373
0.7374139250191277
0.737454100367197
0.7374942634235888
0.737534414193943
0.7375745526838966
0.7376146788990826
0.7376547928451307
0.7376948945276673
0.7377349839523154
0.7377750611246944
0.7378151260504202
0.7378551787351054
0.7378952191843593
0.7379352474037875
0.7379752633989922
0.7380152671755725
0.7380552587391238
0.7380952380952381
0.738135205249504
0.7381751602075068
0.7382151029748284
0.738255033557047
0.7382949519597377
0.7383348581884721
0.7383747522488184
0.7384146341463415
0.7384545038866026
0.73849436147516
0.7385342069175682
0.7385740402193784
0.7386138613861386
0.7386536704233932
0.7386934673366834
0.738733252131547
0.738773024813518
0.7388127853881279
0.738852533860904
0.7388922702373707
0.7389319945230488
0.738971706723456
0.7390114068441065
0.7390510948905109
0.739090770868177
0.7391304347826086
0.7391700866393068
0.739209726443769
0.7392493542014892
0.7392889699179581
0.7393285735986632
0.7393681652490887
0.7394077448747153
0.7394473124810204
0.7394868680734781
0.7395264116575592
0.7395659432387313
0.7396054628224583
0.7396449704142012
0.7396844660194175
0.7397239496435614
0.7397634212920837
0.7398028809704321
0.739842328684051
0.739881764438381
0.7399211882388602
0.7399606000909229
0.74
0.7400393879715195
0.7400787640109058
0.7401181281235802
0.7401574803149606
0.7401968205904618
0.740236148955495
0.7402754654154684
0.7403147699757869
0.740354062641852
0.740393343419062
0.740432612312812
0.7404718693284936
0.7405111144714955
0.7405503477472029
0.7405895691609977
0.7406287787182587
0.7406679764243614
0.7407071622846781
0.7407463363045778
0.740785498489426
0.7408246488445854
0.7408637873754153
0.7409029140872716
0.7409420289855072
0.7409811320754717
0.7410202233625113
0.7410593028519692
0.7410983705491853
0.7411374264594962
0.7411764705882353
0.7412155029407329
0.741254523522316
0.7412935323383084
0.7413325293940307
0.7413715146948003
0.7414104882459313
0.7414494500527347
0.7414884001205182
0.7415273384545865
0.7415662650602409
0.7416051799427797
0.7416440831074977
0.7416829745596869
0.7417218543046358
0.7417607223476298
0.7417995786939513
0.7418384233488792
0.7418772563176895
0.741916077605655
0.7419548872180451
0.7419936851601263
0.7420324714371618
0.7420712460544115
0.7421100090171325
0.7421487603305785
0.7421875
0.7422262280306444
0.742264944427756
0.7423036491965761
0.7423423423423423
0.7423810238702897
0.74241969378565
0.7424583520936515
0.7424969987995198
0.7425356339084771
0.7425742574257426
0.7426128693565321
0.7426514697060588
0.7426900584795322
0.742728635682159
0.7427672013191425
0.7428057553956835
0.7428442979169789
0.742882828888223
0.7429213483146068
0.7429598562013181
0.742998352553542
0.74303683737646
0.7430753106752508
0.7431137724550898
0.7431522227211496
0.7431906614785992
0.7432290887326051
0.7432675044883303
0.7433059087509349
0.7433443015255758
0.7433826828174069
0.743421052631579
0.7434594109732396
0.7434977578475336
0.7435360932596025
0.7435744172145846
0.7436127297176154
0.7436510307738273
0.7436893203883496
0.7437275985663082
0.7437658653128266
0.7438041206330248
0.7438423645320197
0.7438805970149254
0.7439188180868527
0.7439570277529096
0.7439952260182008
0.7440334128878282
0.7440715883668904
0.7441097524604832
0.7441479051736991
0.7441860465116279
0.7442241764793561
0.7442622950819672
0.7443004023245418
0.7443384982121574
0.7443765827498883
0.7444146559428061
0.7444527177959791
0.7444907683144729
0.7445288075033497
0.744566835367669
0.7446048519124869
0.7446428571428572
0.7446808510638298
0.7447188336804522
0.7447568049977689
0.744794765020821
0.7448327137546469
0.7448706512042819
0.7449085773747585
0.7449464922711059
0.7449843958983504
0.7450222882615156
0.7450601693656218
0.7450980392156863
0.7451358978167236
0.7451737451737451
0.7452115812917595
0.745249406175772
0.7452872198307852
0.7453250222617988
0.7453628134738092
0.7454005934718101
0.7454383622607922
0.7454761198457431
0.7455138662316476
0.7455516014234875
0.7455893254262417
0.7456270382448859
0.7456647398843931
0.7457024303497333
0.7457401096458735
0.7457777777777778
0.7458154347504073
0.7458530805687204
0.7458907152376721
0.745928338762215
0.7459659511472982
0.7460035523978685
0.7460411425188693
0.7460787215152412
0.7461162893919219
0.7461538461538462
0.7461913918059458
0.74622892635315
0.7462664498003845
0.7463039621525724
0.7463414634146341
0.7463789535914869
0.7464164326880449
0.7464539007092199
0.7464913576599203
0.7465288035450517
0.7465662383695171
0.7466036621382162
0.746641074856046
0.7466784765279008
0.7467158671586716
0.7467532467532467
0.7467906153165117
0.7468279728533491
0.7468653193686384
0.7469026548672566
0.7469399793540775
0.7469772928339723
0.7470145953118089
0.7470518867924528
0.7470891672807664
0.7471264367816092
0.747163695299838
0.7472009428403065
0.7472381794078656
0.7472754050073638
0.747312619643646
0.7473498233215548
0.7473870160459296
0.7474241978216073
0.7474613686534216
0.7474985285462037
0.7475356775047816
0.7475728155339806
0.7476099426386233
0.7476470588235294
0.7476841640935157
0.7477212584533961
0.7477583419079817
0.7477954144620811
0.7478324761204996
0.74786952688804
0.747906566769502
0.7479435957696827
0.7479806138933764
0.7480176211453744
0.7480546175304654
0.7480916030534351
0.7481285777190665
0.7481655415321398
0.7482024944974321
0.7482394366197183
0.74827636790377
0.7483132883543561
0.7483501979762428
0.7483870967741936
0.7484239847529688
0.7484608619173263
0.7484977282720211
0.7485345838218054
0.7485714285714286
0.7486082625256373
0.7486450856891753
0.7486818980667839
0.748718699663201
0.7487554904831625
0.748792270531401
0.7488290398126464
0.7488657983316259
0.7489025460930641
0.7489392831016826
0.7489760093622001
0.749012724879333
0.7490494296577946
0.7490861237022957
0.7491228070175439
0.7491594796082444
0.7491961414790996
0.7492327926348092
0.7492694330800701
0.7493060628195763
0.7493426818580193
0.7493792902000876
0.7494158878504673
0.7494524748138415
0.7494890510948905
0.7495256166982922
0.7495621716287215
