0.28046945531146306
0.27836292506770743
0.27971712308155033
0.2798675895275329
0.28242551910923613
0.28287691844718377
0.2813722539873583
0.28453204935299176
0.28483298224495684
0.285434848028887
0.2860367138128172
0.28859464339452046
0.28618718025879974
0.285434848028887
0.2857357809208521
0.287089978934695
0.2867890460427299
0.28648811315076483
0.2866385795967474
0.28754137827264264
0.2879927776105903
0.28859464339452046
0.290400240746311
0.28994884140836336
0.29160397231417134
0.28859464339452046
0.28859464339452046
0.2911525729762237
0.292055371652119
0.2900993078543459
0.28724044538067756
0.2881432440565728
0.2894974420704157
0.28859464339452046
0.2860367138128172
0.28724044538067756
0.28829371050255537
0.2894974420704157
0.2908516400842586
0.2911525729762237
0.2907011736382761
0.28829371050255537
0.2907011736382761
0.29024977430032844
0.2881432440565728
0.2884441769485379
0.288745109840503
0.2893469756244332
0.28889557628648554
0.28724044538067756
0.28754137827264264
0.28964790851639827
0.2884441769485379
0.2893469756244332
0.2884441769485379
0.29100210653024117
0.2914535058681888
0.2917544387601539
0.292055371652119
0.2931086367739968
0.2917544387601539
0.29100210653024117
0.292055371652119
0.2907011736382761
0.29100210653024117
0.2928077038820317
0.29371050255792697
0.2965693650315953
0.2965693650315953
0.2958170328016826
0.2952151670177524
0.2952151670177524
0.2965693650315953
0.29732169726150803
0.2982244959374033
0.298976828167316
0.3012338248570542
0.30243755642491454
0.3025880228708971
0.30183569064098437
0.3033403551008098
0.30484501956063526
0.30394222088474
0.3052964188985829
0.3060487511284956
0.3066506169124258
0.30785434848028614
0.30815528137225123
0.30785434848028614
0.30680108335840833
0.3069515498043909
0.3077038820343036
0.3083057478182338
0.3096599458320767
0.3110141438459196
0.31221787541377993
0.31402347276557047
0.3150767378874483
0.3138730063195879
0.3144748721035181
0.31462533854950064
0.315829070117361
0.31763466746915153
0.32004213060487224
0.3212458621727326
0.3222991272946104
0.3233523924164882
0.32275052663255804
0.3236533253084533
0.3242551910923835
0.32545892266024384
0.32621125489015657
0.327715919349982
0.3274149864580169
0.3266626542281042
0.3266626542281042
0.32515798976827875
0.3245561239843486
0.32485705687631367
0.32515798976827875
0.3263617213361391
0.3272645200120344
0.3286187180258773
0.32982244959373763
0.33222991272945834
0.3334336442973187
0.33433644297321397
0.33328317785133615
0.3328317785133885
0.33358411074330124
0.3334336442973187
0.33433644297321397
0.3340355100812489
0.3350887752031267
0.3358411074330394
0.3367439061089347
0.3382485705687601
0.33900090279867284
0.33975323502858557
0.34140836593439355
0.3423111646102888
0.3432139632861841
0.34441769485404444
0.344568161300027
0.34712609088173024
0.34712609088173024
0.3469756244357477
0.34682515798976515
0.3466746915437826
0.3475774902196779
0.3486307553415557
0.3477279566656604
0.3477279566656604
0.3490821546795033
0.35013541980138113
0.3510382184772764
0.3510382184772764
0.35194101715317166
0.3523924164911193
0.353144748721032
0.3540475473969273
0.3544989467348749
0.35479987962684
0.3561540776406829
0.35735780920854326
0.3575082756545258
0.3575082756545258
0.3584110743304211
0.35961480589828143
0.36066807102015924
0.3615708696960545
0.36202226903400214
0.3629250677098974
0.3629250677098974
0.3642792657237403
0.3653325308456181
0.3672885946433912
0.3675895275353563
0.3689437255491992
0.37089978934697226
0.37180258802286753
0.3730063195907279
0.3743605176045708
0.37586518206439623
0.37661751429430895
0.3778212458621693
0.37902497743002966
0.38037917544387256
0.381883839903698
0.381883839903698
0.3824857056876282
0.3841408365934362
0.38444176948540126
0.38504363526933144
0.385194101715314
0.38639783328317434
0.3876015648510347
0.38805296418898233
0.38940716220282523
0.3906108937706856
0.3910622931086332
0.39046042732470304
0.3916641588925634
0.3927174240144412
0.3933192897983714
0.39422208847426665
0.39557628648810955
0.397080950947935
0.39828468251579535
0.39933794763767316
0.4005416792055335
0.40159494432741133
0.40340054167920186
0.40400240746313204
0.40505567258500985
0.4049052061390273
0.4062594041528702
0.40746313572073056
0.40836593439662583
0.408967800180556
0.41017153174841636
0.410622931086364
0.41107433042431163
0.4113752633162767
0.4133313271140498
0.4149864580198578
0.4160397231417356
0.4154378573578054
0.41649112247968323
0.4157387902497705
0.41754438760156104
0.4184471862774563
0.41995185073728175
0.4214565151971072
0.4222088474270199
0.4231116461029152
0.4247667770087232
0.42566957568461844
0.42672284080649625
0.42837797171230424
0.42943123683418205
0.43048450195605986
0.4315377670779377
0.4328919650917806
0.4322900993078504
0.4328919650917806
0.43454709599758856
0.4356003611194664
0.4356003611194664
0.43484802888955365
0.43650315979536164
0.43680409268732673
0.4383087571471522
0.43680409268732673
0.4384592235931347
0.4383087571471522
0.44026482094492525
0.44131808606680306
0.44267228408064596
0.44297321697261105
0.4444778814324365
0.4450797472163667
0.4438760156485063
0.4455311465543143
0.44703581101413975
0.4477881432440525
0.44839000902798265
0.44899187481191283
0.45049653927173827
0.449593740595843
0.4485404754739652
0.45004513993379064
0.45079747216370336
0.45215167017754626
0.452904002407459
0.45410773397531934
0.4539572675293368
0.45486006620523206
0.45621426421907496
0.4574179957869353
0.4587721938007782
0.459825458922656
0.4607282575985513
0.4617815227204291
0.4625338549503418
0.46298525428828946
0.46433945230213236
0.46539271742401017
0.46599458320794035
0.46629551609990544
0.4671983147758007
0.46840204634366106
0.46900391212759124
0.47005717724946905
0.4705085765874167
0.4709599759253643
0.4723141739392072
0.47306650616911994
0.4742702377369803
0.4756244357508232
0.4753235028588581
0.47577490219680574
0.47682816731868355
0.47788143244056136
0.4780318988865439
0.4774300331026137
0.4786337646704741
0.479987962684317
0.4804393620222646
0.48058982846824716
0.47983749623833444
0.4790851640084217
0.48058982846824716
0.48164309359012497
0.4817935600361075
0.4826963587120028
0.4823954258200377
0.48224495937405515
0.48329822449593296
0.4837496238338806
0.48495335540174095
0.48630755341558385
0.48736081853746166
0.4881131507673744
0.4891664158892522
0.4882636172133569
0.4894673487812173
0.4908215467950602
0.49172434547095545
0.49202527836292054
0.49337947637676344
0.49443274149864125
0.4953355401745365
0.49653927174239687
0.4975925368642747
0.4986458019861525
0.4996990671080303
0.5006018657839257
0.5009027986758909
0.5015046644598213
0.5016551309058039
0.5015046644598213
0.5030093289196473
0.5030093289196473
0.5045139933794733
0.5051158591634037
0.5055672585013515
0.5061691242852819
0.5069214565151949
0.5078242551910905
0.5093289196509165
0.5093289196509165
0.5105326512187773
0.5109840505567251
0.5123382485705685
0.5138429130303945
0.5148961781522727
0.5156485103821857
0.5167017755040639
0.5179055070719247
0.5189587721938029
0.5198615708696985
0.5210653024375593
0.5224195004514027
0.5228708997893505
0.5233222991272983
0.5243755642491765
0.5254288293710547
0.5254288293710547
0.5261811616009677
0.5272344267228459
0.5285886247366893
0.5294914234125849
0.5302437556424979
0.5312970207643761
0.5325007523322369
0.5338549503460803
0.5349082154679585
0.5337044839000977
0.5344568161300107
0.5355100812518889
0.5362624134818019
0.5373156786036801
0.5380680108335931
0.5379175443876105
0.5385194101715409
0.5394222088474365
0.5400240746313669
0.5410773397532451
0.5424315377670885
0.5431838699970015
0.5445380680108449
0.5449894673487927
0.5457417995787057
0.5463436653626361
0.5470959975925491
0.5479987962684447
0.5487511284983577
0.5498043936202359
0.5505567258501489
0.5510081251880967
0.5510081251880967
0.5511585916340793
0.5517604574180097
0.5528137225398879
0.5534155883238183
0.5540174541077487
0.5552211856756095
0.5564249172434703
0.5570267830274007
0.5579295817032963
0.5583809810412441
0.5595847126091049
0.5606379777309831
0.5615407764068787
0.5625940415287569
0.5636473066506351
0.5648510382184959
0.5657538368943915
0.5669575684622523
0.5678603671381479
0.5690640987060087
0.5701173638278869
0.5713210953957477
0.5725248269636085
0.5735780920854867
0.5731266927475389
0.5734276256395041
0.5746313572073649
0.5755341558832605
0.5765874210051387
0.5771892867890691
0.5779416190189821
0.5788444176948777
0.5791453505868429
0.5795967499247907
0.5800481492627385
0.5803490821547037
0.5814023472765819
0.5826060788444427
0.5835088775203383
0.5838098104123035
0.5844116761962339
0.5850135419801643
0.5850135419801643
0.5859163406560599
0.5862172735480251
0.5869696057779381
0.5880228708998163
0.5890761360216945
0.5892266024676771
0.5902798675895553
0.5911826662654509
0.5917845320493813
0.5922359313873291
0.5932891965092073
0.5940415287391203
0.5947938609690333
0.5958471260909115
0.5969003912127897
0.5976527234427027
0.5985555221185983
0.5996087872404765
0.6006620523623547
0.6005115859163721
0.6014143845922677
0.6020162503761981
0.6027685826061111
0.6038218477279893
0.6048751128498675
0.6053265121878153
0.6063797773096935
0.6072825759855891
0.6083358411074673
0.6081853746614847
0.6092386397833629
0.6081853746614847
0.6092386397833629
0.6102919049052411
0.6111947035811367
0.6122479687030149
0.6133012338248931
0.6143544989467713
0.6151068311766843
0.6154077640686495
0.6160096298525799
0.6161600962985625
0.6167619620824929
0.6175142943124059
0.6184170929883015
0.6193198916641971
0.6199217574481275
0.6209750225700057
0.6220282876918839
0.6224796870298317
0.6235329521517099
0.6245862172735881
0.6250376166115359
0.6257899488414489
0.6266927475173445
0.6268432139633271
0.6272946133012749
0.6281974119771705
0.6289497442070835
0.6294011435450313
0.6297020764369965
0.6304544086669095
0.6315076737887877
0.6319590731267355
0.6328618718026311
0.6336142040325441
0.6330123382486137
0.6330123382486137
0.6336142040325441
0.6345170027084397
0.6351188684923701
0.6360216671682657
0.6367739993981787
0.6372253987361265
0.6378272645200569
0.6387300631959525
0.6394823954258655
0.6403851941017611
0.6412879927776567
0.6421907914535523
0.6429431236834653
0.6438459223593609
0.6442973216973087
0.6444477881432913
0.6450496539272217
0.6459524526031173
0.6468552512790129
0.6459524526031173
0.6465543183870477
0.6473066506169607
0.6482094492928563
0.6491122479687519
0.6495636473066997
0.6503159795366127
0.6512187782125083
0.6519711104424213
0.6525729762263517
0.6534757749022473
0.6543785735781429
0.6551309058080559
0.6560337044839515
0.6569365031598471
0.6572374360518123
0.6581402347277079
0.6588925669576209
0.6582907011736905
0.6587421005116383
0.6596448991875339
0.6603972314174469
0.6613000300933425
0.6622028287692381
0.6631056274451337
0.6640084261210293
0.6643093590129945
0.6644598254589771
0.6643093590129945
0.6647607583509423
0.6656635570268379
0.6664158892567509
0.6673186879326465
0.6667168221487161
0.6674691543786291
0.6683719530545247
0.6692747517304203
0.6698766175143507
0.6707794161902463
0.6713812819741767
0.6718326813121245
0.6727354799880201
0.6736382786639157
0.6743906108938287
0.6752934095697243
0.6758952753536547
0.6764971411375851
0.6766476075835677
0.6773999398134807
0.6777008727054459
0.6784532049353589
0.6790550707192893
0.6795064700572371
0.6801083358411675
0.6808606680710805
0.6816130003009935
0.6819139331929587
0.6826662654228717
0.6834185976527847
0.6841709298826977
0.6849232621126107
0.6856755943425237
0.6864279265724367
0.6871802588023497
0.6879325910322627
0.6886849232621757
0.6891363226001235
0.6891363226001235
0.6898886548300365
0.6897381883840539
0.6900391212760191
0.6904905206139669
0.6912428528438799
0.6918447186278103
0.6924465844117407
0.6931989166416537
0.6939512488715667
0.6947035811014797
0.6953054468854101
0.6954559133313927
0.6960577791153231
0.6965091784532709
0.6972615106831839
0.6980138429130969
0.6987661751430099
0.6995185073729229
0.7001203731568533
0.7008727053867663
0.7004213060488185
0.7011736382787315
0.7010231718327489
0.7017755040626619
0.7025278362925749
0.7032801685224879
0.7038820343064183
0.7046343665363313
0.7052362323202617
0.7059885645501747
0.7067408967800877
0.7074932290100007
0.7077941619019659
0.7085464941318789
0.7092988263617919
0.7100511585917049
0.7108034908216179
0.7114053566055483
0.7118567559434961
0.7120072223894787
0.7127595546193917
0.7120072223894787
0.7126090881734091
0.7133614204033221
0.7139632861872525
0.7144146855252003
0.7150165513091307
0.7154679506470785
0.7162202828769915
0.7163707493229741
0.7171230815528871
0.7178754137828001
0.7186277460127131
0.7193800782426261
0.7196810111345913
0.7204333433645043
0.7211856755944173
0.7219380078243303
0.7226903400542433
0.7231417393921911
0.7238940716221041
0.7246464038520171
0.7252482696359475
0.7255492025279127
0.7263015347578257
0.7269034005417561
0.7276557327716691
0.7281071321096169
0.7288594643395299
0.7294613301234603
0.7299127294614081
0.7297622630154255
0.7300631959073907
0.7303641287993559
0.7306650616913211
0.7303641287993559
0.7309659945832863
0.7314173939212341
0.7317183268131993
0.7320192597051645
0.7326211254890949
0.7332229912730253
0.7338248570569557
0.7341257899489209
0.7347276557328513
0.7353295215167817
0.7359313873007121
0.7365332530846425
0.7371351188685729
0.7377369846525033
0.7380379175444685
0.7386397833283989
0.7392416491123293
0.7398435148962597
0.7404453806801901
0.7410472464641205
0.7413481793560857
0.7419500451400161
0.7425519109239465
0.7431537767078769
0.7437556424918073
0.7443575082757377
0.7449593740596681
0.7455612398435985
0.7461631056275289
0.7467649714114593
0.7473668371953897
0.7478182365333375
0.7484201023172679
0.7490219681011983
0.7496238338851287
0.750225699669059
0.7508275654529895
0.7514294312369199
0.7520312970208503
0.7523322299128155
0.7529340956967459
0.7535359614806763
0.7541378272646067
0.754739693048537
0.7553415588324675
0.7559434246163979
0.7565452904003283
0.7571471561842587
0.757749021968189
0.7582004213061369
0.7578994884141717
0.7575985555222065
0.7582004213061369
0.7588022870900673
0.7594041528739977
0.760006018657928
0.7606078844418585
0.7612097502257889
0.7613602166717715
0.7619620824557019
0.7625639482396322
0.7631658140235626
0.763767679807493
0.7643695455914234
0.7649714113753538
0.7655732771592842
0.7661751429432146
0.766777008727145
0.7673788745110754
0.7679807402950058
0.7685826060789362
0.7691844718628666
0.769786337646797
0.7702377369847448
0.7708396027686752
0.7714414685526056
0.7718928678905534
0.7724947336744838
0.7730965994584142
0.7729461330124316
0.773547998796362
0.7741498645802924
0.7747517303642228
0.7753535961481532
0.7759554619320836
0.7764068612700314
0.7770087270539618
0.7776105928378922
0.7782124586218226
0.7786638579597704
0.7792657237437008
0.7798675895276312
0.780318988865579
0.7806199217575442
0.781071321095492
0.7816731868794224
0.7822750526633528
0.7827264520013006
0.783328317785231
0.7839301835691614
0.7843815829071092
0.7846825157990744
0.784832982245057
0.7851339151370222
0.7857357809209526
0.786337646704883
0.7864881131508656
0.7869395124888134
0.7875413782727438
0.7881432440566742
0.7887451098406046
0.789346975624535
0.7899488414084654
0.7905507071923958
0.7910021065303436
0.7913030394223088
0.7917544387602566
0.7920553716522218
0.7926572374361522
0.7926572374361522
0.7931086367741
0.7937105025580304
0.7940114354499956
0.7943123683419608
0.7949142341258912
0.7955160999098216
0.7958170328017868
0.796117965693752
0.7964188985857172
0.796870297923665
0.796870297923665
0.7964188985857172
0.7964188985857172
0.796870297923665
0.7970207643696476
0.7974721637075954
0.7979235630455432
0.7980740294915258
0.7982244959375084
0.798374962383491
0.7985254288294736
0.7989768281674214
0.7994282275053692
0.7994282275053692
0.799879626843317
0.8001805597352822
0.80063195907323
0.8010833584111778
0.8015347577491256
0.8019861570870734
0.8015347577491256
0.8019861570870734
0.8024375564250212
0.802888955762969
0.8033403551009168
0.803641287992882
0.8040926873308298
0.8045440866687776
0.8049954860067254
0.8054468853446732
0.8057478182366384
0.8061992175745862
0.806650616912534
0.8071020162504818
0.8075534155884296
0.8080048149263774
0.8083057478183426
0.8087571471562904
0.8092085464942382
0.8093590129402208
0.809659945832186
0.8101113451701338
0.8105627445080816
0.8108636774000468
0.8113150767379946
0.8117664760759424
0.811916942521925
0.8123683418598728
0.812669274751838
0.8128197411978206
0.8132711405357684
0.8137225398737162
0.814173939211664
0.8146253385496118
0.8150767378875596
0.8155281372255074
0.8159795365634552
0.816430935901403
0.8168823352393508
0.8173337345772986
0.8177851339152464
0.8182365332531942
0.818687932591142
0.8191393319290898
0.8195907312670376
0.8200421306049854
0.8203430634969506
0.8207944628348984
0.8212458621728462
0.821697261510794
0.8219981944027592
0.822449593740707
0.8229009930786548
0.8233523924166026
0.82320192597062
0.8236533253085678
0.8241047246465156
0.823954258200533
0.8244056575384808
0.824706590430446
0.8250075233224112
0.825458922660359
0.8259103219983068
0.8263617213362546
0.8268131206742024
0.8272645200121502
0.827715919350098
0.8281673186880458
0.8286187180259936
0.8290701173639414
0.8295215167018892
0.829972916039837
0.8304243153777848
0.8308757147157326
0.8310261811617152
0.8311766476076978
0.8316280469456456
0.8320794462835934
0.832229912729576
0.8326813120675238
0.8331327114054716
0.8332831778514542
0.833734577189402
0.8338850436353846
0.8343364429733324
0.8347878423112802
0.835239241649228
0.8356906409871758
0.8361420403251236
0.8365934396630714
0.8370448390010192
0.837496238338967
0.8373457718929844
0.8371953054470018
0.8376467047849496
0.8380981041228974
0.8385495034608452
0.839000902798793
0.8393018356907582
0.839753235028706
0.8402046343666538
0.8406560337046016
0.8411074330425494
0.8415588323804972
0.8418597652724624
0.8421606981644276
0.8426120975023754
0.8430634968403232
0.843514896178271
0.8439662955162188
0.8444176948541666
0.8448690941921144
0.845019560638097
0.8454709599760448
0.8459223593139926
0.8463737586519404
0.8468251579898882
0.847276557327836
0.8477279566657838
0.8478784231117664
0.8483298224497142
0.848781221787662
0.8492326211256098
0.8496840204635576
0.8498344869095402
0.8501354198015054
0.8505868191394532
0.851038218477401
0.8514896178153488
0.851790550707314
0.8522419500452618
0.8526933493832096
0.8531447487211574
0.8535961480591052
0.8535961480591052
0.8535961480591052
0.8537466145050878
0.8541980138430356
0.8546494131809834
0.8549503460729486
0.8554017454108964
0.8558531447488442
0.8561540776408094
0.8566054769787572
0.857056876316705
0.8575082756546528
0.857809208546618
0.8582606078845658
0.8587120072225136
0.8590129401144788
0.8594643394524266
0.8596148058984092
0.860066205236357
0.8605176045743048
0.86081853746627
0.8609690039122526
0.8612699368042178
0.8617213361421656
0.8621727354801134
0.862323201926096
0.8626241348180612
0.8629250677100264
0.863075534156009
0.8633764670479742
0.8636773999399394
0.8639783328319046
0.8639783328319046
0.8642792657238698
0.864580198615835
0.8648811315078002
0.8651820643997654
0.8654829972917306
0.8657839301836958
0.866084863075661
0.8663857959676262
0.8666867288595914
0.8669876617515566
0.8672885946435218
0.867589527535487
0.8677399939814696
0.8680409268734348
0.8683418597654
0.8686427926573652
0.8689437255493304
0.8692446584412956
0.8695455913332608
0.869846524225226
0.8701474571171912
0.8704483900091564
0.8704483900091564
0.8707493229011216
0.8710502557930868
0.871351188685052
0.8716521215770172
0.8719530544689824
0.8722539873609476
0.8725549202529128
0.872855853144878
0.8731567860368432
0.8734577189288084
0.8737586518207736
0.8740595847127388
0.874360517604704
0.8746614504966692
0.8749623833886344
0.8752633162805996
0.8755642491725648
0.87586518206453
0.8761661149564952
0.8764670478484604
0.876617514294443
0.876617514294443
0.8769184471864082
0.8772193800783734
0.8775203129703386
0.8778212458623038
0.878122178754269
0.8784231116462342
0.8787240445381994
0.8790249774301646
0.8793259103221298
0.879626843214095
0.8799277761060602
0.8802287089980254
0.8805296418899906
0.8808305747819558
0.881131507673921
0.8814324405658862
0.8815829070118688
0.881883839903834
0.8821847727957992
0.8824857056877644
0.8827866385797296
0.8830875714716948
0.88338850436366
0.8836894372556252
0.8839903701475904
0.8842913030395556
0.8845922359315208
0.884893168823486
0.8851941017154512
0.8854950346074164
0.8857959674993816
0.8860969003913468
0.886397833283312
0.8866987661752772
0.8869996990672424
0.8873006319592076
0.8876015648511728
0.887902497743138
0.8882034306351032
0.8885043635270684
0.8883538970810858
0.888654829973051
0.8889557628650162
0.8892566957569814
0.8895576286489466
0.8898585615409118
0.890159494432877
0.8904604273248422
0.8907613602168074
0.8910622931087726
0.8913632260007378
0.891664158892703
0.8919650917846682
0.8922660246766334
0.8925669575685986
0.8928678904605638
0.8927174240145812
0.8930183569065464
0.8933192897985116
0.8933192897985116
0.8936202226904768
0.893921155582442
0.8942220884744072
0.8945230213663724
0.8948239542583376
0.8951248871503028
0.895425820042268
0.8957267529342332
0.8960276858261984
0.8963286187181636
0.8966295516101288
0.896930484502094
0.8972314173940592
0.8975323502860244
0.8978332831779896
0.8981342160699548
0.89843514896192
0.8987360818538852
0.8987360818538852
0.8987360818538852
0.8990370147458504
0.899187481191833
0.8994884140837982
0.8997893469757634
0.9000902798677286
0.9003912127596938
0.900692145651659
0.9009930785436242
0.9012940114355894
0.9015949443275546
0.9018958772195198
0.902196810111485
0.9024977430034502
0.9027986758954154
0.9030996087873806
0.9034005416793458
0.903701474571311
0.9040024074632762
0.9041528739092588
0.904453806801224
0.9047547396931892
0.9050556725851544
0.9053566054771196
0.9056575383690848
0.90595847126105
0.9062594041530152
0.9065603370449804
0.9068612699369456
0.9071622028289108
0.9073126692748934
0.9076136021668586
0.9079145350588238
0.908215467950789
0.9085164008427542
0.9088173337347194
0.9091182666266846
0.9094191995186498
0.909720132410615
0.9100210653025802
0.9103219981945454
0.9106229310865106
0.9109238639784758
0.911224796870441
0.9115257297624062
0.9118266626543714
0.9121275955463366
0.9124285284383018
0.912729461330267
0.9128799277762496
0.9131808606682148
0.91348179356018
0.9137827264521452
0.9140836593441104
0.9143845922360756
0.9146855251280408
0.914986458020006
0.9152873909119712
0.9155883238039364
0.9158892566959016
0.9161901895878668
0.916491122479832
0.9167920553717972
0.9170929882637624
0.9173939211557276
0.9176948540476928
0.917995786939658
0.9182967198316232
0.9185976527235884
0.9188985856155536
0.9191995185075188
0.9193499849535014
0.9196509178454666
0.9199518507374318
0.920252783629397
0.9205537165213622
0.9208546494133274
0.9211555823052926
0.9214565151972578
0.921757448089223
0.9220583809811882
0.9223593138731534
0.9226602467651186
0.9229611796570838
0.923262112549049
0.9235630454410142
0.9238639783329794
0.9241649112249446
0.9244658441169098
0.924766777008875
0.9250677099008402
0.9253686427928054
0.9256695756847706
0.9259705085767358
0.926271441468701
0.9265723743606662
0.9268733072526314
0.927023773698614
0.9273247065905792
0.9276256394825444
0.9279265723745096
0.9282275052664748
0.92852843815844
0.9286789046044226
0.9288293710504052
0.9289798374963878
0.9291303039423704
0.929280770388353
0.9294312368343356
0.9295817032803182
0.9297321697263008
0.9298826361722834
0.930033102618266
0.9301835690642486
0.9303340355102312
0.9304845019562138
0.9306349684021964
0.9304845019562138
0.9306349684021964
0.930785434848179
0.9309359012941616
0.9310863677401442
0.9312368341861268
0.9313873006321094
0.931537767078092
0.9316882335240746
0.9318386999700572
0.9319891664160398
0.9321396328620224
0.932290099308005
0.9324405657539876
0.9325910321999702
0.9327414986459528
0.9328919650919354
0.933042431537918
0.9331928979839006
0.9333433644298832
0.9334938308758658
0.9336442973218484
0.933794763767831
0.9339452302138136
0.9340956966597962
0.9342461631057788
0.9343966295517614
0.934547095997744
0.9346975624437266
0.9348480288897092
0.9349984953356918
0.9351489617816744
0.935299428227657
0.9354498946736396
0.9356003611196222
0.9357508275656048
0.9359012940115874
0.93605176045757
0.9362022269035526
0.9363526933495352
0.9365031597955178
0.9366536262415004
0.936804092687483
0.9369545591334656
0.9371050255794482
0.9372554920254308
0.9374059584714134
0.937556424917396
0.9377068913633786
0.9378573578093612
0.9380078242553438
0.9381582907013264
0.938308757147309
0.9384592235932916
0.9386096900392742
0.9387601564852568
0.9389106229312394
0.939061089377222
0.9392115558232046
0.9393620222691872
0.9395124887151698
0.9396629551611524
0.939813421607135
0.9399638880531176
0.9401143544991002
0.9402648209450828
0.9404152873910654
0.940565753837048
0.9407162202830306
0.9408666867290132
0.9410171531749958
0.9411676196209784
0.941318086066961
0.9414685525129436
0.941318086066961
0.9414685525129436
0.9416190189589262
0.9417694854049088
0.9419199518508914
0.942070418296874
0.9422208847428566
0.9423713511888392
0.9425218176348218
0.9426722840808044
0.942822750526787
0.9429732169727696
0.9431236834187522
0.9432741498647348
0.9434246163107174
0.9435750827567
0.9437255492026826
0.9438760156486652
0.9440264820946478
0.9441769485406304
0.944327414986613
0.9444778814325956
0.9444778814325956
0.9446283478785782
0.9447788143245608
0.9449292807705434
0.945079747216526
0.9452302136625086
0.9453806801084912
0.9455311465544738
0.9456816130004564
0.945832079446439
0.9459825458924216
0.945832079446439
0.9459825458924216
0.9459825458924216
0.9461330123384042
0.9462834787843868
0.9464339452303694
0.946584411676352
0.9467348781223346
0.9468853445683172
0.9470358110142998
0.9471862774602824
0.947336743906265
0.9474872103522476
0.9476376767982302
0.9477881432442128
0.9479386096901954
0.948089076136178
0.9482395425821606
0.9483900090281432
0.9485404754741258
0.9486909419201084
0.948841408366091
0.9489918748120736
0.9491423412580562
0.9492928077040388
0.9494432741500214
0.949593740596004
0.9497442070419866
0.9498946734879692
0.9500451399339518
0.9501956063799344
0.950346072825917
0.9504965392718996
0.9506470057178822
0.9507974721638648
0.9509479386098474
0.95109840505583
0.9512488715018126
0.9513993379477952
0.9515498043937778
0.9517002708397604
0.951850737285743
0.9520012037317256
0.9521516701777082
0.9523021366236908
0.9524526030696734
0.952603069515656
0.9527535359616386
0.9529040024076212
0.9527535359616386
0.9529040024076212
0.9530544688536038
0.9532049352995864
0.953355401745569
0.9535058681915516
0.9536563346375342
0.9538068010835168
0.9536563346375342
0.9538068010835168
0.9539572675294994
0.954107733975482
0.9542582004214646
0.9544086668674472
0.9545591333134298
0.9547095997594124
0.954860066205395
0.9550105326513776
0.9551609990973602
0.9553114655433428
0.9554619319893254
0.955612398435308
0.9557628648812906
0.9559133313272732
0.9560637977732558
0.9562142642192384
0.956364730665221
0.9565151971112036
0.9566656635571862
0.9568161300031688
0.9569665964491514
0.957117062895134
0.9569665964491514
0.957117062895134
0.9569665964491514
0.957117062895134
0.9572675293411166
0.9574179957870992
0.9575684622330818
0.9577189286790644
0.957869395125047
0.9580198615710296
0.9581703280170122
0.9583207944629948
0.9584712609089774
0.95862172735496
0.9587721938009426
0.9589226602469252
0.9590731266929078
0.9592235931388904
0.959374059584873
0.9595245260308556
0.9596749924768382
0.9598254589228208
0.9599759253688034
0.960126391814786
0.9602768582607686
0.9602768582607686
0.9604273247067512
0.9605777911527338
0.9607282575987164
0.960878724044699
0.9610291904906816
0.9611796569366642
0.9613301233826468
0.9614805898286294
0.961631056274612
0.9617815227205946
0.9619319891665772
0.9620824556125598
0.9622329220585424
0.962383388504525
0.9625338549505076
0.9626843213964902
0.9628347878424728
0.9629852542884554
0.963135720734438
0.9632861871804206
0.9634366536264032
0.9635871200723858
0.9637375865183684
0.963888052964351
0.9640385194103336
0.9641889858563162
0.9643394523022988
0.9644899187482814
0.964640385194264
0.964640385194264
0.9647908516402466
0.9649413180862292
0.9650917845322118
0.9652422509781944
0.965392717424177
0.9655431838701596
0.9656936503161422
0.9658441167621248
0.9659945832081074
0.96614504965409
0.9662955161000726
0.9664459825460552
0.9665964489920378
0.9667469154380204
0.966897381884003
0.9670478483299856
0.9671983147759682
0.9673487812219508
0.9674992476679334
0.967649714113916
0.967649714113916
0.9678001805598986
0.9679506470058812
0.9681011134518638
0.9682515798978464
0.968402046343829
0.9685525127898116
0.9687029792357942
0.9688534456817768
0.9690039121277594
0.969154378573742
0.9693048450197246
0.9694553114657072
0.9696057779116898
0.9697562443576724
0.969906710803655
0.9700571772496376
0.9702076436956202
0.9703581101416028
0.9705085765875854
0.970659043033568
0.9708095094795506
0.9709599759255332
0.9711104423715158
0.9712609088174984
0.971411375263481
0.9715618417094636
0.9717123081554462
0.9718627746014288
0.9720132410474114
0.972163707493394
0.9723141739393766
0.9724646403853592
0.9726151068313418
0.9727655732773244
0.972916039723307
0.9730665061692896
0.9732169726152722
0.9733674390612548
0.9735179055072374
0.97366837195322
0.9738188383992026
0.9739693048451852
0.9741197712911678
0.9742702377371504
0.974420704183133
0.9745711706291156
0.9747216370750982
0.9748721035210808
0.9750225699670634
0.975173036413046
0.9753235028590286
0.9754739693050112
0.9756244357509938
0.9757749021969764
0.975925368642959
0.9760758350889416
0.9762263015349242
0.9763767679809068
0.9765272344268894
0.976677700872872
0.9768281673188546
0.9769786337648372
0.9771291002108198
0.9772795666568024
0.977430033102785
0.9775804995487676
0.9777309659947502
0.9778814324407328
0.9780318988867154
0.978182365332698
0.9783328317786806
0.9784832982246632
0.9786337646706458
0.9787842311166284
0.978934697562611
0.9790851640085936
0.9792356304545762
0.9793860969005588
0.9795365633465414
0.979687029792524
0.9798374962385066
0.9799879626844892
0.9801384291304718
0.9802888955764544
0.980439362022437
0.9805898284684196
0.9807402949144022
0.9808907613603848
0.9810412278063674
0.98119169425235
0.9813421606983326
0.9814926271443152
0.9816430935902978
0.9817935600362804
0.981944026482263
0.9820944929282456
0.9822449593742282
0.9823954258202108
0.9825458922661934
0.982696358712176
0.9828468251581586
0.9829972916041412
0.9831477580501238
0.9832982244961064
0.983448690942089
0.9835991573880716
0.9837496238340542
0.9839000902800368
0.9840505567260194
0.984201023172002
0.9843514896179846
0.9845019560639672
0.9846524225099498
0.9848028889559324
0.984953355401915
0.9851038218478976
0.9852542882938802
0.9854047547398628
0.9855552211858454
0.985705687631828
0.9858561540778106
0.9860066205237932
0.9861570869697758
0.9863075534157584
0.986458019861741
0.9866084863077236
0.9867589527537062
0.9869094191996888
0.9870598856456714
0.9870598856456714
0.987210352091654
0.9873608185376366
0.9875112849836192
0.9876617514296018
0.9878122178755844
0.987962684321567
0.9881131507675496
0.9882636172135322
0.9884140836595148
0.9885645501054974
0.98871501655148
0.9888654829974626
0.9890159494434452
0.9891664158894278
0.9893168823354104
0.989467348781393
0.9896178152273756
0.9897682816733582
0.9899187481193408
0.9900692145653234
0.990219681011306
0.9903701474572886
0.9905206139032712
0.9906710803492538
0.9908215467952364
0.990972013241219
0.9911224796872016
0.9912729461331842
0.9914234125791668
0.9915738790251494
0.991724345471132
0.9918748119171146
0.9920252783630972
0.9921757448090798
0.9923262112550624
0.992476677701045
0.9926271441470276
0.9927776105930102
0.9929280770389928
0.9930785434849754
0.993229009930958
0.9933794763769406
0.9935299428229232
0.9936804092689058
0.9938308757148884
0.993981342160871
0.9941318086068536
0.9942822750528362
0.9944327414988188
0.9945832079448014
0.994733674390784
0.9948841408367666
0.9950346072827492
0.9951850737287318
0.9953355401747144
0.995486006620697
0.9956364730666796
0.9957869395126622
0.9959374059586448
0.9960878724046274
0.9960878724046274
0.99623833885061
0.9963888052965926
0.9965392717425752
0.9966897381885578
0.9968402046345404
0.996990671080523
0.9971411375265056
0.9972916039724882
0.9974420704184708
0.9975925368644534
0.997743003310436
0.9978934697564186
0.9980439362024012
0.9981944026483838
0.9983448690943664
0.998495335540349
0.9986458019863316
0.9987962684323142
0.9989467348782968
0.9990972013242794
0.999247667770262
0.9993981342162446
0.9995486006622272
0.9996990671082098
0.9998495335541924
1.000000000000175
