0.28016852241949797
0.2786638579596725
0.27911525729762016
0.2792657237436027
0.2786638579596725
0.2786638579596725
0.27881432440565507
0.2792657237436027
0.27881432440565507
0.27881432440565507
0.27670779416189945
0.27746012639181217
0.2771591934998471
0.276858260607882
0.2771591934998471
0.2771591934998471
0.2765573277159169
0.2773096599458296
0.27700872705386453
0.2746012639181438
0.27339753235028347
0.273547998796266
0.2762563948239518
0.27700872705386453
0.2776105928377947
0.2776105928377947
0.2779115257297598
0.2786638579596725
0.27670779416189945
0.2746012639181438
0.2744507974721613
0.2741498645801962
0.27399939813421365
0.27369846524224856
0.2738489316882311
0.27369846524224856
0.27264520012037075
0.2744507974721613
0.27430033102617873
0.2741498645801962
0.27640686126993436
0.27610592837796927
0.27670779416189945
0.2771591934998471
0.27776105928377726
0.27851339151369
0.27836292506770743
0.2792657237436027
0.27911525729762016
0.28016852241949797
0.28016852241949797
0.28107132109539323
0.2816731868793234
0.2830273848931663
0.2825759855552187
0.2833283177851314
0.2833283177851314
0.28377971712307903
0.2827264520012012
0.2825759855552187
0.2827264520012012
0.28287691844718377
0.2830273848931663
0.28317785133914886
0.2827264520012012
0.2833283177851314
0.28347878423111394
0.28317785133914886
0.28182365332530596
0.2819741197712885
0.28242551910923613
0.28152272043334087
0.2825759855552187
0.28212458621727105
0.2819741197712885
0.2806199217574456
0.2798675895275329
0.2800180559735154
0.2798675895275329
0.27971712308155033
0.28317785133914886
0.28377971712307903
0.28377971712307903
0.2830273848931663
0.28377971712307903
0.28377971712307903
0.2852843815829045
0.2839301835690616
0.2840806500150441
0.285434848028887
0.287089978934695
0.28724044538067756
0.28754137827264264
0.2879927776105903
0.2881432440565728
0.28859464339452046
0.2879927776105903
0.2881432440565728
0.2881432440565728
0.28859464339452046
0.28859464339452046
0.28889557628648554
0.2884441769485379
0.28859464339452046
0.2873909118266601
0.28693951248871247
0.287089978934695
0.28829371050255537
0.28919650917845063
0.2893469756244332
0.28964790851639827
0.2894974420704157
0.29160397231417134
0.29190490520613643
0.290400240746311
0.2911525729762237
0.2914535058681888
0.2917544387601539
0.29190490520613643
0.292055371652119
0.292055371652119
0.29190490520613643
0.29235630454408407
0.2911525729762237
0.2911525729762237
0.29160397231417134
0.2911525729762237
0.2931086367739968
0.29401143544989206
0.29506470057176987
0.29566656635570004
0.2955160999097175
0.29536563346373496
0.29566656635570004
0.29461330123382223
0.2947637676798048
0.2935600361119444
0.29371050255792697
0.29461330123382223
0.29566656635570004
0.29596749924766513
0.2955160999097175
0.2965693650315953
0.29702076436954294
0.29732169726150803
0.2971712308155255
0.2982244959374033
0.2974721637074906
0.29732169726150803
0.2976226301534731
0.2985254288293684
0.29837496238338584
0.29837496238338584
0.2985254288293684
0.2985254288293684
0.29777309659945567
0.29732169726150803
0.29867589527535093
0.29807402949142076
0.29732169726150803
0.29807402949142076
0.29912729461329857
0.29942822750526366
0.30048149262714147
0.30048149262714147
0.30048149262714147
0.300631959073124
0.3009328919650891
0.3012338248570542
0.30138429130303673
0.30138429130303673
0.3036412879927749
0.3042431537767051
0.30454408666867017
0.3043936202226876
0.30514595245260034
0.30514595245260034
0.30544688534456543
0.30589828468251307
0.30650015046644324
0.3071020162503734
0.3069515498043909
0.3080048149262687
0.30815528137225123
0.30815528137225123
0.3083057478182338
0.30815528137225123
0.3074029491423385
0.3071020162503734
0.3057478182365305
0.3049954860066178
0.3043936202226876
0.30454408666867017
0.3042431537767051
0.3046945531146527
0.30349082154679236
0.30349082154679236
0.30349082154679236
0.3033403551008098
0.305597351790548
0.3049954860066178
0.30484501956063526
0.3049954860066178
0.3049954860066178
0.30514595245260034
0.30514595245260034
0.30544688534456543
0.3057478182365305
0.30619921757447816
0.3049954860066178
0.3052964188985829
0.3063496840204607
0.3063496840204607
0.3063496840204607
0.30650015046644324
0.3066506169124258
0.30680108335840833
0.3069515498043909
0.30755341558832106
0.3080048149262687
0.30860668071019887
0.3098104122780592
0.3101113451700243
0.3111646102919021
0.3110141438459196
0.3110141438459196
0.31131507673788467
0.31161600962984976
0.312518808305745
0.31266927475172757
0.31266927475172757
0.3138730063195879
0.31402347276557047
0.3137225398736054
0.3165814023472737
0.3171832681312039
0.31733373457718644
0.31763466746915153
0.317484201023169
0.31733373457718644
0.317484201023169
0.3179356003611166
0.31838699969906425
0.3179356003611166
0.3185374661450468
0.3195907312669246
0.31974119771290715
0.32004213060487224
0.32004213060487224
0.32034306349683733
0.3201925970508548
0.32034306349683733
0.32034306349683733
0.32079446283478497
0.32214866084862787
0.32350285886247077
0.32485705687631367
0.3247065904303311
0.3266626542281042
0.3280168522419471
0.3287691844718598
0.32756545290399947
0.33027384893168527
0.3304243153776678
0.33162804694552817
0.3314775804995456
0.3317785133915107
0.3317785133915107
0.33192897983749325
0.3331327114053536
0.3344869094191965
0.33493830875714414
0.33704483900089977
0.33704483900089977
0.3371953054468823
0.3382485705687601
0.33839903701474267
0.33734577189286485
0.3374962383388474
0.3388504363526903
0.33900090279867284
0.3394523021366205
0.339602768582603
0.34035510081251574
0.3399037014745681
0.3394523021366205
0.3394523021366205
0.339602768582603
0.339602768582603
0.34005416792055065
0.34035510081251574
0.34065603370448083
0.34035510081251574
0.34065603370448083
0.3409569665964459
0.3435148961781492
0.34381582907011426
0.34381582907011426
0.344568161300027
0.3435148961781492
0.3439662955160968
0.34441769485404444
0.34547095997592225
0.34652422509780006
0.34682515798976515
0.3469756244357477
0.3463737586518175
0.34742702377369533
0.3480288895576255
0.3483298224495906
0.34848028889557314
0.3489316882335208
0.34983448690941604
0.34953355401745095
0.35088775203129385
0.3526933493830844
0.3534456816129971
0.35329521516701456
0.35389708095094474
0.35525127896478764
0.3551008125188051
0.35555221185675273
0.35600361119470036
0.3561540776406829
0.35630454408666545
0.3572073427625607
0.3591634065603338
0.35961480589828143
0.36006620523622906
0.35961480589828143
0.359765272344264
0.3605176045741767
0.36096900391212433
0.36096900391212433
0.3612699368040894
0.3632260006018625
0.3638278663857927
0.36578393018356575
0.3662353295215134
0.36638579596749593
0.3665362624134785
0.36713812819740865
0.369996990671077
0.37014745711705954
0.3724044538067977
0.37180258802286753
0.3719530544688501
0.37225398736081516
0.3724044538067977
0.37451098405055333
0.37496238338850096
0.37631658140234386
0.37631658140234386
0.37661751429430895
0.3767679807402915
0.37691844718627404
0.3794763767679773
0.38098104122780274
0.383538970809506
0.38368943725548854
0.3845922359313838
0.38504363526933144
0.38609690039120925
0.3865482997291569
0.3876015648510347
0.3906108937706856
0.39121275955461576
0.39046042732470304
0.39181462533854594
0.39316882335238884
0.393770689136319
0.39452302136623174
0.39482395425819683
0.395425820042127
0.39693048450195245
0.397080950947935
0.39858561540776044
0.398736081853743
0.4005416792055335
0.40069214565151606
0.4017454107733939
0.4021968101113415
0.40234727655732405
0.40264820944928914
0.4027986758952717
0.4032500752332193
0.4038519410171495
0.40430334035509713
0.40475473969304476
0.40671080349081784
0.40671080349081784
0.4071622028287655
0.40671080349081784
0.4071622028287655
0.4082154679506433
0.4086668672885909
0.4092687330725211
0.410622931086364
0.410622931086364
0.41047246464038145
0.41107433042431163
0.4112247968702942
0.41107433042431163
0.4119771291002069
0.41393319289798
0.4140836593439625
0.41423412578994506
0.4143845922359276
0.41483599157387524
0.41619018958771814
0.41829671983147376
0.4184471862774563
0.41965091784531666
0.4201023171832643
0.42055371652121193
0.420854649413177
0.42100511585915956
0.42160698164308974
0.42266024676496755
0.4231116461029152
0.424164911224793
0.4252181763466708
0.42536864279265335
0.4261209750225661
0.42807703882033915
0.4285284381582868
0.4298826361721297
0.4309359012940075
0.4306349684020424
0.43138730063195513
0.43183869996990276
0.4325910321998155
0.4336442973216933
0.4339452302136584
0.43409569665964093
0.4342461631056235
0.4349984953355362
0.436051760457414
0.43680409268732673
0.4371050255792918
0.4374059584712569
0.437706891363222
0.4383087571471522
0.4384592235931347
0.441017153174838
0.4437255492025238
0.4452302136623492
0.44538068010833176
0.44568161300029685
0.4471862774601223
0.44733674390610484
0.44733674390610484
0.4477881432440525
0.44808907613601756
0.4482395425820001
0.44899187481191283
0.4503460728257557
0.4506470057177208
0.45245260306951135
0.45275353596147644
0.4526030695154939
0.4539572675293368
0.45380680108335425
0.45621426421907496
0.4566656635570226
0.4574179957869353
0.45756846223291786
0.4580198615708655
0.45786939512488295
0.4584712609088131
0.45892266024676076
0.45892266024676076
0.46027685826060366
0.4604273247065862
0.4604273247065862
0.461480589828464
0.46163105627444656
0.46268432139632437
0.4644899187481149
0.46479085164008
0.46569365031597526
0.46539271742401017
0.46764971411374834
0.4678001805597309
0.4678001805597309
0.4679506470057134
0.4682515798976785
0.4682515798976785
0.4685525127896436
0.4699067108034865
0.47035811014143414
0.47171230815527704
0.47246464038518976
0.47246464038518976
0.47351790550706757
0.475022569966893
0.47622630153475337
0.47682816731868355
0.4777309659945788
0.47818236533252645
0.47848329822449154
0.47848329822449154
0.47848329822449154
0.4790851640084217
0.48028889557628207
0.4820944929280726
0.48254589226602024
0.48329822449593296
0.4840505567258457
0.48495335540174095
0.4854047547396886
0.48630755341558385
0.486909419199514
0.4867589527535315
0.486909419199514
0.48736081853746166
0.4891664158892522
0.4899187481191649
0.4909720132410427
0.49142341257899036
0.4923262112548856
0.49277761059283326
0.49247667770086817
0.49247667770086817
0.49337947637676344
0.49443274149864125
0.4939813421606936
0.4945832079446238
0.49608787240444924
0.4963888052964143
0.49653927174239687
0.4966897381883794
0.49684020463436196
0.49684020463436196
0.49849533554016995
0.49954860066204776
0.4993981342160652
0.5004513993379431
0.5007523322299083
0.5013541980138387
0.5027083960276821
0.5030093289196473
0.5040625940415255
0.5043635269334907
0.5045139933794733
0.5054167920553689
0.5060186578392993
0.5054167920553689
0.5091784532049339
0.5097803189888643
0.5112849834486903
0.5120373156786033
0.5132410472464641
0.5135419801384293
0.5139933794763771
0.5133915136924467
0.5132410472464641
0.5127896479085163
0.5141438459223597
0.5148961781522727
0.5151971110442379
0.5162503761661161
0.5165513090580813
0.5164008426120987
0.5174541077339769
0.5174541077339769
0.5177550406259421
0.5203129702076463
0.5209148359915767
0.5210653024375593
0.5210653024375593
0.5210653024375593
0.5212157688835419
0.5222690340054201
0.5239241649112287
0.5246764971411417
0.5254288293710547
0.5261811616009677
0.5266325609389155
0.5269334938308807
0.5270839602768633
0.5284381582907067
0.5287390911826719
0.5303942220884805
0.5308456214264283
0.5318988865483065
0.5331026181161673
0.5338549503460803
0.5337044839000977
0.5344568161300107
0.5344568161300107
0.5347577490219759
0.5352091483599237
0.5352091483599237
0.5367138128197497
0.5376166114956453
0.5379175443876105
0.5386698766175235
0.5392717424014539
0.5395726752934191
0.5395726752934191
0.5400240746313669
0.5406259404152973
0.5424315377670885
0.5427324706590537
0.5431838699970015
0.5433343364429841
0.5442371351188797
0.5451399337947753
0.5455913331327231
0.5455913331327231
0.5458922660246883
0.5463436653626361
0.5487511284983577
0.5492025278363055
0.5495034607282707
0.5516099909720271
0.5517604574180097
0.5511585916340793
0.5517604574180097
0.5534155883238183
0.5558230514595399
0.5564249172434703
0.5567258501354355
0.5568763165814181
0.5571772494733833
0.5579295817032963
0.5586819139332093
0.5606379777309831
0.5622931086367917
0.5636473066506351
0.5651519711104611
0.5654529040024263
0.5657538368943915
0.5657538368943915
0.5677099006921653
0.5693650315979739
0.5699668973819043
0.5726752934095911
0.5731266927475389
0.5737285585314693
0.5738790249774519
0.5744808907613823
0.5777911525729995
0.5782425519109473
0.5804995486006863
0.5812518808305993
0.5818537466145297
0.5820042130605123
0.5823051459524775
0.5842612097502513
0.5847126090881991
0.5847126090881991
0.5860668071020425
0.5857658742100773
0.5862172735480251
0.5863677399940077
0.5890761360216945
0.5892266024676771
0.5899789346975901
0.5901294011435727
0.5908817333734857
0.5919349984953639
0.5928377971712595
0.5931387300632247
0.5943424616310855
0.5947938609690333
0.5958471260909115
0.5979536563346679
0.5982545892266331
0.5994583207944939
0.5996087872404765
0.5999097201324417
0.6009629852543199
0.6014143845922677
0.6023171832681633
0.6029190490520937
0.6039723141739719
0.6041227806199545
0.6045741799579023
0.6048751128498675
0.6057779115257631
0.6063797773096935
0.6066807102016587
0.6102919049052411
0.6111947035811367
0.6123984351489975
0.6143544989467713
0.6148058982847191
0.6155582305146321
0.6157086969606147
0.6167619620824929
0.6175142943124059
0.6188684923262493
0.6193198916641971
0.6199217574481275
0.6200722238941101
0.6203731567860753
0.6209750225700057
0.6221787541378665
0.6230815528137621
0.6236834185976925
0.6232320192597447
0.6233824857057273
0.6236834185976925
0.6239843514896577
0.6242852843816229
0.6250376166115359
0.6250376166115359
0.6259404152874315
0.6259404152874315
0.6265422810713619
0.6280469455311879
0.6298525428829791
0.6294011435450313
0.6297020764369965
0.6297020764369965
0.6313572073428051
0.6339151369245093
0.6342160698164745
0.6352693349383527
0.6357207342763005
0.6358712007222831
0.6366235329521961
0.6370749322901439
0.6375263316280917
0.6378272645200569
0.6387300631959525
0.6388805296419351
0.6388805296419351
0.6390309960879177
0.6399337947638133
0.6402347276557785
0.6411375263316741
0.6412879927776567
0.6414384592236393
0.6412879927776567
0.6420403250075697
0.6433945230214131
0.6436954559133783
0.6452001203732043
0.6452001203732043
0.6464038519410651
0.6480589828468737
0.6495636473066997
0.6500150466446475
0.6519711104424213
0.6537767077942125
0.6540776406861777
0.6543785735781429
0.6552813722540385
0.6558832380379689
0.6560337044839515
0.6561841709299341
0.6564851038218993
0.6578393018357427
0.6581402347277079
0.6590430334036035
0.6594944327415513
0.6616009629853077
0.6619018958772729
0.6622028287692381
0.6632560938911163
0.6643093590129945
0.6649112247969249
0.6652121576888901
0.6653626241348727
0.6650616912429075
0.6652121576888901
0.6655130905808553
0.6658140234728205
0.6670177550406813
0.6676196208246117
0.6686728859464899
0.6688233523924725
0.6701775504063159
0.6700270839603333
0.6718326813121245
0.6730364128799853
0.6736382786639157
0.6740896780018635
0.6742401444478461
0.6760457417996373
0.6760457417996373
0.6761962082456199
0.6763466746916025
0.6778513391514285
0.6775504062594633
0.6775504062594633
0.6775504062594633
0.6773999398134807
0.6775504062594633
0.6784532049353589
0.6787541378273241
0.6795064700572371
0.6793560036112545
0.6807102016250979
0.6811616009630457
0.6816130003009935
0.6817634667469761
0.6820643996389413
0.6825157989768891
0.6828167318688543
0.6835690640987673
0.6846223292206455
0.6847727956666281
0.6852241950045759
0.6853746614505585
0.6861269936804715
0.6865783930184193
0.6867288594644019
0.6870297923563671
0.6876316581402975
0.6877821245862801
0.6882335239242279
0.6882335239242279
0.6888353897081583
0.6889858561541409
0.6891363226001235
0.6895877219380713
0.6889858561541409
0.6901895877220017
0.6909419199519147
0.6918447186278103
0.6921456515197755
0.6942521817635319
0.6944026482095145
0.6945531146554971
0.6951549804394275
0.6957568462233579
0.6968101113452361
0.6968101113452361
0.6986157086970273
0.6992175744809577
0.6993680409269403
0.6999699067108707
0.7007222389407837
0.7011736382787315
0.7017755040626619
0.7023773698465923
0.7029792356305227
0.7031297020765053
0.7034306349684705
0.7037315678604357
0.7056876316582095
0.7062894974421399
0.7067408967800877
0.7070418296720529
0.7074932290100007
0.7083960276858963
0.7089978934698267
0.7086969605778615
0.7091483599158093
0.7099006921457223
0.7105025579296527
0.7114053566055483
0.7123081552814439
0.7124586217274265
0.7126090881734091
0.7132109539573395
0.7135118868493047
0.7141137526332351
0.7147156184171655
0.7147156184171655
0.7153174842010959
0.7154679506470785
0.7153174842010959
0.7157688835390437
0.7169726151069045
0.7171230815528871
0.7172735479988697
0.7174240144448523
0.7178754137828001
0.7181763466747653
0.7186277460127131
0.7189286789046783
0.7193800782426261
0.7195305446886087
0.7196810111345913
0.7195305446886087
0.7201324104725391
0.7204333433645043
0.7208847427024521
0.7213361420403999
0.7217875413783477
0.7216370749323651
0.7217875413783477
0.7219380078243303
0.7222389407162955
0.7226903400542433
0.7229912729462085
0.7232922058381737
0.7238940716221041
0.7252482696359475
0.7261510683118431
0.7273547998797039
0.7284080650015821
0.7288594643395299
0.7291603972314951
0.7294613301234603
0.7296117965694429
0.7296117965694429
0.7302136623533733
0.7303641287993559
0.7311164610292689
0.7318687932591819
0.7338248570569557
0.7347276557328513
0.7348781221788339
0.7356304544087469
0.7357809208547295
0.7359313873007121
0.7366837195306251
0.7369846524225903
0.7371351188685729
0.7386397833283989
0.7392416491123293
0.7393921155583119
0.7414986458020683
0.7421005115859987
0.7431537767078769
0.7433042431538595
0.7434547095998421
0.7439061089377899
0.7440565753837725
0.7442070418297551
0.7443575082757377
0.7454107733976159
0.7458621727355637
0.7460126391815463
0.7461631056275289
0.7460126391815463
0.74796870297932
0.7481191694253027
0.7484201023172679
0.7488715016552157
0.7496238338851287
0.7499247667770939
0.750978031898972
0.7520312970208503
0.7521817634668329
0.7521817634668329
0.7526331628047807
0.7529340956967459
0.7530845621427285
0.7536864279266589
0.7542882937105893
0.7545892266025545
0.754739693048537
0.7557929581704153
0.7568462232922935
0.7572976226302413
0.7574480890762239
0.7588022870900673
0.7594041528739977
0.760758350887841
0.7609088173338237
0.7613602166717715
0.7616611495637367
0.7619620824557019
0.7627144146856148
0.7628648811315974
0.7631658140235626
0.7640686126994582
0.764520012037406
0.7649714113753538
0.7651218778213364
0.7651218778213364
0.7654228107133016
0.7657237436052668
0.766024676497232
0.7661751429432146
0.7664760758351798
0.7676798074030406
0.768281673186971
0.7687330725249188
0.769034005416884
0.769034005416884
0.769786337646797
0.7700872705387622
0.77053866987671
0.7706891363226926
0.7709900692146578
0.7711405356606404
0.7736984652423446
0.7741498645802924
0.7749021968102054
0.7752031297021706
0.776557327716014
0.7768582606079792
0.7771591934999444
0.7776105928378922
0.77806199217584
0.7782124586218226
0.7783629250678052
0.778814324405753
0.7791152572977182
0.7792657237437008
0.7794161901896834
0.7798675895276312
0.7807703882035268
0.781071321095492
0.7813722539874572
0.7815227204334398
0.7822750526633528
0.7827264520013006
0.7827264520013006
0.7834787842312136
0.7845320493530918
0.7854348480289874
0.7857357809209526
0.7860367138129178
0.7866385795968482
0.7873909118267612
0.7875413782727438
0.7876918447187264
0.7879927776106916
0.7882937105026568
0.7887451098406046
0.7896479085165002
0.7899488414084654
0.7905507071923958
0.790851640084361
0.7910021065303436
0.791603972314274
0.7928077038821348
0.7932591032200826
0.7934095696660652
0.7935600361120478
0.7941619018959782
0.794613301233926
0.7949142341258912
0.7959674992477694
0.7962684321397346
0.797622630153578
0.7977730965995606
0.7980740294915258
0.7982244959375084
0.7986758952754562
0.799127294613404
0.7997291603973344
0.799879626843317
0.8000300932892996
0.8003310261812648
0.8009328919651952
0.8018356906410908
0.8018356906410908
0.8025880228710038
0.8027384893169864
0.802888955762969
0.8031898886549342
0.8039422208848472
0.804393620222795
0.8046945531147602
0.8060487511286036
0.806650616912534
0.8068010833585166
0.807402949142447
0.8078543484803948
0.8080048149263774
0.8083057478183426
0.8083057478183426
0.808907613602273
0.8093590129402208
0.8099608787241512
0.8117664760759424
0.8117664760759424
0.8116160096299598
0.8117664760759424
0.8116160096299598
0.8131206740897858
0.8146253385496118
0.8152272043335422
0.8158290701174726
0.8173337345772986
0.817935600361229
0.8185374661451594
0.8188383990371246
0.8191393319290898
0.8192897983750724
0.8212458621728462
0.8213963286188288
0.8219981944027592
0.8221486608487418
0.8222991272947244
0.8227505266326722
0.8230514595246374
0.8238037917545504
0.8241047246465156
0.8248570568764286
0.8250075233224112
0.8253084562143764
0.825458922660359
0.8259103219983068
0.8265121877822372
0.8272645200121502
0.8278663857960806
0.8278663857960806
0.8281673186880458
0.8283177851340284
0.8290701173639414
0.8295215167018892
0.829972916039837
0.8308757147157326
0.8332831778514542
0.8335841107434194
0.8338850436353846
0.8346373758652976
0.8347878423112802
0.8353897080952106
0.8358411074331584
0.835991573879141
0.8361420403251236
0.8365934396630714
0.836743906109054
0.8379476376769148
0.8380981041228974
0.839000902798793
0.8393018356907582
0.8417092988264798
0.8423111646104102
0.8426120975023754
0.8430634968403232
0.8432139632863058
0.8432139632863058
0.8433644297322884
0.8436653626242536
0.8439662955162188
0.8441167619622014
0.8448690941921144
0.8456214264220274
0.8462232922059578
0.8468251579898882
0.8471260908818534
0.8478784231117664
0.8481793560037316
0.848781221787662
0.8492326211256098
0.8493830875715924
0.8496840204635576
0.8499849533555228
0.8499849533555228
0.8505868191394532
0.8508877520314184
0.8513391513693662
0.8513391513693662
0.8514896178153488
0.8523924164912444
0.8531447487211574
0.85329521516714
0.8534456816131226
0.8535961480591052
0.8538970809510704
0.8541980138430356
0.8543484802890182
0.8544989467350008
0.8546494131809834
0.8549503460729486
0.854799879626966
0.8558531447488442
0.8561540776408094
0.857056876316705
0.8576587421006354
0.8581101414385832
0.8581101414385832
0.8584110743305484
0.8605176045743048
0.8606680710202874
0.86081853746627
0.8611194703582352
0.8612699368042178
0.8614204032502004
0.8620222690341308
0.862323201926096
0.8624736683720786
0.8627746012640438
0.8632260006019916
0.8639783328319046
0.8639783328319046
0.8642792657238698
0.8644297321698524
0.864580198615835
0.8647306650618176
0.8648811315078002
0.8656334637377132
0.8663857959676262
0.8665362624136088
0.8677399939814696
0.8678904604274522
0.8680409268734348
0.8699969906712086
0.8702979235631738
0.8704483900091564
0.870598856455139
0.8707493229011216
0.871351188685052
0.8715016551310346
0.872103520914965
0.872855853144878
0.8731567860368432
0.8737586518207736
0.8739091182667562
0.8742100511587214
0.8748119169426518
0.875112849834617
0.8755642491725648
0.8757147156185474
0.87586518206453
0.8763165814024778
0.876617514294443
0.8767679807404256
0.877369846524356
0.8779717123082864
0.878122178754269
0.8790249774301646
0.8791754438761472
0.8790249774301646
0.8794763767681124
0.879626843214095
0.8799277761060602
0.8805296418899906
0.8808305747819558
0.8817333734578514
0.881883839903834
0.881883839903834
0.8824857056877644
0.8823352392417818
0.8824857056877644
0.8827866385797296
0.8836894372556252
0.8838399037016078
0.8842913030395556
0.8857959674993816
0.8859464339453642
0.886397833283312
0.8866987661752772
0.8868492326212598
0.887150165513225
0.887902497743138
0.888654829973051
0.8888052964190336
0.8891062293109988
0.8898585615409118
0.8903099608788596
0.8907613602168074
0.89091182666279
0.8910622931087726
0.8913632260007378
0.8921155582306508
0.8925669575685986
0.893168823352529
0.8933192897985116
0.8934697562444942
0.893921155582442
0.8940716220284246
0.8943725549203898
0.8945230213663724
0.894673487812355
0.8948239542583376
0.894673487812355
0.8948239542583376
0.8949744207043202
0.8952753535962854
0.8957267529342332
0.8963286187181636
0.8966295516101288
0.8967800180561114
0.8970809509480766
0.8972314173940592
0.8973818838400418
0.897682816732007
0.8985856154079026
0.8988865482998678
0.8990370147458504
0.899187481191833
0.8993379476378156
0.8997893469757634
0.9002407463137112
0.9003912127596938
0.9009930785436242
0.9011435449896068
0.9012940114355894
0.901444477881572
0.9015949443275546
0.9017454107735372
0.9018958772195198
0.902196810111485
0.9023472765574676
0.9024977430034502
0.9026482094494328
0.902949142341398
0.9035510081253284
0.903701474571311
0.9038519410172936
0.9041528739092588
0.9043033403552414
0.904453806801224
0.9046042732472066
0.9047547396931892
0.9061089377070326
0.9064098705989978
0.9065603370449804
0.9071622028289108
0.907463135720876
0.9083659343967716
0.908967800180702
0.9091182666266846
0.9092687330726672
0.9094191995186498
0.9095696659646324
0.909720132410615
0.9100210653025802
0.910472464640528
0.9106229310865106
0.9107733975324932
0.9110743304244584
0.9113752633164236
0.9115257297624062
0.9113752633164236
0.9118266626543714
0.912729461330267
0.9128799277762496
0.9131808606682148
0.9133313271141974
0.9136322600061626
0.9137827264521452
0.9139331928981278
0.914234125790093
0.9145350586820582
0.9148359915740234
0.914986458020006
0.9152873909119712
0.9154378573579538
0.9158892566959016
0.9170929882637624
0.917243454709745
0.9175443876017102
0.917995786939658
0.9181462533856406
0.918748119169571
0.9188985856155536
0.9190490520615362
0.9188985856155536
0.9193499849535014
0.920252783629397
0.920252783629397
0.9205537165213622
0.9211555823052926
0.9214565151972578
0.9216069816432404
0.9222088474271708
0.9231116461030664
0.9235630454410142
0.9238639783329794
0.924014444778962
0.9241649112249446
0.9250677099008402
0.9252181763468228
0.9258200421307532
0.9259705085767358
0.9261209750227184
0.927023773698614
0.9271742401445966
0.9274751730365618
0.9276256394825444
0.927776105928527
0.9279265723745096
0.9280770388204922
0.9286789046044226
0.9291303039423704
0.930033102618266
0.9303340355102312
0.9304845019562138
0.9312368341861268
0.931537767078092
0.9318386999700572
0.9319891664160398
0.932290099308005
0.9325910321999702
0.9327414986459528
0.9328919650919354
0.9331928979839006
0.9334938308758658
0.9340956966597962
0.9342461631057788
0.9348480288897092
0.9356003611196222
0.9357508275656048
0.9362022269035526
0.9363526933495352
0.9365031597955178
0.9363526933495352
0.9366536262415004
0.9371050255794482
0.9372554920254308
0.9374059584714134
0.9378573578093612
0.9380078242553438
0.9389106229312394
0.939061089377222
0.9393620222691872
0.9396629551611524
0.939813421607135
0.9402648209450828
0.940565753837048
0.9407162202830306
0.9408666867290132
0.9410171531749958
0.941318086066961
0.9414685525129436
0.9416190189589262
0.9417694854049088
0.9419199518508914
0.942070418296874
0.9422208847428566
0.9423713511888392
0.942822750526787
0.9431236834187522
0.9432741498647348
0.9435750827567
0.9437255492026826
0.9440264820946478
0.9441769485406304
0.944327414986613
0.9447788143245608
0.9449292807705434
0.945079747216526
0.9452302136625086
0.9453806801084912
0.945832079446439
0.9459825458924216
0.9467348781223346
0.947336743906265
0.9474872103522476
0.9477881432442128
0.948089076136178
0.9482395425821606
0.9483900090281432
0.9492928077040388
0.9494432741500214
0.9497442070419866
0.9500451399339518
0.9501956063799344
0.950346072825917
0.9506470057178822
0.9509479386098474
0.95109840505583
0.9512488715018126
0.9515498043937778
0.9517002708397604
0.951850737285743
0.9520012037317256
0.9521516701777082
0.9523021366236908
0.9527535359616386
0.9529040024076212
0.9530544688536038
0.9536563346375342
0.9539572675294994
0.954107733975482
0.9544086668674472
0.9545591333134298
0.9545591333134298
0.954860066205395
0.9550105326513776
0.9553114655433428
0.9554619319893254
0.955612398435308
0.9560637977732558
0.956364730665221
0.9565151971112036
0.9569665964491514
0.957117062895134
0.9572675293411166
0.9574179957870992
0.9575684622330818
0.9577189286790644
0.9581703280170122
0.9584712609089774
0.9587721938009426
0.9590731266929078
0.9590731266929078
0.959374059584873
0.9595245260308556
0.9596749924768382
0.9596749924768382
0.9599759253688034
0.960126391814786
0.9602768582607686
0.9605777911527338
0.9607282575987164
0.960878724044699
0.9610291904906816
0.9613301233826468
0.961631056274612
0.9620824556125598
0.9622329220585424
0.962383388504525
0.9625338549505076
0.9626843213964902
0.9628347878424728
0.9629852542884554
0.9632861871804206
0.9634366536264032
0.9637375865183684
0.963888052964351
0.9640385194103336
0.9644899187482814
0.9649413180862292
0.9650917845322118
0.9652422509781944
0.965392717424177
0.9655431838701596
0.9655431838701596
0.9656936503161422
0.9658441167621248
0.9659945832081074
0.96614504965409
0.9662955161000726
0.9665964489920378
0.9670478483299856
0.9671983147759682
0.9673487812219508
0.967649714113916
0.9678001805598986
0.9679506470058812
0.9681011134518638
0.968402046343829
0.9685525127898116
0.9685525127898116
0.9688534456817768
0.9690039121277594
0.9694553114657072
0.9696057779116898
0.9697562443576724
0.969906710803655
0.9700571772496376
0.9702076436956202
0.9703581101416028
0.9705085765875854
0.970659043033568
0.9708095094795506
0.9709599759255332
0.9708095094795506
0.9711104423715158
0.9715618417094636
0.9717123081554462
0.9718627746014288
0.972163707493394
0.9726151068313418
0.9727655732773244
0.972916039723307
0.9730665061692896
0.9732169726152722
0.9735179055072374
0.97366837195322
0.9738188383992026
0.9741197712911678
0.974420704183133
0.9745711706291156
0.9747216370750982
0.9750225699670634
0.975173036413046
0.9753235028590286
0.9754739693050112
0.9756244357509938
0.9757749021969764
0.975925368642959
0.9760758350889416
0.9762263015349242
0.9765272344268894
0.9768281673188546
0.9771291002108198
0.9772795666568024
0.977430033102785
0.9775804995487676
0.9777309659947502
0.9778814324407328
0.9780318988867154
0.978182365332698
0.9783328317786806
0.9784832982246632
0.9786337646706458
0.9787842311166284
0.978934697562611
0.9792356304545762
0.9793860969005588
0.9795365633465414
0.979687029792524
0.9798374962385066
0.9799879626844892
0.9801384291304718
0.9802888955764544
0.980439362022437
0.9807402949144022
0.9808907613603848
0.9810412278063674
0.98119169425235
0.9813421606983326
0.9814926271443152
0.9817935600362804
0.981944026482263
0.9820944929282456
0.9822449593742282
0.9823954258202108
0.982696358712176
0.9828468251581586
0.9829972916041412
0.9831477580501238
0.9832982244961064
0.983448690942089
0.9835991573880716
0.9837496238340542
0.9840505567260194
0.984201023172002
0.9843514896179846
0.9845019560639672
0.984953355401915
0.9851038218478976
0.9852542882938802
0.9854047547398628
0.9855552211858454
0.985705687631828
0.9860066205237932
0.9861570869697758
0.9863075534157584
0.986458019861741
0.9866084863077236
0.9867589527537062
0.9870598856456714
0.987210352091654
0.9873608185376366
0.9875112849836192
0.9876617514296018
0.9878122178755844
0.987962684321567
0.9881131507675496
0.9882636172135322
0.9884140836595148
0.9885645501054974
0.98871501655148
0.9885645501054974
0.98871501655148
0.9888654829974626
0.9890159494434452
0.9891664158894278
0.9893168823354104
0.989467348781393
0.9897682816733582
0.9899187481193408
0.9900692145653234
0.990219681011306
0.9903701474572886
0.9905206139032712
0.9906710803492538
0.9908215467952364
0.990972013241219
0.9911224796872016
0.9912729461331842
0.9914234125791668
0.9915738790251494
0.991724345471132
0.9918748119171146
0.9920252783630972
0.9921757448090798
0.9923262112550624
0.992476677701045
0.9926271441470276
0.9927776105930102
0.9929280770389928
0.9930785434849754
0.993229009930958
0.9933794763769406
0.9935299428229232
0.9936804092689058
0.9938308757148884
0.993981342160871
0.9941318086068536
0.9942822750528362
0.9944327414988188
0.9945832079448014
0.994733674390784
0.9948841408367666
0.9950346072827492
0.9951850737287318
0.9953355401747144
0.995486006620697
0.9956364730666796
0.9957869395126622
0.9959374059586448
0.9960878724046274
0.99623833885061
0.9963888052965926
0.9965392717425752
0.9966897381885578
0.996990671080523
0.9971411375265056
0.9972916039724882
0.9974420704184708
0.9975925368644534
0.997743003310436
0.9978934697564186
0.9980439362024012
0.9981944026483838
0.9983448690943664
0.998495335540349
0.9986458019863316
0.9987962684323142
0.9989467348782968
0.9990972013242794
0.999247667770262
0.9993981342162446
0.9995486006622272
0.9996990671082098
0.9998495335541924
1.000000000000175
