0.2486865148861646
0.2491243432574431
0.24956217162872155
0.25
0.2504378283712785
0.2508756567425569
0.2513134851138354
0.2517513134851138
0.2521891418563923
0.2526269702276708
0.2530647985989492
0.2535026269702277
0.2539404553415061
0.2543782837127846
0.2548161120840631
0.2552539404553415
0.25569176882662
0.2561295971978984
0.2565674255691769
0.2570052539404553
0.2574430823117338
0.2578809106830123
0.2583187390542907
0.2587565674255692
0.2591943957968476
0.2596322241681261
0.2600700525394046
0.260507880910683
0.2609457092819615
0.2613835376532399
0.2618213660245184
0.26225919439579687
0.2626970227670753
0.2631348511383538
0.2635726795096322
0.2640105078809107
0.26444833625218916
0.2648861646234676
0.26532399299474607
0.2657618213660245
0.266199649737303
0.26663747810858146
0.2670753064798599
0.26751313485113837
0.2679509632224168
0.2683887915936953
0.26882661996497376
0.2692644483362522
0.26970227670753066
0.2701401050788091
0.27057793345008757
0.271015761821366
0.2714535901926445
0.27189141856392296
0.2723292469352014
0.27276707530647987
0.2732049036777583
0.2736427320490368
0.27408056042031526
0.2745183887915937
0.27495621716287216
0.2753940455341506
0.27583187390542907
0.27626970227670755
0.276707530647986
0.27714535901926446
0.2775831873905429
0.27802101576182137
0.27845884413309985
0.2788966725043783
0.27933450087565675
0.2797723292469352
0.28021015761821366
0.28064798598949214
0.28108581436077057
0.28152364273204905
0.2819614711033275
0.28239929947460596
0.28283712784588444
0.28327495621716287
0.28371278458844135
0.2841506129597198
0.28458844133099825
0.2850262697022767
0.28546409807355516
0.28590192644483364
0.28633975481611207
0.28677758318739055
0.287215411558669
0.28765323992994746
0.28809106830122594
0.28852889667250436
0.28896672504378285
0.28940455341506127
0.28984238178633975
0.29028021015761823
0.29071803852889666
0.29115586690017514
0.29159369527145357
0.29203152364273205
0.29246935201401053
0.29290718038528896
0.29334500875656744
0.29378283712784586
0.29422066549912435
0.2946584938704028
0.29509632224168125
0.29553415061295973
0.29597197898423816
0.29640980735551664
0.2968476357267951
0.29728546409807355
0.29772329246935203
0.29816112084063046
0.29859894921190894
0.29903677758318736
0.29947460595446584
0.2999124343257443
0.30035026269702275
0.30078809106830123
0.30122591943957966
0.30166374781085814
0.3021015761821366
0.30253940455341505
0.30297723292469353
0.30341506129597196
0.30385288966725044
0.3042907180385289
0.30472854640980734
0.3051663747810858
0.30560420315236425
0.30604203152364273
0.3064798598949212
0.30691768826619964
0.3073555166374781
0.30779334500875655
0.30823117338003503
0.3086690017513135
0.30910683012259194
0.3095446584938704
0.30998248686514884
0.3104203152364273
0.3108581436077058
0.31129597197898423
0.3117338003502627
0.31217162872154114
0.3126094570928196
0.31304728546409805
0.3134851138353765
0.313922942206655
0.31436077057793343
0.3147985989492119
0.31523642732049034
0.3156742556917688
0.3161120840630473
0.31654991243432573
0.3169877408056042
0.31742556917688264
0.3178633975481611
0.3183012259194396
0.318739054290718
0.3191768826619965
0.31961471103327493
0.3200525394045534
0.3204903677758319
0.3209281961471103
0.3213660245183888
0.32180385288966723
0.3222416812609457
0.3226795096322242
0.3231173380035026
0.3235551663747811
0.3239929947460595
0.324430823117338
0.3248686514886165
0.3253064798598949
0.3257443082311734
0.3261821366024518
0.3266199649737303
0.32705779334500873
0.3274956217162872
0.3279334500875657
0.3283712784588441
0.3288091068301226
0.329246935201401
0.3296847635726795
0.330122591943958
0.3305604203152364
0.3309982486865149
0.3314360770577933
0.3318739054290718
0.3323117338003503
0.3327495621716287
0.3331873905429072
0.3336252189141856
0.3340630472854641
0.3345008756567426
0.334938704028021
0.3353765323992995
0.3358143607705779
0.3362521891418564
0.3366900175131349
0.3371278458844133
0.3375656742556918
0.3380035026269702
0.3384413309982487
0.33887915936952717
0.3393169877408056
0.3397548161120841
0.3401926444833625
0.340630472854641
0.3410683012259194
0.3415061295971979
0.3419439579684764
0.3423817863397548
0.3428196147110333
0.3432574430823117
0.3436952714535902
0.34413309982486867
0.3445709281961471
0.3450087565674256
0.345446584938704
0.3458844133099825
0.34632224168126097
0.3467600700525394
0.3471978984238179
0.3476357267950963
0.3480735551663748
0.34851138353765326
0.3489492119089317
0.34938704028021017
0.3498248686514886
0.3502626970227671
0.35070052539404556
0.351138353765324
0.35157618213660247
0.3520140105078809
0.3524518388791594
0.35288966725043786
0.3533274956217163
0.35376532399299476
0.3542031523642732
0.35464098073555167
0.3550788091068301
0.3555166374781086
0.35595446584938706
0.3563922942206655
0.35683012259194397
0.3572679509632224
0.3577057793345009
0.35814360770577935
0.3585814360770578
0.35901926444833626
0.3594570928196147
0.35989492119089317
0.36033274956217165
0.3607705779334501
0.36120840630472856
0.361646234676007
0.36208406304728546
0.36252189141856395
0.36295971978984237
0.36339754816112085
0.3638353765323993
0.36427320490367776
0.36471103327495624
0.36514886164623467
0.36558669001751315
0.3660245183887916
0.36646234676007006
0.36690017513134854
0.36733800350262696
0.36777583187390545
0.36821366024518387
0.36865148861646235
0.3690893169877408
0.36952714535901926
0.36996497373029774
0.37040280210157617
0.37084063047285465
0.3712784588441331
0.37171628721541156
0.37215411558669004
0.37259194395796846
0.37302977232924694
0.37346760070052537
0.37390542907180385
0.37434325744308233
0.37478108581436076
0.37521891418563924
0.37565674255691767
0.37609457092819615
0.37653239929947463
0.37697022767075306
0.37740805604203154
0.37784588441330996
0.37828371278458844
0.3787215411558669
0.37915936952714535
0.37959719789842383
0.38003502626970226
0.38047285464098074
0.3809106830122592
0.38134851138353765
0.38178633975481613
0.38222416812609455
0.38266199649737304
0.38309982486865146
0.38353765323992994
0.3839754816112084
0.38441330998248685
0.38485113835376533
0.38528896672504376
0.38572679509632224
0.3861646234676007
0.38660245183887915
0.38704028021015763
0.38747810858143605
0.38791593695271454
0.388353765323993
0.38879159369527144
0.3892294220665499
0.38966725043782835
0.39010507880910683
0.3905429071803853
0.39098073555166374
0.3914185639229422
0.39185639229422065
0.3922942206654991
0.3927320490367776
0.39316987740805603
0.3936077057793345
0.39404553415061294
0.3944833625218914
0.3949211908931699
0.39535901926444833
0.3957968476357268
0.39623467600700524
0.3966725043782837
0.39711033274956214
0.3975481611208406
0.3979859894921191
0.39842381786339753
0.398861646234676
0.39929947460595444
0.3997373029772329
0.4001751313485114
0.40061295971978983
0.4010507880910683
0.40148861646234674
0.4019264448336252
0.4023642732049037
0.4028021015761821
0.4032399299474606
0.40367775831873903
0.4041155866900175
0.404553415061296
0.4049912434325744
0.4054290718038529
0.40586690017513133
0.4063047285464098
0.4067425569176883
0.4071803852889667
0.4076182136602452
0.4080560420315236
0.4084938704028021
0.4089316987740806
0.409369527145359
0.4098073555166375
0.4102451838879159
0.4106830122591944
0.41112084063047283
0.4115586690017513
0.4119964973730298
0.4124343257443082
0.4128721541155867
0.4133099824868651
0.4137478108581436
0.4141856392294221
0.4146234676007005
0.415061295971979
0.4154991243432574
0.4159369527145359
0.4163747810858144
0.4168126094570928
0.4172504378283713
0.4176882661996497
0.4181260945709282
0.4185639229422067
0.4190017513134851
0.4194395796847636
0.419877408056042
0.4203152364273205
0.420753064798599
0.4211908931698774
0.4216287215411559
0.4220665499124343
0.4225043782837128
0.42294220665499127
0.4233800350262697
0.4238178633975482
0.4242556917688266
0.4246935201401051
0.4251313485113835
0.425569176882662
0.4260070052539405
0.4264448336252189
0.4268826619964974
0.4273204903677758
0.4277583187390543
0.42819614711033277
0.4286339754816112
0.4290718038528897
0.4295096322241681
0.4299474605954466
0.43038528896672507
0.4308231173380035
0.431260945709282
0.4316987740805604
0.4321366024518389
0.43257443082311736
0.4330122591943958
0.43345008756567427
0.4338879159369527
0.4343257443082312
0.43476357267950966
0.4352014010507881
0.43563922942206657
0.436077057793345
0.4365148861646235
0.43695271453590195
0.4373905429071804
0.43782837127845886
0.4382661996497373
0.43870402802101577
0.4391418563922942
0.4395796847635727
0.44001751313485116
0.4404553415061296
0.44089316987740806
0.4413309982486865
0.44176882661996497
0.44220665499124345
0.4426444833625219
0.44308231173380036
0.4435201401050788
0.44395796847635727
0.44439579684763575
0.4448336252189142
0.44527145359019266
0.4457092819614711
0.44614711033274956
0.44658493870402804
0.44702276707530647
0.44746059544658495
0.4478984238178634
0.44833625218914186
0.44877408056042034
0.44921190893169877
0.44964973730297725
0.4500875656742557
0.45052539404553416
0.45096322241681264
0.45140105078809106
0.45183887915936954
0.45227670753064797
0.45271453590192645
0.4531523642732049
0.45359019264448336
0.45402802101576184
0.45446584938704027
0.45490367775831875
0.4553415061295972
0.45577933450087565
0.45621716287215414
0.45665499124343256
0.45709281961471104
0.45753064798598947
0.45796847635726795
0.45840630472854643
0.45884413309982486
0.45928196147110334
0.45971978984238177
0.46015761821366025
0.46059544658493873
0.46103327495621715
0.46147110332749564
0.46190893169877406
0.46234676007005254
0.462784588441331
0.46322241681260945
0.46366024518388793
0.46409807355516636
0.46453590192644484
0.4649737302977233
0.46541155866900175
0.4658493870402802
0.46628721541155865
0.46672504378283713
0.46716287215411556
0.46760070052539404
0.4680385288966725
0.46847635726795095
0.46891418563922943
0.46935201401050786
0.46978984238178634
0.4702276707530648
0.47066549912434325
0.4711033274956217
0.47154115586690015
0.47197898423817863
0.4724168126094571
0.47285464098073554
0.473292469352014
0.47373029772329245
0.47416812609457093
0.4746059544658494
0.47504378283712784
0.4754816112084063
0.47591943957968474
0.4763572679509632
0.4767950963222417
0.47723292469352013
0.4776707530647986
0.47810858143607704
0.4785464098073555
0.478984238178634
0.47942206654991243
0.4798598949211909
0.48029772329246934
0.4807355516637478
0.48117338003502624
0.4816112084063047
0.4820490367775832
0.48248686514886163
0.4829246935201401
0.48336252189141854
0.483800350262697
0.4842381786339755
0.48467600700525393
0.4851138353765324
0.48555166374781084
0.4859894921190893
0.4864273204903678
0.4868651488616462
0.4873029772329247
0.48774080560420313
0.4881786339754816
0.4886164623467601
0.4890542907180385
0.489492119089317
0.4899299474605954
0.4903677758318739
0.4908056042031524
0.4912434325744308
0.4916812609457093
0.4921190893169877
0.4925569176882662
0.4929947460595447
0.4934325744308231
0.4938704028021016
0.49430823117338
0.4947460595446585
0.4951838879159369
0.4956217162872154
0.4960595446584939
0.4964973730297723
0.4969352014010508
0.4973730297723292
0.4978108581436077
0.4982486865148862
0.4986865148861646
0.4991243432574431
0.4995621716287215
0.5
0.5004378283712785
0.500875656742557
0.5013134851138353
0.5017513134851138
0.5021891418563923
0.5026269702276708
0.5030647985989493
0.5035026269702276
0.5039404553415061
0.5043782837127846
0.5048161120840631
0.5052539404553416
0.5056917688266199
0.5061295971978984
0.5065674255691769
0.5070052539404554
0.5074430823117339
0.5078809106830122
0.5083187390542907
0.5087565674255692
0.5091943957968477
0.5096322241681261
0.5100700525394045
0.510507880910683
0.5109457092819615
0.51138353765324
0.5118213660245184
0.5122591943957968
0.5126970227670753
0.5131348511383538
0.5135726795096323
0.5140105078809106
0.5144483362521891
0.5148861646234676
0.5153239929947461
0.5157618213660246
0.5161996497373029
0.5166374781085814
0.5170753064798599
0.5175131348511384
0.5179509632224168
0.5183887915936952
0.5188266199649737
0.5192644483362522
0.5197022767075307
0.5201401050788091
0.5205779334500875
0.521015761821366
0.5214535901926445
0.521891418563923
0.5223292469352014
0.5227670753064798
0.5232049036777583
0.5236427320490368
0.5240805604203153
0.5245183887915937
0.5249562171628721
0.5253940455341506
0.5258318739054291
0.5262697022767076
0.526707530647986
0.5271453590192644
0.5275831873905429
0.5280210157618214
0.5284588441330998
0.5288966725043783
0.5293345008756567
0.5297723292469352
0.5302101576182137
0.5306479859894921
0.5310858143607706
0.531523642732049
0.5319614711033275
0.532399299474606
0.5328371278458844
0.5332749562171629
0.5337127845884413
0.5341506129597198
0.5345884413309983
0.5350262697022767
0.5354640980735552
0.5359019264448336
0.5363397548161121
0.5367775831873906
0.537215411558669
0.5376532399299475
0.5380910683012259
0.5385288966725044
0.5389667250437828
0.5394045534150613
0.5398423817863398
0.5402802101576182
0.5407180385288967
0.5411558669001751
0.5415936952714536
0.542031523642732
0.5424693520140105
0.542907180385289
0.5433450087565674
0.5437828371278459
0.5442206654991243
0.5446584938704028
0.5450963222416813
0.5455341506129597
0.5459719789842382
0.5464098073555166
0.5468476357267951
0.5472854640980735
0.547723292469352
0.5481611208406305
0.5485989492119089
0.5490367775831874
0.5494746059544658
0.5499124343257443
0.5503502626970228
0.5507880910683012
0.5512259194395797
0.5516637478108581
0.5521015761821366
0.5525394045534151
0.5529772329246935
0.553415061295972
0.5538528896672504
0.5542907180385289
0.5547285464098074
0.5551663747810858
0.5556042031523643
0.5560420315236427
0.5564798598949212
0.5569176882661997
0.5573555166374781
0.5577933450087565
0.558231173380035
0.5586690017513135
0.559106830122592
0.5595446584938704
0.5599824868651488
0.5604203152364273
0.5608581436077058
0.5612959719789843
0.5617338003502627
0.5621716287215411
0.5626094570928196
0.5630472854640981
0.5634851138353766
0.563922942206655
0.5643607705779334
0.5647985989492119
0.5652364273204904
0.5656742556917689
0.5661120840630472
0.5665499124343257
0.5669877408056042
0.5674255691768827
0.5678633975481612
0.5683012259194395
0.568739054290718
0.5691768826619965
0.569614711033275
0.5700525394045534
0.5704903677758318
0.5709281961471103
0.5713660245183888
0.5718038528896673
0.5722416812609457
0.5726795096322241
0.5731173380035026
0.5735551663747811
0.5739929947460596
0.574430823117338
0.5748686514886164
0.5753064798598949
0.5757443082311734
0.5761821366024519
0.5766199649737302
0.5770577933450087
0.5774956217162872
0.5779334500875657
0.5783712784588442
0.5788091068301225
0.579246935201401
0.5796847635726795
0.580122591943958
0.5805604203152365
0.5809982486865148
0.5814360770577933
0.5818739054290718
0.5823117338003503
0.5827495621716288
0.5831873905429071
0.5836252189141856
0.5840630472854641
0.5845008756567426
0.5849387040280211
0.5853765323992994
0.5858143607705779
0.5862521891418564
0.5866900175131349
0.5871278458844134
0.5875656742556917
0.5880035026269702
0.5884413309982487
0.5888791593695272
0.5893169877408057
0.589754816112084
0.5901926444833625
0.590630472854641
0.5910683012259195
0.591506129597198
0.5919439579684763
0.5923817863397548
0.5928196147110333
0.5932574430823118
0.5936952714535902
0.5941330998248686
0.5945709281961471
0.5950087565674256
0.5954465849387041
0.5958844133099825
0.5963222416812609
0.5967600700525394
0.5971978984238179
0.5976357267950964
0.5980735551663747
0.5985113835376532
0.5989492119089317
0.5993870402802102
0.5998248686514887
0.600262697022767
0.6007005253940455
0.601138353765324
0.6015761821366025
0.602014010507881
0.6024518388791593
0.6028896672504378
0.6033274956217163
0.6037653239929948
0.6042031523642732
0.6046409807355516
0.6050788091068301
0.6055166374781086
0.6059544658493871
0.6063922942206655
0.6068301225919439
0.6072679509632224
0.6077057793345009
0.6081436077057794
0.6085814360770578
0.6090192644483362
0.6094570928196147
0.6098949211908932
0.6103327495621717
0.6107705779334501
0.6112084063047285
0.611646234676007
0.6120840630472855
0.612521891418564
0.6129597197898424
0.6133975481611208
0.6138353765323993
0.6142732049036778
0.6147110332749562
0.6151488616462347
0.6155866900175131
0.6160245183887916
0.6164623467600701
0.6169001751313485
0.617338003502627
0.6177758318739054
0.6182136602451839
0.6186514886164624
0.6190893169877408
0.6195271453590193
0.6199649737302977
0.6204028021015762
0.6208406304728546
0.6212784588441331
0.6217162872154116
0.62215411558669
0.6225919439579685
0.623029772329247
0.6234676007005254
0.6239054290718039
0.6243432574430823
0.6247810858143608
0.6252189141856392
0.6256567425569177
0.6260945709281961
0.6265323992994746
0.626970227670753
0.6274080560420315
0.62784588441331
0.6282837127845884
0.6287215411558669
0.6291593695271454
0.6295971978984238
0.6300350262697023
0.6304728546409807
0.6309106830122592
0.6313485113835376
0.6317863397548161
0.6322241681260946
0.632661996497373
0.6330998248686515
0.6335376532399299
0.6339754816112084
0.6344133099824869
0.6348511383537653
0.6352889667250438
0.6357267950963222
0.6361646234676007
0.6366024518388792
0.6370402802101576
0.637478108581436
0.6379159369527145
0.638353765323993
0.6387915936952715
0.6392294220665499
0.6396672504378283
0.6401050788091068
0.6405429071803853
0.6409807355516638
0.6414185639229422
0.6418563922942206
0.6422942206654991
0.6427320490367776
0.6431698774080561
0.6436077057793345
0.6440455341506129
0.6444833625218914
0.6449211908931699
0.6453590192644484
0.6457968476357268
0.6462346760070052
0.6466725043782837
0.6471103327495622
0.6475481611208407
0.647985989492119
0.6484238178633975
0.648861646234676
0.6492994746059545
0.649737302977233
0.6501751313485113
0.6506129597197898
0.6510507880910683
0.6514886164623468
0.6519264448336253
0.6523642732049036
0.6528021015761821
0.6532399299474606
0.6536777583187391
0.6541155866900175
0.6545534150612959
0.6549912434325744
0.6554290718038529
0.6558669001751314
0.6563047285464098
0.6567425569176882
0.6571803852889667
0.6576182136602452
0.6580560420315237
0.658493870402802
0.6589316987740805
0.659369527145359
0.6598073555166375
0.660245183887916
0.6606830122591943
0.6611208406304728
0.6615586690017513
0.6619964973730298
0.6624343257443083
0.6628721541155866
0.6633099824868651
0.6637478108581436
0.6641856392294221
0.6646234676007006
0.6650612959719789
0.6654991243432574
0.6659369527145359
0.6663747810858144
0.6668126094570929
0.6672504378283712
0.6676882661996497
0.6681260945709282
0.6685639229422067
0.6690017513134852
0.6694395796847635
0.669877408056042
0.6703152364273205
0.670753064798599
0.6711908931698775
0.6716287215411558
0.6720665499124343
0.6725043782837128
0.6729422066549913
0.6733800350262698
0.6738178633975481
0.6742556917688266
0.6746935201401051
0.6751313485113836
0.675569176882662
0.6760070052539404
0.6764448336252189
0.6768826619964974
0.6773204903677759
0.6777583187390543
0.6781961471103327
0.6786339754816112
0.6790718038528897
0.6795096322241682
0.6799474605954466
0.680385288966725
0.6808231173380035
0.681260945709282
0.6816987740805605
0.6821366024518388
0.6825744308231173
0.6830122591943958
0.6834500875656743
0.6838879159369528
0.6843257443082311
0.6847635726795096
0.6852014010507881
0.6856392294220666
0.686077057793345
0.6865148861646234
0.6869527145359019
0.6873905429071804
0.6878283712784589
0.6882661996497373
0.6887040280210157
0.6891418563922942
0.6895796847635727
0.6900175131348512
0.6904553415061296
0.690893169877408
0.6913309982486865
0.691768826619965
0.6922066549912435
0.6926444833625219
0.6930823117338003
0.6935201401050788
0.6939579684763573
0.6943957968476357
0.6948336252189142
0.6952714535901926
0.6957092819614711
0.6961471103327496
0.696584938704028
0.6970227670753065
0.6974605954465849
0.6978984238178634
0.6983362521891419
0.6987740805604203
0.6992119089316988
0.6996497373029772
0.7000875656742557
0.7005253940455342
0.7009632224168126
0.7014010507880911
0.7018388791593695
0.702276707530648
0.7027145359019265
0.7031523642732049
0.7035901926444834
0.7040280210157618
0.7044658493870403
0.7049036777583187
0.7053415061295972
0.7057793345008757
0.7062171628721541
0.7066549912434326
0.707092819614711
0.7075306479859895
0.707968476357268
0.7084063047285464
0.7088441330998249
0.7092819614711033
0.7097197898423818
0.7101576182136602
0.7105954465849387
0.7110332749562172
0.7114711033274956
0.7119089316987741
0.7123467600700525
0.712784588441331
0.7132224168126094
0.7136602451838879
0.7140980735551664
0.7145359019264448
0.7149737302977233
0.7154115586690017
0.7158493870402802
0.7162872154115587
0.7167250437828371
0.7171628721541156
0.717600700525394
0.7180385288966725
0.718476357267951
0.7189141856392294
0.7193520140105079
0.7197898423817863
0.7202276707530648
0.7206654991243433
0.7211033274956217
0.7215411558669002
0.7219789842381786
0.7224168126094571
0.7228546409807356
0.723292469352014
0.7237302977232924
0.7241681260945709
0.7246059544658494
0.7250437828371279
0.7254816112084063
0.7259194395796847
0.7263572679509632
0.7267950963222417
0.7272329246935202
0.7276707530647986
0.728108581436077
0.7285464098073555
0.728984238178634
0.7294220665499125
0.7298598949211909
0.7302977232924693
0.7307355516637478
0.7311733800350263
0.7316112084063048
0.7320490367775832
0.7324868651488616
0.7329246935201401
0.7333625218914186
0.7338003502626971
0.7342381786339754
0.7346760070052539
0.7351138353765324
0.7355516637478109
0.7359894921190894
0.7364273204903677
0.7368651488616462
0.7373029772329247
0.7377408056042032
0.7381786339754816
0.73861646234676
0.7390542907180385
0.739492119089317
0.7399299474605955
0.7403677758318739
0.7408056042031523
0.7412434325744308
0.7416812609457093
0.7421190893169878
0.7425569176882661
0.7429947460595446
0.7434325744308231
0.7438704028021016
0.7443082311733801
0.7447460595446584
0.7451838879159369
0.7456217162872154
0.7460595446584939
0.7464973730297724
0.7469352014010507
0.7473730297723292
0.7478108581436077
0.7482486865148862
0.7486865148861647
0.749124343257443
0.7495621716287215
0.75
0.7504378283712785
0.750875656742557
0.7513134851138353
0.7517513134851138
0.7521891418563923
0.7526269702276708
0.7530647985989493
0.7535026269702276
0.7539404553415061
0.7543782837127846
0.7548161120840631
0.7552539404553416
0.7556917688266199
0.7561295971978984
0.7565674255691769
0.7570052539404554
0.7574430823117339
0.7578809106830122
0.7583187390542907
0.7587565674255692
0.7591943957968477
0.7596322241681261
0.7600700525394045
0.760507880910683
0.7609457092819615
0.76138353765324
0.7618213660245184
0.7622591943957968
0.7626970227670753
0.7631348511383538
0.7635726795096323
0.7640105078809106
0.7644483362521891
0.7648861646234676
0.7653239929947461
0.7657618213660246
0.7661996497373029
0.7666374781085814
0.7670753064798599
0.7675131348511384
0.7679509632224168
0.7683887915936952
0.7688266199649737
0.7692644483362522
0.7697022767075307
0.7701401050788091
0.7705779334500875
0.771015761821366
0.7714535901926445
0.771891418563923
0.7723292469352014
0.7727670753064798
0.7732049036777583
0.7736427320490368
0.7740805604203153
0.7745183887915937
0.7749562171628721
0.7753940455341506
0.7758318739054291
0.7762697022767076
0.776707530647986
0.7771453590192644
0.7775831873905429
0.7780210157618214
0.7784588441330998
0.7788966725043783
0.7793345008756567
0.7797723292469352
0.7802101576182137
0.7806479859894921
0.7810858143607706
0.781523642732049
0.7819614711033275
0.782399299474606
0.7828371278458844
0.7832749562171629
0.7837127845884413
0.7841506129597198
0.7845884413309983
0.7850262697022767
0.7854640980735552
0.7859019264448336
0.7863397548161121
0.7867775831873906
0.787215411558669
0.7876532399299475
0.7880910683012259
0.7885288966725044
0.7889667250437828
0.7894045534150613
0.7898423817863398
0.7902802101576182
0.7907180385288967
0.7911558669001751
0.7915936952714536
0.792031523642732
0.7924693520140105
0.792907180385289
0.7933450087565674
0.7937828371278459
0.7942206654991243
0.7946584938704028
0.7950963222416813
0.7955341506129597
0.7959719789842382
0.7964098073555166
0.7968476357267951
0.7972854640980735
0.797723292469352
0.7981611208406305
0.7985989492119089
0.7990367775831874
0.7994746059544658
0.7999124343257443
0.8003502626970228
0.8007880910683012
0.8012259194395797
0.8016637478108581
0.8021015761821366
0.8025394045534151
0.8029772329246935
0.803415061295972
0.8038528896672504
0.8042907180385289
0.8047285464098074
0.8051663747810858
0.8056042031523643
0.8060420315236427
0.8064798598949212
0.8069176882661997
0.8073555166374781
0.8077933450087565
0.808231173380035
0.8086690017513135
0.809106830122592
0.8095446584938704
0.8099824868651488
0.8104203152364273
0.8108581436077058
0.8112959719789843
0.8117338003502627
0.8121716287215411
0.8126094570928196
0.8130472854640981
0.8134851138353766
0.813922942206655
0.8143607705779334
0.8147985989492119
0.8152364273204904
0.8156742556917689
0.8161120840630472
0.8165499124343257
0.8169877408056042
0.8174255691768827
0.8178633975481612
0.8183012259194395
0.818739054290718
0.8191768826619965
0.819614711033275
0.8200525394045534
0.8204903677758318
0.8209281961471103
0.8213660245183888
0.8218038528896673
0.8222416812609457
0.8226795096322241
0.8231173380035026
0.8235551663747811
0.8239929947460596
0.824430823117338
0.8248686514886164
0.8253064798598949
0.8257443082311734
0.8261821366024519
0.8266199649737302
0.8270577933450087
0.8274956217162872
0.8279334500875657
0.8283712784588442
0.8288091068301225
0.829246935201401
0.8296847635726795
0.830122591943958
0.8305604203152365
0.8309982486865148
0.8314360770577933
0.8318739054290718
0.8323117338003503
0.8327495621716288
0.8331873905429071
0.8336252189141856
0.8340630472854641
0.8345008756567426
0.8349387040280211
0.8353765323992994
0.8358143607705779
0.8362521891418564
0.8366900175131349
0.8371278458844134
0.8375656742556917
0.8380035026269702
0.8384413309982487
0.8388791593695272
0.8393169877408057
0.839754816112084
0.8401926444833625
0.840630472854641
0.8410683012259195
0.841506129597198
0.8419439579684763
0.8423817863397548
0.8428196147110333
0.8432574430823118
0.8436952714535902
0.8441330998248686
0.8445709281961471
0.8450087565674256
0.8454465849387041
0.8458844133099825
0.8463222416812609
0.8467600700525394
0.8471978984238179
0.8476357267950964
0.8480735551663747
0.8485113835376532
0.8489492119089317
0.8493870402802102
0.8498248686514887
0.850262697022767
0.8507005253940455
0.851138353765324
0.8515761821366025
0.852014010507881
0.8524518388791593
0.8528896672504378
0.8533274956217163
0.8537653239929948
0.8542031523642732
0.8546409807355516
0.8550788091068301
0.8555166374781086
0.8559544658493871
0.8563922942206655
0.8568301225919439
0.8572679509632224
0.8577057793345009
0.8581436077057794
0.8585814360770578
0.8590192644483362
0.8594570928196147
0.8598949211908932
0.8603327495621717
0.8607705779334501
0.8612084063047285
0.861646234676007
0.8620840630472855
0.862521891418564
0.8629597197898424
0.8633975481611208
0.8638353765323993
0.8642732049036778
0.8647110332749562
0.8651488616462347
0.8655866900175131
0.8660245183887916
0.8664623467600701
0.8669001751313485
0.867338003502627
0.8677758318739054
0.8682136602451839
0.8686514886164624
0.8690893169877408
0.8695271453590193
0.8699649737302977
0.8704028021015762
0.8708406304728546
0.8712784588441331
0.8717162872154116
0.87215411558669
0.8725919439579685
0.873029772329247
0.8734676007005254
0.8739054290718039
0.8743432574430823
0.8747810858143608
0.8752189141856392
0.8756567425569177
0.8760945709281961
0.8765323992994746
0.876970227670753
0.8774080560420315
0.87784588441331
0.8782837127845884
0.8787215411558669
0.8791593695271454
0.8795971978984238
0.8800350262697023
0.8804728546409807
0.8809106830122592
0.8813485113835376
0.8817863397548161
0.8822241681260946
0.882661996497373
0.8830998248686515
0.8835376532399299
0.8839754816112084
0.8844133099824869
0.8848511383537653
0.8852889667250438
0.8857267950963222
0.8861646234676007
0.8866024518388792
0.8870402802101576
0.887478108581436
0.8879159369527145
0.888353765323993
0.8887915936952715
0.8892294220665499
0.8896672504378283
0.8901050788091068
0.8905429071803853
0.8909807355516638
0.8914185639229422
0.8918563922942206
0.8922942206654991
0.8927320490367776
0.8931698774080561
0.8936077057793345
0.8940455341506129
0.8944833625218914
0.8949211908931699
0.8953590192644484
0.8957968476357268
0.8962346760070052
0.8966725043782837
0.8971103327495622
0.8975481611208407
0.897985989492119
0.8984238178633975
0.898861646234676
0.8992994746059545
0.899737302977233
0.9001751313485113
0.9006129597197898
0.9010507880910683
0.9014886164623468
0.9019264448336253
0.9023642732049036
0.9028021015761821
0.9032399299474606
0.9036777583187391
0.9041155866900175
0.9045534150612959
0.9049912434325744
0.9054290718038529
0.9058669001751314
0.9063047285464098
0.9067425569176882
0.9071803852889667
0.9076182136602452
0.9080560420315237
0.908493870402802
0.9089316987740805
0.909369527145359
0.9098073555166375
0.910245183887916
0.9106830122591943
0.9111208406304728
0.9115586690017513
0.9119964973730298
0.9124343257443083
0.9128721541155866
0.9133099824868651
0.9137478108581436
0.9141856392294221
0.9146234676007006
0.9150612959719789
0.9154991243432574
0.9159369527145359
0.9163747810858144
0.9168126094570929
0.9172504378283712
0.9176882661996497
0.9181260945709282
0.9185639229422067
0.9190017513134852
0.9194395796847635
0.919877408056042
0.9203152364273205
0.920753064798599
0.9211908931698775
0.9216287215411558
0.9220665499124343
0.9225043782837128
0.9229422066549913
0.9233800350262698
0.9238178633975481
0.9242556917688266
0.9246935201401051
0.9251313485113836
0.925569176882662
0.9260070052539404
0.9264448336252189
0.9268826619964974
0.9273204903677759
0.9277583187390543
0.9281961471103327
0.9286339754816112
0.9290718038528897
0.9295096322241682
0.9299474605954466
0.930385288966725
0.9308231173380035
0.931260945709282
0.9316987740805605
0.9321366024518388
0.9325744308231173
0.9330122591943958
0.9334500875656743
0.9338879159369528
0.9343257443082311
0.9347635726795096
0.9352014010507881
0.9356392294220666
0.936077057793345
0.9365148861646234
0.9369527145359019
0.9373905429071804
0.9378283712784589
0.9382661996497373
0.9387040280210157
0.9391418563922942
0.9395796847635727
0.9400175131348512
0.9404553415061296
0.940893169877408
0.9413309982486865
0.941768826619965
0.9422066549912435
0.9426444833625219
0.9430823117338003
0.9435201401050788
0.9439579684763573
0.9443957968476357
0.9448336252189142
0.9452714535901926
0.9457092819614711
0.9461471103327496
0.946584938704028
0.9470227670753065
0.9474605954465849
0.9478984238178634
0.9483362521891419
0.9487740805604203
0.9492119089316988
0.9496497373029772
0.9500875656742557
0.9505253940455342
0.9509632224168126
0.9514010507880911
0.9518388791593695
0.952276707530648
0.9527145359019265
0.9531523642732049
0.9535901926444834
0.9540280210157618
0.9544658493870403
0.9549036777583187
0.9553415061295972
0.9557793345008757
0.9562171628721541
0.9566549912434326
0.957092819614711
0.9575306479859895
0.957968476357268
0.9584063047285464
0.9588441330998249
0.9592819614711033
0.9597197898423818
0.9601576182136602
0.9605954465849387
0.9610332749562172
0.9614711033274956
0.9619089316987741
0.9623467600700525
0.962784588441331
0.9632224168126094
0.9636602451838879
0.9640980735551664
0.9645359019264448
0.9649737302977233
0.9654115586690017
0.9658493870402802
0.9662872154115587
0.9667250437828371
0.9671628721541156
0.967600700525394
0.9680385288966725
0.968476357267951
0.9689141856392294
0.9693520140105079
0.9697898423817863
0.9702276707530648
0.9706654991243433
0.9711033274956217
0.9715411558669002
0.9719789842381786
0.9724168126094571
0.9728546409807356
0.973292469352014
0.9737302977232924
0.9741681260945709
0.9746059544658494
0.9750437828371279
0.9754816112084063
0.9759194395796847
0.9763572679509632
0.9767950963222417
0.9772329246935202
0.9776707530647986
0.978108581436077
0.9785464098073555
0.978984238178634
0.9794220665499125
0.9798598949211909
0.9802977232924693
0.9807355516637478
0.9811733800350263
0.9816112084063048
0.9820490367775832
0.9824868651488616
0.9829246935201401
0.9833625218914186
0.9838003502626971
0.9842381786339754
0.9846760070052539
0.9851138353765324
0.9855516637478109
0.9859894921190894
0.9864273204903677
0.9868651488616462
0.9873029772329247
0.9877408056042032
0.9881786339754816
0.98861646234676
0.9890542907180385
0.989492119089317
0.9899299474605955
0.9903677758318739
0.9908056042031523
0.9912434325744308
0.9916812609457093
0.9921190893169878
0.9925569176882661
0.9929947460595446
0.9934325744308231
0.9938704028021016
0.9943082311733801
0.9947460595446584
0.9951838879159369
0.9956217162872154
0.9960595446584939
0.9964973730297724
0.9969352014010507
0.9973730297723292
0.9978108581436077
0.9982486865148862
0.9986865148861647
0.999124343257443
0.9995621716287215
1.0
