0.28076572470374656
0.28060754832769813
0.28272656855150635
0.2851556389801334
0.28648136449778644
0.2881274900398357
0.28874598070738333
0.29095037301330695
0.2930301047120417
0.29403034300791686
0.294000332391555
0.29537843268586467
0.29559642314831025
0.29661737208906913
0.2953767123287754
0.2972926366615044
0.2983156798055204
0.29912587412587716
0.30047526843865646
0.3015591778880297
0.3026573925450276
0.3016870064608747
0.30245576020224096
0.303178928247052
0.3042207198976811
0.30564234515714483
0.30671103716028747
0.3048168123488879
0.3021515434985907
0.3034067381893389
0.3032942067398739
0.30051418777375
0.3020494158207171
0.2999422076671149
0.30149195892269626
0.3000779423226753
0.3009404388714664
0.30240346729707734
0.3034865293185354
0.3041832669322695
0.30562787903063954
0.3038051137507535
0.304189435336974
0.30233977619532004
0.30190222949478235
0.3031050791692374
0.30432086003722036
0.3056940980881118
0.3070175438596612
0.3062552476910064
0.30654008438818753
0.30788804071246617
0.3074792243767392
0.30877944325482015
0.30751022164837083
0.30789189189188093
0.3067564631761976
0.3080113512333551
0.306865540688748
0.30548820806700844
0.30564784053155514
0.3071444469174239
0.3082084544844557
0.3087640449438181
0.3081959810340949
0.306941923774945
0.3070435377250918
0.3085203847915784
0.3092498849516745
0.31067961165048447
0.311425917324671
0.3105459636024264
0.310595405532121
0.3115873763542189
0.3121154756270601
0.31233658188732555
0.3132760267430738
0.3142240345406627
0.3146987951807175
0.3125151295085947
0.3107221006564552
0.3091575091575081
0.30880549423596787
0.30943582163094274
0.31056669141302184
0.3107133979617147
0.3121098626716626
0.3135189365437649
0.31435768261965014
0.3154566152289399
0.3155487804877991
0.31436590967083705
0.31573552024602686
0.31634491634491074
0.31618407445708413
0.3144637756426964
0.31533646322378905
0.3159549384333258
0.3155263157894817
0.31686046511627525
0.31714437367304305
0.31743070362473685
0.3171841541755909
0.3177419354838687
0.31749460043196426
0.31724511930585253
0.31808278867102413
0.31920131291028087
0.3206043956043946
0.32137931034482575
0.32271468144043347
0.3210013908205802
0.32234636871509326
0.32342215988780293
0.3233802816901335
0.3239038189533203
0.3250000000000022
0.3246790299571993
0.3246418338108808
0.32402877697841986
0.32167630057804397
0.3230769230769266
0.3241982507288551
0.32562225475841833
0.3270588235294181
0.3276218611521402
0.32908011869436377
0.3305514157973179
0.3313379227776104
0.33243162007814697
0.33081798973739673
0.3304031524704465
0.3296803652968103
0.3292571079180669
0.3272950568007339
0.3277829170521052
0.3292040879529251
0.32908242612752847
0.33020930959075107
0.33165986821462023
0.33249290891900274
0.33386075949367255
0.33460438512869733
0.33535417996171785
0.33354694008330205
0.33397683397683153
0.3321486268174516
0.3335496430889032
0.33105246008471967
0.3324607329842991
0.33289516924088
0.3333333333333317
0.33410672853828877
0.3352197070572604
0.33667669675693257
0.33601879825445313
0.33602965958881464
0.3363790186125248
0.3374108053007105
0.3370863186625733
0.33573141486810404
0.3371173030615761
0.33782383419689155
0.3361082206035357
0.3371647509578583
0.33578174186779
0.3371970495258135
0.3386243386243446
0.3397095288699989
0.34044823906082455
0.34119328331546944
0.34266236096160646
0.3407780979827067
0.3421338155515383
0.34350036310820986
0.34378417790740023
0.3426061493411403
0.34252113193678735
0.3413284132841292
0.33938495739162555
0.34002976190476747
0.3406798655211044
0.3420855213803427
0.34199623352165537
0.34304084720121275
0.3433345993163654
0.3431185665268807
0.3440489858400363
0.3449865539761753
0.3463170073274158
0.34688346883468574
0.34551107656431834
0.34529847834568556
0.3462593027810445
0.34683444750294623
0.3446506119226235
0.3460166468489855
0.34500596896140173
0.34278865361565714
0.3437625350982706
0.3447442609746238
0.3424989890820833
0.3434835566382422
0.34203016714227547
0.34015554645927076
0.33949856144677726
0.34089971110194117
0.34231247409862803
0.3435940099833608
0.34488517745302466
0.3428331936295019
0.3441312578880942
0.34459459459459546
0.34590928359474316
0.3451063829787264
0.34387014096540613
0.34519725557461084
0.34309083082221586
0.3435609334485772
0.34143167028199806
0.3418989547038365
0.3401836466987349
0.3393327480245866
0.33847509916262297
0.33805309734512845
0.33940470901821107
0.3407671721677095
0.3416927899686487
0.3420224719101101
0.34280559314388415
0.3435943866002773
0.344388914129936
0.3451892384860988
0.34553775743707427
0.3463481855764757
0.3476256339326867
0.3475242943081948
0.34835113794705314
0.3487179487179435
0.35002339728591164
0.349929544387034
0.3512494106553498
0.3511594888783667
0.35011876484561144
0.3509775870290891
0.3499281953087567
0.351273426237381
0.35214664737095797
0.3520581113801461
0.35099659698589863
0.3484626647144893
0.3463988241058322
0.34776192818494867
0.34913580246913617
0.3485374318294454
0.34992533598805925
0.35132433783108147
0.35273457099849986
0.35314861460957686
0.3543983822042448
0.3556570268899036
0.3564154786150685
0.35717935615738705
0.35743589743590065
0.35615028306741847
0.3564049586776853
0.3566614826334942
0.3579604578564026
0.3577023498694556
0.3569182389937086
0.3561283534981549
0.35691657866948595
0.356650768415475
0.35797872340425535
0.3571809930592664
0.35476956055733844
0.35502958579881383
0.3536717062634955
0.3539295392953968
0.352557127312291
0.3539049699617682
0.3547149122807023
0.35553109521189175
0.3558011049723794
0.35718247365501915
0.35857461024498505
0.35774175517048235
0.3585858585858572
0.359999999999997
0.3608597285067862
0.3617262918796141
0.3631698973774201
0.36462507155122686
0.3630097645031626
0.36426512968300107
0.36495083863505134
0.3650609402205489
0.3663366336633655
0.36528345996493045
0.3653958944281549
0.36315479693937386
0.36385115180153066
0.3651452282157665
0.3634741225461084
0.3617910447761185
0.3624925104853171
0.3638003607937428
0.3614966807483433
0.36159903089037176
0.36291793313070037
0.3611958511287332
0.3606858542559758
0.3620159803318974
0.36335595311536245
0.364705882352943
0.36544437538843594
0.36618839675607967
0.36756418284283304
0.3689503456945331
0.36908517350157677
0.3692210259657986
0.36872218690400205
0.37013401403956964
0.3709160794362563
0.37210796915166866
0.3707285622179221
0.371927554980598
0.37313432835821236
0.37304687500000205
0.37295885042456084
0.37155963302752715
0.372123602892833
0.3726912928759874
0.37326273990734343
0.3718459495351923
0.3730846102598253
0.3736631016042794
0.3749161636485579
0.37415881561238606
0.3747467927076254
0.376016260162598
0.3766145479265787
0.3765347885402475
0.37508555783709524
0.37499999999999883
0.3742246726395621
0.37275242047026164
0.37404580152672123
0.37534818941503845
0.3766596785464682
0.3772791023842967
0.3786066150598143
0.3778248587570592
0.37562012756909696
0.3769559032716892
0.3775874375446065
0.37822349570200503
0.37958303378864294
0.3809523809523852
0.38233164373641965
0.38372093023255877
0.3851203501094113
0.38579795021962426
0.38721528288023355
0.3879056047197621
0.38934122871947163
0.38827023014105777
0.3894266567386466
0.39058999253174176
0.39101123595506065
0.39143501126971986
0.39261492087415456
0.39304610733181794
0.39423805913571397
0.39543726235741256
0.3958810068649874
0.39556235654169397
0.3960092095165048
0.3949191685912262
0.394594594594591
0.3950426026336129
0.396270396270394
0.3951675759937676
0.39640344018764534
0.3976470588235319
0.3981117230527169
0.3993685872138867
0.3974663499604104
0.39793486894360885
0.3984063745019946
0.3996802557953683
0.4009623095428982
0.40225261464199574
0.4027441485068629
0.40242914979757005
0.40373679935011914
0.40505297473512775
0.40637775960751854
0.4068908941755489
0.40740740740740944
0.40875309661437187
0.41010770505385036
0.4106400665004188
0.4120100083402793
0.4117154811715526
0.41225860621326843
0.41280539174389225
0.41335587489433273
0.41475826972010393
0.4161702127659543
0.417591801878734
0.4190231362467834
0.41960447119518257
0.42018981880932366
0.41991341991341746
0.4210069444444485
0.4221061792863395
0.42059336823734483
0.4190726159230132
0.41754385964912394
0.41776605101143754
0.4188712522045802
0.4199823165340423
0.4210992907801378
0.42222222222222017
0.42335115864527945
0.42448614834673587
0.4256272401433663
0.4267744833782586
0.4270270270270242
0.42818428184281393
0.42934782608695804
0.42960944595822426
0.43078324225865516
0.42922374429223414
0.4285714285714272
0.4297520661156997
0.430939226519336
0.43213296398891704
0.4314814814814829
0.4326833797585923
0.43389199255121547
0.43323996265172593
0.43445692883895226
0.43568075117370575
0.43691148775894845
0.4381491973559927
0.43939393939394455
0.4406457739791103
0.4399999999999954
0.4412607449856698
0.44252873563218625
0.44284341978866404
0.4441233140655132
0.4425120772946835
0.4408914728682178
0.4392614188532521
0.440545808966867
0.44183773216031247
0.4421568627450966
0.44149459193706614
0.442800788954637
0.4421364985163193
0.4434523809523795
0.4437810945273582
0.4431137724550946
0.4444444444444409
0.44477911646586726
0.44612286002013596
0.4474747474747499
0.448834853090175
0.45020325203252337
0.45158002038735606
0.4509202453987689
0.4523076923076909
0.45370370370370744
0.4551083591331245
0.45652173913043836
0.45794392523364774
0.4593749999999987
0.4608150470219478
0.462264150943399
0.46372239747633826
0.46518987341771745
0.466666666666663
0.46815286624203817
0.46964856230031776
0.47008547008546875
0.46838156484458954
0.4688172043010785
0.4703344120819891
0.47186147186146926
0.47339847991313805
0.4749455337690648
0.4754098360655779
0.4736842105263115
0.475247524752471
0.4768211920529822
0.4784053156146229
0.47724750277469874
0.4783092324805314
0.4793756967670038
0.47932960893854704
0.47816349384098356
0.4792368125701441
0.4803149606299248
0.4813979706877087
0.48135593220339007
0.48244620611551897
0.48354143019296825
0.48350398179749654
0.4846066134549631
0.4857142857142903
0.4868270332187844
0.48794489092996174
0.4890678941311857
0.49019607843137225
0.49132947976878594
0.49130938586327294
0.49128919860626896
0.4924330616996521
0.4935822637106226
0.4923976608187172
0.49237983587339185
0.49353701527614857
0.4946996466431119
0.4958677685950378
0.4970414201183459
0.4982206405693937
0.49821640903685904
0.49940405244338465
0.5005973715651116
0.5017964071856243
0.5030012004801978
0.5030084235860373
0.5042219541616407
0.5054413542926253
0.5066666666666688
0.5078979343863884
0.5079171741778273
0.5091575091575077
0.5104039167686671
0.5116564417177896
0.5129151291512889
0.5141800246609144
0.5154511742892446
0.5167286245353149
0.5180124223602531
0.5193026151930279
0.5205992509363307
0.5219023779724643
0.5232120451693872
0.5245283018867924
0.5258511979823428
0.5259165613147904
0.5259822560202778
0.5273189326556528
0.5286624203821656
0.5300127713920809
0.5313700384122875
0.5314505776636739
0.5328185328185305
0.534193548387096
0.5329883570504558
0.5343709468223071
0.5357607282184614
0.5371577574967445
0.5385620915032664
0.5386631716906993
0.5387647831800279
0.5388669301712796
0.5402906208718615
0.541721854304636
0.5431606905710488
0.5432756324900099
0.5447263017356501
0.543507362784474
0.5436241610738207
0.5450874831763165
0.5438596491228108
0.5426251691474927
0.5440976933514226
0.5455782312925128
0.5470668485675291
0.5485636114911058
0.5500685871056258
0.5515818431911969
0.5531034482758619
0.5546334716459181
0.5561719833564492
0.5577190542420002
0.5592747559274744
0.5594405594405543
0.5610098176718153
0.5625879043600542
0.5641748942172066
0.5643564356435645
0.5659574468085113
0.5661450924608814
0.5677603423680424
0.5693848354792563
0.5710186513629902
0.5726618705036012
0.5743145743145796
0.5730824891461646
0.5747460087082739
0.5749636098981082
0.5766423357664223
0.5783308931186006
0.5800293685756275
0.5817378497790852
0.5834564254062017
0.5851851851851858
0.5869242199108452
0.5886736214605094
0.5904334828101657
0.5922038980509716
0.5924812030075155
0.5912518853695307
0.5930408472012126
0.5933232169954471
0.5951293759512972
0.5960365853658506
0.5969465648854969
0.5978593272171245
0.5987748851454845
0.5981595092024515
0.5990783410138231
0.5984615384615368
0.5993836671802771
0.600308641975311
0.6012364760432776
0.6021671826625421
0.6015503875968998
0.6009316770186284
0.6003110419906654
0.6012461059189995
0.6021840873634948
0.6031250000000044
0.6040688575899889
0.6050156739811898
0.6059654631083233
0.6069182389937143
0.607874015748031
0.608832807570975
0.608214849921014
0.6091772151898758
0.6101426307448485
0.6111111111111093
0.6120826709062015
0.6130573248407681
0.6140350877192992
0.6150159744408945
0.6160000000000012
0.6169871794871776
0.6179775280898842
0.6173633440514441
0.6183574879227072
0.6193548387096725
0.620355411954764
0.621359223300971
0.6223662884927103
0.6217532467532491
0.6227642276422765
0.6237785016286647
0.6247960848287145
0.6258169934640504
0.6268412438625213
0.627868852459012
0.6288998357963869
0.6282894736842123
0.629324546952226
0.6303630363036302
0.6314049586776834
0.6324503311258257
0.6334991708126017
0.6345514950166099
0.6356073211314471
0.6366666666666678
0.6377295492487457
0.6387959866220733
0.6398659966499176
0.6409395973154418
0.6420168067226871
0.6430976430976456
0.6441821247892084
0.6452702702702685
0.6463620981387482
0.647457627118638
0.6485568760611236
0.649659863945574
0.65076660988075
0.6518771331058077
0.652991452991451
0.6541095890410932
0.6552315608919375
0.65463917525773
0.6540447504302866
0.6551724137930997
0.6563039723661489
0.6557093425605597
0.6568457538994775
0.657986111111114
0.6591304347826087
0.6602787456445969
0.6614310645724226
0.6625874125874179
0.6637478108581395
0.6649122807017561
0.6660808435852335
0.667253521126765
0.6684303350969965
0.6696113074204985
0.67079646017699
0.6719858156028312
0.6731793960923613
0.6743772241992918
0.6755793226381482
0.6767857142857122
0.6779964221824721
0.6792114695340481
0.680430879712744
0.6816546762589896
0.682882882882879
0.6841155234657099
0.6853526220614861
0.686594202898553
0.687840290381128
0.6890909090909126
0.6885245901639369
0.6879562043795622
0.6892138939670898
0.6904761904761884
0.6917431192660493
0.6930147058823507
0.6942909760589303
0.6955719557195515
0.6968576709796725
0.6981481481481483
0.6994434137291288
0.7007434944237878
0.7020484171322213
0.7033582089552249
0.7046728971962666
0.7059925093632974
0.7073170731707369
0.7086466165413514
0.7099811676082907
0.7113207547169811
0.712665406427225
0.7140151515151572
0.7153700189753367
0.7167300380228107
0.7180952380952332
0.7194656488549561
0.720841300191201
0.7222222222222255
0.7236084452975104
0.7249999999999976
0.726396917148366
0.7277992277992266
0.7292069632495193
0.7306201550387609
0.7320388349514511
0.7334630350194529
0.7348927875243731
0.736328125
0.7377690802348269
0.7392156862745074
0.7387033398821162
0.7401574803149594
0.7396449704142042
0.7411067193675855
0.7425742574257431
0.7420634920634896
0.7435387673956323
0.7450199203187245
0.74650698602795
0.7480000000000006
0.7494989979959926
0.7510040160642629
0.7525150905432636
0.7540322580645225
0.7555555555555595
0.7550607287449366
0.7545638945233238
0.7560975609756131
0.7576374745417531
0.7571428571428629
0.7586912065439625
0.7602459016393381
0.7597535934291522
0.7613168724279877
0.7628865979381423
0.7644628099173602
0.7660455486542486
0.7676348547717822
0.7692307692307621
0.7708333333333313
0.77244258872651
0.7740585774058526
0.7756813417190805
0.7773109243697458
0.7789473684210494
0.7805907172995717
0.7822410147991601
0.7838983050847439
0.7855626326963906
0.7872340425531851
0.788912579957363
0.7905982905982885
0.7922912205567487
0.7939914163090168
0.7956989247311864
0.7974137931034531
0.7991360691144748
0.8008658008657968
0.8026030368763518
0.8043478260869527
0.806100217864925
0.8078602620087274
0.8096280087527327
0.8114035087719242
0.8109890109890088
0.8127753303964796
0.8145695364238444
0.8163716814159224
0.818181818181814
0.820000000000003
0.8218262806236035
0.82366071428572
0.8255033557047009
0.8273542600896883
0.8292134831460637
0.8310810810810755
0.8329571106094779
0.8348416289592737
0.8367346938775557
0.8386363636363678
0.8405466970387236
0.8424657534246504
0.8443935926773435
0.8463302752293619
0.8482758620689695
0.8502304147465491
0.8521939953810596
0.8541666666666612
0.8561484918793462
0.8581395348837271
0.8601398601398629
0.8621495327102817
0.8641686182669798
0.866197183098595
0.8658823529411741
0.8679245283018938
0.8699763593380626
0.869668246445495
0.8717339667458456
0.8738095238095213
0.8758949880668325
0.8779904306220047
0.8800959232613876
0.8822115384615359
0.8843373493975861
0.8864734299516941
0.888619854721556
0.8907766990291259
0.8929440389294394
0.8951219512195129
0.8973105134474272
0.899509803921566
0.9017199017198978
0.9039408866995154
0.9037037037037
0.9059405940594066
0.9081885856079464
0.9104477611940355
0.9127182044887723
0.9149999999999915
0.9172932330826975
0.9195979899497427
0.9219143576826163
0.9242424242424188
0.9265822784810169
0.9289340101522771
0.9312977099236605
0.9336734693877486
0.9360613810741747
0.9358974358974331
0.9383033419023202
0.9407216494845333
0.9431524547803581
0.9455958549222826
0.9480519480519483
0.9505208333333283
0.9530026109660615
0.9554973821989464
0.9580052493438267
0.9605263157894761
0.9630606860158363
0.965608465608473
0.9681697612732171
0.9707446808510584
0.9733333333333393
0.9759358288770086
0.9785522788203759
0.981182795698924
0.9838274932614629
0.986486486486479
0.9891598915989194
0.9918478260869502
0.9945504087193525
0.9972677595628425
0.9999999999999966
0.9999999999999966
0.9999999999999966
0.9999999999999966
0.9999999999999966
0.9999999999999966
0.9999999999999966
0.9999999999999966
0.9999999999999966
0.9999999999999966
0.9999999999999966
0.9999999999999966
0.9999999999999966
0.9999999999999966
0.9999999999999966
0.9999999999999966
0.9999999999999966
0.9999999999999966
0.9999999999999966
0.9999999999999966
0.9999999999999966
0.9999999999999966
0.9999999999999966
0.9999999999999966
0.9999999999999966
0.9999999999999966
0.9999999999999966
0.9999999999999966
0.9999999999999966
0.9999999999999966
0.9999999999999966
0.9999999999999966
0.9999999999999966
0.9999999999999966
0.9999999999999966
0.9999999999999966
0.9999999999999966
0.9999999999999966
0.9999999999999966
0.9999999999999966
0.9999999999999966
0.9999999999999966
0.9999999999999966
0.9999999999999966
0.9999999999999966
0.9999999999999966
0.9999999999999966
0.9999999999999966
0.9999999999999966
0.9999999999999966
0.9999999999999966
0.9999999999999966
0.9999999999999966
0.9999999999999966
0.9999999999999966
0.9999999999999966
0.9999999999999966
0.9999999999999966
0.9999999999999966
0.9999999999999966
0.9999999999999966
0.9999999999999966
0.9999999999999966
0.9999999999999966
0.9999999999999966
0.9999999999999966
0.9999999999999966
0.9999999999999966
0.9999999999999966
0.9999999999999966
0.9999999999999966
0.9999999999999966
0.9999999999999966
0.9999999999999966
0.9999999999999966
0.9999999999999966
0.9999999999999966
0.9999999999999966
0.9999999999999966
0.9999999999999966
0.9999999999999966
0.9999999999999966
0.9999999999999966
0.9999999999999966
0.9999999999999966
0.9999999999999966
0.9999999999999966
0.9999999999999966
0.9999999999999966
0.9999999999999966
0.9999999999999966
0.9999999999999966
0.9999999999999966
0.9999999999999966
0.9999999999999966
0.9999999999999966
0.9999999999999966
0.9999999999999966
0.9999999999999966
0.9999999999999966
0.9999999999999966
0.9999999999999966
0.9999999999999966
0.9999999999999966
0.9999999999999966
0.9999999999999966
0.9999999999999966
0.9999999999999966
0.9999999999999966
0.9999999999999966
0.9999999999999966
0.9999999999999966
0.9999999999999966
0.9999999999999966
0.9999999999999966
0.9999999999999966
0.9999999999999966
0.9999999999999966
0.9999999999999966
0.9999999999999966
0.9999999999999966
0.9999999999999966
0.9999999999999966
0.9999999999999966
0.9999999999999966
0.9999999999999966
0.9999999999999966
0.9999999999999966
0.9999999999999966
0.9999999999999966
0.9999999999999966
0.9999999999999966
0.9999999999999966
0.9999999999999966
0.9999999999999966
0.9999999999999966
0.9999999999999966
0.9999999999999966
0.9999999999999966
0.9999999999999966
0.9999999999999966
0.9999999999999966
0.9999999999999966
0.9999999999999966
0.9999999999999966
0.9999999999999966
0.9999999999999966
0.9999999999999966
0.9999999999999966
0.9999999999999966
0.9999999999999966
0.9999999999999966
0.9999999999999966
0.9999999999999966
0.9999999999999966
0.9999999999999966
0.9999999999999966
0.9999999999999966
0.9999999999999966
0.9999999999999966
0.9999999999999966
0.9999999999999966
0.9999999999999966
0.9999999999999966
0.9999999999999966
0.9999999999999966
0.9999999999999966
0.9999999999999966
0.9999999999999966
0.9999999999999966
0.9999999999999966
0.9999999999999966
0.9999999999999966
0.9999999999999966
0.9999999999999966
0.9999999999999966
0.9999999999999966
0.9999999999999966
0.9999999999999966
0.9999999999999966
0.9999999999999966
0.9999999999999966
0.9999999999999966
0.9999999999999966
0.9999999999999966
0.9999999999999966
0.9999999999999966
0.9999999999999966
0.9999999999999966
0.9999999999999966
0.9999999999999966
0.9999999999999966
0.9999999999999966
0.9999999999999966
0.9999999999999966
0.9999999999999966
0.9999999999999966
0.9999999999999966
0.9999999999999966
0.9999999999999966
0.9999999999999966
0.9999999999999966
0.9999999999999966
0.9999999999999966
0.9999999999999966
0.9999999999999966
0.9999999999999966
0.9999999999999966
0.9999999999999966
0.9999999999999966
0.9999999999999966
0.9999999999999966
0.9999999999999966
0.9999999999999966
0.9999999999999966
0.9999999999999966
0.9999999999999966
0.9999999999999966
0.9999999999999966
0.9999999999999966
0.9999999999999966
0.9999999999999966
0.9999999999999966
0.9999999999999966
0.9999999999999966
0.9999999999999966
0.9999999999999966
0.9999999999999966
0.9999999999999966
0.9999999999999966
0.9999999999999966
0.9999999999999966
0.9999999999999966
0.9999999999999966
0.9999999999999966
0.9999999999999966
0.9999999999999966
0.9999999999999966
0.9999999999999966
0.9999999999999966
0.9999999999999966
0.9999999999999966
0.9999999999999966
0.9999999999999966
0.9999999999999966
0.9999999999999966
0.9999999999999966
0.9999999999999966
0.9999999999999966
0.9999999999999966
0.9999999999999966
0.9999999999999966
0.9999999999999966
0.9999999999999966
0.9999999999999966
0.9999999999999966
0.9999999999999966
0.9999999999999966
0.9999999999999966
0.9999999999999966
0.9999999999999966
0.9999999999999966
0.9999999999999966
0.9999999999999966
0.9999999999999966
0.9999999999999966
0.9999999999999966
0.9999999999999966
0.9999999999999966
0.9999999999999966
0.9999999999999966
0.9999999999999966
0.9999999999999966
0.9999999999999966
0.9999999999999966
0.9999999999999966
0.9999999999999966
0.9999999999999966
0.9999999999999966
0.9999999999999966
0.9999999999999966
0.9999999999999966
0.9999999999999966
0.9999999999999966
0.9999999999999966
0.9999999999999966
0.9999999999999966
0.9999999999999966
0.9999999999999966
0.9999999999999966
0.9999999999999966
0.9999999999999966
0.9999999999999966
0.9999999999999966
0.9999999999999966
0.9999999999999966
0.9999999999999966
0.9999999999999966
0.9999999999999966
0.9999999999999966
0.9999999999999966
0.9999999999999966
0.9999999999999966
0.9999999999999966
0.9999999999999966
0.9999999999999966
0.9999999999999966
0.9999999999999966
0.9999999999999966
0.9999999999999966
0.9999999999999966
0.9999999999999966
0.9999999999999966
0.9999999999999966
0.9999999999999966
0.9999999999999966
0.9999999999999966
0.9999999999999966
0.9999999999999966
0.9999999999999966
0.9999999999999966
0.9999999999999966
0.9999999999999966
0.9999999999999966
0.9999999999999966
0.9999999999999966
0.9999999999999966
0.9999999999999966
0.9999999999999966
0.9999999999999966
0.9999999999999966
0.9999999999999966
0.9999999999999966
0.9999999999999966
0.9999999999999966
0.9999999999999966
0.9999999999999966
0.9999999999999966
0.9999999999999966
0.9999999999999966
0.9999999999999966
0.9999999999999966
0.9999999999999966
0.9999999999999966
0.9999999999999966
0.9999999999999966
0.9999999999999966
0.9999999999999966
0.9999999999999966
0.9999999999999966
0.9999999999999966
0.9999999999999966
0.9999999999999966
0.9999999999999966
0.9999999999999966
0.9999999999999966
0.9999999999999966
0.9999999999999966
0.9999999999999966
0.9999999999999966
0.9999999999999966
0.9999999999999966
0.9999999999999966
0.9999999999999966
0.9999999999999966
0.9999999999999966
0.9999999999999966
0.9999999999999966
0.9999999999999966
0.9999999999999966
0.9999999999999966
0.9999999999999966
0.9999999999999966
0.9999999999999966
0.9999999999999966
0.9999999999999966
0.9999999999999966
0.9999999999999966
0.9999999999999966
0.9999999999999966
0.9999999999999966
0.9999999999999966
0.9999999999999966
0.9999999999999966
0.9999999999999966
0.9999999999999966
0.9999999999999966
0.9999999999999966
0.9999999999999966
0.9999999999999966
0.9999999999999966
0.9999999999999966
0.9999999999999966
0.9999999999999966
0.9999999999999966
0.9999999999999966
0.9999999999999966
0.9999999999999966
0.9999999999999966
0.9999999999999966
0.9999999999999966
0.9999999999999966
0.9999999999999966
0.9999999999999966
0.9999999999999966
0.9999999999999966
0.9999999999999966
0.9999999999999966
0.9999999999999966
0.9999999999999966
0.9999999999999966
0.9999999999999966
0.9999999999999966
0.9999999999999966
0.9999999999999966
0.9999999999999966
0.9999999999999966
0.9999999999999966
0.9999999999999966
0.9999999999999966
0.9999999999999966
0.9999999999999966
0.9999999999999966
0.9999999999999966
0.9999999999999966
0.9999999999999966
0.9999999999999966
0.9999999999999966
0.9999999999999966
0.9999999999999966
0.9999999999999966
0.9999999999999966
0.9999999999999966
0.9999999999999966
0.9999999999999966
0.9999999999999966
0.9999999999999966
0.9999999999999966
0.9999999999999966
0.9999999999999966
0.9999999999999966
0.9999999999999966
0.9999999999999966
0.9999999999999966
0.9999999999999966
0.9999999999999966
0.9999999999999966
0.9999999999999966
0.9999999999999966
0.9999999999999966
0.9999999999999966
0.9999999999999966
0.9999999999999966
0.9999999999999966
0.9999999999999966
0.9999999999999966
0.9999999999999966
0.9999999999999966
0.9999999999999966
0.9999999999999966
0.9999999999999966
0.9999999999999966
0.9999999999999966
0.9999999999999966
0.9999999999999966
0.9999999999999966
0.9999999999999966
0.9999999999999966
0.9999999999999966
0.9999999999999966
0.9999999999999966
0.9999999999999966
0.9999999999999966
0.9999999999999966
0.9999999999999966
0.9999999999999966
0.9999999999999966
0.9999999999999966
0.9999999999999966
0.9999999999999966
0.9999999999999966
0.9999999999999966
0.9999999999999966
0.9999999999999966
0.9999999999999966
0.9999999999999966
0.9999999999999966
0.9999999999999966
0.9999999999999966
0.9999999999999966
0.9999999999999966
0.9999999999999966
0.9999999999999966
0.9999999999999966
0.9999999999999966
0.9999999999999966
0.9999999999999966
0.9999999999999966
0.9999999999999966
0.9999999999999966
0.9999999999999966
0.9999999999999966
0.9999999999999966
0.9999999999999966
0.9999999999999966
0.9999999999999966
0.9999999999999966
0.9999999999999966
0.9999999999999966
0.9999999999999966
0.9999999999999966
0.9999999999999966
0.9999999999999966
0.9999999999999966
0.9999999999999966
0.9999999999999966
0.9999999999999966
0.9999999999999966
0.9999999999999966
0.9999999999999966
0.9999999999999966
0.9999999999999966
0.9999999999999966
0.9999999999999966
0.9999999999999966
0.9999999999999966
0.9999999999999966
0.9999999999999966
0.9999999999999966
0.9999999999999966
0.9999999999999966
0.9999999999999966
0.9999999999999966
0.9999999999999966
0.9999999999999966
0.9999999999999966
0.9999999999999966
0.9999999999999966
0.9999999999999966
0.9999999999999966
0.9999999999999966
0.9999999999999966
0.9999999999999966
0.9999999999999966
0.9999999999999966
0.9999999999999966
0.9999999999999966
0.9999999999999966
0.9999999999999966
0.9999999999999966
0.9999999999999966
0.9999999999999966
0.9999999999999966
0.9999999999999966
0.9999999999999966
0.9999999999999966
0.9999999999999966
0.9999999999999966
0.9999999999999966
0.9999999999999966
0.9999999999999966
0.9999999999999966
0.9999999999999966
0.9999999999999966
0.9999999999999966
0.9999999999999966
0.9999999999999966
0.9999999999999966
0.9999999999999966
0.9999999999999966
0.9999999999999966
0.9999999999999966
0.9999999999999966
0.9999999999999966
0.9999999999999966
0.9999999999999966
0.9999999999999966
0.9999999999999966
0.9999999999999966
0.9999999999999966
0.9999999999999966
0.9999999999999966
0.9999999999999966
0.9999999999999966
0.9999999999999966
0.9999999999999966
0.9999999999999966
0.9999999999999966
0.9999999999999966
0.9999999999999966
0.9999999999999966
0.9999999999999966
0.9999999999999966
0.9999999999999966
0.9999999999999966
0.9999999999999966
0.9999999999999966
0.9999999999999966
0.9999999999999966
0.9999999999999966
0.9999999999999966
0.9999999999999966
0.9999999999999966
0.9999999999999966
0.9999999999999966
0.9999999999999966
0.9999999999999966
0.9999999999999966
0.9999999999999966
0.9999999999999966
0.9999999999999966
0.9999999999999966
0.9999999999999966
0.9999999999999966
0.9999999999999966
0.9999999999999966
0.9999999999999966
0.9999999999999966
0.9999999999999966
0.9999999999999966
0.9999999999999966
0.9999999999999966
0.9999999999999966
0.9999999999999966
0.9999999999999966
0.9999999999999966
0.9999999999999966
0.9999999999999966
0.9999999999999966
0.9999999999999966
0.9999999999999966
0.9999999999999966
0.9999999999999966
0.9999999999999966
0.9999999999999966
0.9999999999999966
0.9999999999999966
0.9999999999999966
0.9999999999999966
0.9999999999999966
0.9999999999999966
0.9999999999999966
0.9999999999999966
0.9999999999999966
0.9999999999999966
0.9999999999999966
0.9999999999999966
0.9999999999999966
0.9999999999999966
0.9999999999999966
0.9999999999999966
0.9999999999999966
0.9999999999999966
0.9999999999999966
0.9999999999999966
0.9999999999999966
0.9999999999999966
0.9999999999999966
0.9999999999999966
0.9999999999999966
0.9999999999999966
0.9999999999999966
0.9999999999999966
0.9999999999999966
0.9999999999999966
0.9999999999999966
0.9999999999999966
0.9999999999999966
0.9999999999999966
0.9999999999999966
0.9999999999999966
0.9999999999999966
0.9999999999999966
0.9999999999999966
0.9999999999999966
0.9999999999999966
0.9999999999999966
0.9999999999999966
0.9999999999999966
0.9999999999999966
0.9999999999999966
0.9999999999999966
0.9999999999999966
0.9999999999999966
0.9999999999999966
0.9999999999999966
0.9999999999999966
0.9999999999999966
0.9999999999999966
0.9999999999999966
0.9999999999999966
0.9999999999999966
0.9999999999999966
0.9999999999999966
0.9999999999999966
0.9999999999999966
0.9999999999999966
0.9999999999999966
0.9999999999999966
0.9999999999999966
0.9999999999999966
0.9999999999999966
0.9999999999999966
0.9999999999999966
0.9999999999999966
0.9999999999999966
0.9999999999999966
0.9999999999999966
0.9999999999999966
0.9999999999999966
0.9999999999999966
0.9999999999999966
0.9999999999999966
0.9999999999999966
0.9999999999999966
0.9999999999999966
0.9999999999999966
0.9999999999999966
0.9999999999999966
0.9999999999999966
0.9999999999999966
0.9999999999999966
0.9999999999999966
0.9999999999999966
0.9999999999999966
0.9999999999999966
0.9999999999999966
0.9999999999999966
0.9999999999999966
0.9999999999999966
0.9999999999999966
0.9999999999999966
0.9999999999999966
0.9999999999999966
0.9999999999999966
0.9999999999999966
0.9999999999999966
0.9999999999999966
0.9999999999999966
0.9999999999999966
0.9999999999999966
0.9999999999999966
0.9999999999999966
0.9999999999999966
0.9999999999999966
0.9999999999999966
0.9999999999999966
0.9999999999999966
0.9999999999999966
0.9999999999999966
0.9999999999999966
0.9999999999999966
0.9999999999999966
0.9999999999999966
0.9999999999999966
0.9999999999999966
0.9999999999999966
0.9999999999999966
0.9999999999999966
0.9999999999999966
0.9999999999999966
0.9999999999999966
0.9999999999999966
0.9999999999999966
0.9999999999999966
0.9999999999999966
0.9999999999999966
0.9999999999999966
0.9999999999999966
0.9999999999999966
0.9999999999999966
0.9999999999999966
0.9999999999999966
0.9999999999999966
0.9999999999999966
0.9999999999999966
0.9999999999999966
0.9999999999999966
0.9999999999999966
0.9999999999999966
0.9999999999999966
0.9999999999999966
0.9999999999999966
0.9999999999999966
0.9999999999999966
0.9999999999999966
0.9999999999999966
0.9999999999999966
0.9999999999999966
0.9999999999999966
0.9999999999999966
0.9999999999999966
0.9999999999999966
0.9999999999999966
0.9999999999999966
0.9999999999999966
0.9999999999999966
0.9999999999999966
0.9999999999999966
0.9999999999999966
0.9999999999999966
0.9999999999999966
0.9999999999999966
