0.2486865148861646
0.24879544459045116
0.24890446976336547
0.2490135905304691
0.24912280701754386
0.24923211935059236
0.24934152765583845
0.2494510320597277
0.24956063268892795
0.24967032967032968
0.2497801231310466
0.2498900131984162
0.25
0.25011008366358434
0.25022026431718064
0.250330542089026
0.25044091710758376
0.2505513895015439
0.2506619593998235
0.2507726269315673
0.2508833922261484
0.2509942554131684
0.251105216622458
0.25121627598407786
0.2513274336283186
0.25143868968570166
0.25155004428697963
0.2516614975631369
0.25177304964539005
0.2518847006651885
0.25199645075421473
0.2521083000443853
0.2522202486678508
0.25233229675699687
0.25244444444444447
0.25255669186305024
0.2526690391459075
0.25278148642634624
0.25289403383793413
0.25300668151447664
0.2531194295900178
0.25323227819884087
0.25334522747546834
0.2534582775546631
0.25357142857142856
0.25368468066100935
0.2537980339588919
0.25391148860080465
0.25402504472271914
0.25413870246085013
0.25425246195165624
0.25436632333184056
0.25448028673835127
0.2545943523083819
0.2547085201793722
0.2548227904890085
0.25493716337522443
0.25505163897620114
0.2551662174303684
0.2552808988764045
0.25539568345323743
0.255510571300045
0.2556255625562556
0.25574065736154883
0.25585585585585585
0.25597115817936006
0.2560865644724977
0.25620207487595853
0.2563176895306859
0.2564334085778781
0.2565492321589883
0.25666516041572524
0.25678119349005424
0.2568973315241972
0.25701357466063346
0.25712992304210047
0.2572463768115942
0.2573629361123697
0.257479601087942
0.2575963718820862
0.2577132486388385
0.2578302315024966
0.2579473206176203
0.25806451612903225
0.2581818181818182
0.2582992269213279
0.2584167424931756
0.2585343650432408
0.2586520947176685
0.25876993166287016
0.25888787602552416
0.2590059279525764
0.2591240875912409
0.25924235508900045
0.2593607305936073
0.2594792142530836
0.2595978062157221
0.2597165066300869
0.2598353156450137
0.259954233409611
0.2600732600732601
0.26019239578561615
0.2603116406966086
0.260430994956442
0.26055045871559634
0.2606700321248279
0.26078971533516987
0.26090950849793293
0.2610294117647059
0.2611494252873563
0.2612695492180313
0.26138978370915783
0.26151012891344383
0.2616305849838784
0.26175115207373273
0.26187183033656064
0.26199261992619927
0.2621135209967697
0.26223453370267774
0.26235565819861434
0.26247689463955637
0.26259824318076747
0.2627197039777983
0.26284127718648775
0.26296296296296295
0.26308476146364057
0.2632066728452271
0.2633286972647195
0.2634508348794063
0.2635730858468677
0.26369545032497677
0.26381792847189967
0.26394052044609667
0.2640632264063226
0.2641860465116279
0.2643089809213588
0.2644320297951583
0.26455519329296695
0.2646784715750233
0.2648018648018648
0.26492537313432835
0.2650489967335511
0.26517273576097106
0.26529659037832787
0.26542056074766357
0.265544647031323
0.2656688493919551
0.26579316799251285
0.26591760299625467
0.26604215456674474
0.2661668228678538
0.26629160806375995
0.26641651031894936
0.2665415297982168
0.26666666666666666
0.2667919210897135
0.2669172932330827
0.26704278326281145
0.2671683913452493
0.26729411764705885
0.2674199623352166
0.2675459255770137
0.26767200754005654
0.2677982083922678
0.2679245283018868
0.2680509674374705
0.26817752596789424
0.2683042040623524
0.2684310018903592
0.2685579196217494
0.2686849574266793
0.26881211547562706
0.2689393939393939
0.2690667929891047
0.26919431279620853
0.26932195353247984
0.269449715370019
0.26957759848125296
0.26970560303893637
0.269833729216152
0.26996197718631176
0.2700903471231574
0.2702188392007612
0.2703474535935269
0.2704761904761905
0.27060505002382085
0.27073403241182076
0.2708631378159275
0.27099236641221375
0.2711217183770883
0.271251193887297
0.2713807931199236
0.27151051625239003
0.2716403634624582
0.27177033492822966
0.27190043082814747
0.2720306513409962
0.2721609966459032
0.2722914669223394
0.2724220623501199
0.272552783109405
0.2726836293807009
0.2728146013448607
0.27294569918308503
0.27307692307692305
0.27320827320827323
0.273339749759384
0.27347135291285507
0.27360308285163776
0.2737349397590361
0.2738669238187078
0.27399903521466473
0.27413127413127414
0.2742636407532593
0.2743961352657005
0.27452875785403574
0.2746615087040619
0.2747943880019352
0.2749273959341723
0.27506053268765135
0.2751937984496124
0.27532719340765877
0.2754607177497575
0.27559437166424067
0.2757281553398058
0.27586206896551724
0.2759961127308066
0.27613028682547397
0.27626459143968873
0.27639902676399025
0.2765335929892892
0.276668290306868
0.27680311890838205
0.27693807898586054
0.27707317073170734
0.2772083943387018
0.27734375
0.2774792379091353
0.2776148582600195
0.2777506112469438
0.27788649706457924
0.27802251590797844
0.2781586679725759
0.27829495345418914
0.2784313725490196
0.2785679254536538
0.2787046123650638
0.27884143348060875
0.27897838899803534
0.2791154791154791
0.27925270403146507
0.279390063944909
0.2795275590551181
0.2796651895617922
0.2798029556650246
0.2799408575653031
0.28007889546351084
0.28021706956092746
0.28035538005923
0.2804938271604938
0.28063241106719367
0.28077113198220466
0.2809099901088032
0.281048985650668
0.2811881188118812
0.2813273897969292
0.2814667988107037
0.2816063460585027
0.28174603174603174
0.2818858560794045
0.282025819265144
0.2821659215101838
0.2823061630218688
0.28244654400795627
0.28258706467661693
0.282727725236436
0.28286852589641437
0.2830094668659691
0.2831505483549352
0.2832917705735661
0.2834331337325349
0.2835746380429356
0.2837162837162837
0.28385807096451776
0.284
0.28414207103551775
0.28428428428428426
0.2844266399599399
0.2845691382765531
0.2847117794486215
0.2848545636910732
0.28499749121926743
0.285140562248996
0.28528377699648416
0.28542713567839195
0.28557063851181497
0.2857142857142857
0.2858580775037745
0.28600201409869086
0.28614609571788413
0.2862903225806452
0.28643469490670703
0.2865792129162462
0.2867238768298839
0.2868686868686869
0.2870136432541688
0.2871587462082912
0.28730399595346484
0.2874493927125506
0.28759493670886077
0.2877406281661601
0.287886467308667
0.2880324543610548
0.28817858954845255
0.2883248730964467
0.2884713052310818
0.2886178861788618
0.2887646161667514
0.28891149542217703
0.28905852417302796
0.2892057026476578
0.28935303107488536
0.28950050968399593
0.2896481387047425
0.2897959183673469
0.2899438489025013
0.2900919305413687
0.29024016351558507
0.2903885480572597
0.29053708439897696
0.2906857727737973
0.29083461341525857
0.29098360655737704
0.2911327524346489
0.29128205128205126
0.2914315033350436
0.2915811088295688
0.29173086800205444
0.2918807810894142
0.29203084832904885
0.29218106995884774
0.2923314462171899
0.2924819773429454
0.29263266357547657
0.2927835051546392
0.2929345023207839
0.2930856553147575
0.293236964377904
0.29338842975206614
0.2935400516795866
0.2936918304033092
0.2938437661665804
0.2939958592132505
0.2941481097876748
0.29430051813471503
0.2944530844997408
0.2946058091286307
0.29475869226777374
0.2949117341640706
0.2950649350649351
0.29521829521829523
0.2953718148725949
0.29552549427679503
0.2956793336803748
0.29583333333333334
0.29598749348619074
0.2961418143899896
0.2962962962962963
0.2964509394572025
0.29660574412532636
0.296760710553814
0.29691583899634083
0.29707112970711297
0.2972265829408687
0.2973821989528796
0.2975379779989523
0.2976939203354298
0.29785002621919243
0.29800629590766003
0.29816272965879265
0.29831932773109243
0.29847609038360484
0.29863301787592006
0.29879011046817466
0.29894736842105263
0.29910479199578727
0.2992623814541623
0.29942013705851345
0.29957805907172996
0.29973614775725593
0.29989440337909185
0.3000528262017961
0.30021141649048627
0.3003701745108408
0.30052910052910053
0.3006881948120699
0.3008474576271186
0.3010068892421834
0.30116648992576883
0.3013262599469496
0.30148619957537154
0.30164630908125334
0.3018065887353879
0.30196703880914405
0.3021276595744681
0.30228845130388504
0.30244941427050054
0.30261054874800214
0.302771855010661
0.30293333333333333
0.3030949839914621
0.3032568072610785
0.3034188034188034
0.30358097274184925
0.3037433155080214
0.30390583199571963
0.30406852248394006
0.3042313872522764
0.30439442658092175
0.30455764075067027
0.30472103004291845
0.3048845947396672
0.3050483351235231
0.30521225147770015
0.3053763440860215
0.3055406132329209
0.30570505920344454
0.30586968228325256
0.30603448275862066
0.30619946091644207
0.3063646170442287
0.30652995143011336
0.30669546436285094
0.30686115613182063
0.307027027027027
0.3071930773391022
0.30735930735930733
0.3075257173795344
0.3076923076923077
0.30785907859078593
0.3080260303687636
0.3081931633206728
0.30836047774158526
0.3085279739272135
0.30869565217391304
0.30886351277868407
0.30903155603917304
0.30919978225367445
0.3093681917211329
0.30953678474114443
0.30970556161395857
0.3098745226404801
0.31004366812227074
0.3102129983615511
0.3103825136612022
0.31055221432476765
0.31072210065645517
0.31089217296113847
0.31106243154435925
0.31123287671232874
0.31140350877192985
0.3115743280307186
0.31174533479692645
0.31191652937946185
0.3120879120879121
0.3122594832325454
0.3124312431243124
0.31260319207484866
0.31277533039647576
0.31294765840220384
0.3131201764057332
0.31329288472145617
0.31346578366445915
0.31363887355052456
0.3138121546961326
0.31398562741846325
0.3141592920353982
0.314333148865523
0.31450719822812845
0.3146814404432133
0.3148558758314856
0.31503050471436495
0.31520532741398444
0.31538034425319267
0.31555555555555553
0.3157309616453585
0.31590656284760843
0.3160823594880356
0.31625835189309576
0.31643454038997215
0.3166109253065775
0.31678750697155605
0.3169642857142857
0.31714126186487995
0.31731843575418994
0.3174958077138066
0.31767337807606266
0.3178511471740347
0.3180291153415454
0.31820728291316525
0.3183856502242152
0.31856421761076836
0.31874298540965207
0.3189219539584503
0.31910112359550563
0.3192804946599213
0.3194600674915636
0.3196398424310636
0.31981981981981983
0.32
0.3201803833145434
0.320360970107163
0.32054176072234764
0.3207227555053642
0.32090395480225986
0.32108535895986434
0.3212669683257919
0.32144878324844367
0.32163080407701017
0.3218130311614731
0.3219954648526077
0.3221781055019853
0.322360953461975
0.3225440090857467
0.32272727272727275
0.3229107447413303
0.323094425483504
0.3232783153101878
0.3234624145785877
0.32364672364672364
0.3238312428734322
0.3240159726183685
0.3242009132420091
0.32438606510565393
0.32457142857142857
0.324757004002287
0.32494279176201374
0.3251287922152261
0.32531500572737687
0.32550143266475645
0.3256880733944954
0.3258749282845668
0.32606199770378874
0.3262492820218265
0.3264367816091954
0.3266244968372628
0.32681242807825084
0.32700057570523894
0.3271889400921659
0.3273775216138329
0.3275663206459054
0.3277553375649163
0.3279445727482679
0.32813402657423457
0.3283236994219653
0.3285135916714864
0.3287037037037037
0.32889403590040533
0.3290845886442642
0.3292753623188406
0.3294663573085847
0.3296575739988392
0.32984901277584205
0.33004067402672865
0.3302325581395349
0.33042466550319954
0.33061699650756693
0.33080955154338965
0.331002331002331
0.33119533527696793
0.3313885647607935
0.3315820198482195
0.3317757009345794
0.33196960841613093
0.3321637426900585
0.3323581041544763
0.3325526932084309
0.3327475102519039
0.33294255568581477
0.33313782991202345
0.3333333333333333
0.33352906635349383
0.3337250293772033
0.3339212228101117
0.3341176470588235
0.33431430253090055
0.33451118963486454
0.33470830878020036
0.33490566037735847
0.3351032448377581
0.33530106257378983
0.33549911399881865
0.33569739952718675
0.33589591957421644
0.336094674556213
0.33629366489046775
0.33649289099526064
0.3366923532898637
0.3368920521945433
0.3370919881305638
0.33729216152019004
0.3374925727866904
0.3376932223543401
0.33789411064842356
0.3380952380952381
0.33829660512209647
0.33849821215733017
0.3387000596302922
0.33890214797136037
0.3391044776119403
0.33930704898446834
0.33950986252241483
0.3397129186602871
0.3399162178336326
0.3401197604790419
0.3403235470341522
0.3405275779376499
0.34073185362927416
0.34093637454981995
0.34114114114114114
0.34134615384615385
0.34155141310883946
0.3417569193742479
0.3419626730885009
0.3421686746987952
0.3423749246534057
0.3425814234016888
0.3427881713940857
0.34299516908212563
0.343202416918429
0.343409915356711
0.34361766485178463
0.34382566585956414
0.34403391883706846
0.34424242424242424
0.3444511825348696
0.3446601941747573
0.344869459623558
0.3450789793438639
0.3452887537993921
0.34549878345498786
0.3457090687766281
0.3459196102314251
0.3461304082876295
0.3463414634146341
0.3465527760829774
0.34676434676434675
0.34697617593158214
0.3471882640586797
0.3474006116207951
0.34761321909424725
0.34782608695652173
0.3480392156862745
0.3482526057633354
0.34846625766871164
0.34868017188459177
0.3488943488943489
0.34910878918254457
0.34932349323493234
0.3495384615384615
0.3497536945812808
0.34996919285274186
0.35018495684340323
0.3504009870450339
0.3506172839506173
0.3508338480543545
0.3510506798516687
0.3512677798392084
0.35148514851485146
0.35170278637770896
0.35192069392812886
0.3521388716676999
0.3523573200992556
0.35257603972687773
0.3527950310559006
0.35301429459291483
0.35323383084577115
0.35345364032358434
0.35367372353673726
0.35389408099688474
0.3541147132169576
0.3543356207111666
0.3545568039950062
0.3547782635852592
0.355
0.35522201375859913
0.35544430538172717
0.35566687539135877
0.3558897243107769
0.3561128526645768
0.35633626097867
0.35655994978028877
0.35678391959798994
0.3570081709616593
0.3572327044025157
0.3574575204531152
0.35768261964735515
0.3579080025204789
0.35813366960907944
0.3583596214511041
0.35858585858585856
0.35881238155401135
0.359039190897598
0.3592662871600253
0.3594936708860759
0.3597213426219126
0.35994930291508237
0.36017755231452125
0.3604060913705584
0.36063492063492064
0.36086404066073696
0.3610934520025429
0.361323155216285
0.36155315085932527
0.36178343949044584
0.3620140216698534
0.3622448979591837
0.3624760689215061
0.36270753512132825
0.36293929712460066
0.3631713554987212
0.36340371081253997
0.36363636363636365
0.3638693145419603
0.3641025641025641
0.36433611289288004
0.3645699614890886
0.36480411046885036
0.36503856041131105
0.3652733118971061
0.3655083655083655
0.3657437218287186
0.36597938144329895
0.3662153449387492
0.3664516129032258
0.3666881859264041
0.3669250645994832
0.36716224951519066
0.36739974126778785
0.36763754045307445
0.36787564766839376
0.3681140635126377
0.36835278858625164
0.3685918234912395
0.36883116883116884
0.36907082521117607
0.3693107932379714
0.36955107351984384
0.3697916666666667
0.3700325732899023
0.37027379400260757
0.370515329419439
0.370757180156658
0.37099934683213587
0.3712418300653595
0.37148463047743624
0.3717277486910995
0.3719711853307138
0.3722149410222805
0.37245901639344264
0.37270341207349084
0.37294812869336835
0.3731931668856767
0.37343852728468113
0.3736842105263158
0.3739302172481896
0.37417654808959155
0.3744232036914964
0.37467018469656993
0.37491749174917494
0.3751651254953765
0.3754130865829478
0.37566137566137564
0.3759099933818663
0.376158940397351
0.3764082173624917
0.376657824933687
0.37690776376907764
0.37715803452855245
0.37740863787375417
0.3776595744680851
0.37791084497671323
0.3781624500665779
0.37841439040639574
0.37866666666666665
0.3789192795196798
0.37917222963951935
0.37942551770207084
0.37967914438502676
0.37993311036789296
0.38018741633199465
0.3804420629604823
0.3806970509383378
0.38095238095238093
0.3812080536912752
0.38146406984553394
0.3817204301075269
0.38197713517148624
0.3822341857335128
0.3824915824915825
0.38274932614555257
0.3830074173971679
0.3832658569500675
0.3835246455097907
0.3837837837837838
0.38404327248140635
0.38430311231393777
0.3845633039945836
0.38482384823848237
0.38508474576271184
0.3853459972862958
0.38560760353021045
0.3858695652173913
0.38613188307273966
0.38639455782312926
0.3866575901974132
0.3869209809264305
0.38718473074301296
0.3874488403819918
0.38771331058020475
0.3879781420765027
0.38824333561175667
0.38850889192886456
0.3887748117727584
0.38904109589041097
0.38930774503084303
0.3895747599451303
0.38984214138641043
0.3901098901098901
0.39037800687285223
0.390646492434663
0.3909153475567791
0.39118457300275483
0.39145416953824946
0.3917241379310345
0.3919944789510007
0.39226519337016574
0.3925362819626814
0.39280774550484093
0.39307958477508653
0.39335180055401664
0.3936243936243936
0.39389736477115117
0.3941707147814018
0.39444444444444443
0.39471855455177207
0.3949930458970793
0.39526791927627003
0.3955431754874652
0.39581881533101043
0.39609483960948394
0.3963712491277041
0.39664804469273746
0.3969252271139064
0.3972027972027972
0.397480755773268
0.39775910364145656
0.39803784162578837
0.39831697054698456
0.39859649122807017
0.398876404494382
0.39915671117357693
0.39943741209563993
0.39971850809289233
0.4
0.4002818886539817
0.4005641748942172
0.4008468595624559
0.4011299435028249
0.40141342756183745
0.4016973125884017
0.4019815994338287
0.40226628895184136
0.4025513819985826
0.40283687943262414
0.40312278211497515
0.4034090909090909
0.4036958066808813
0.4039829302987198
0.40427046263345195
0.4045584045584046
0.40484675694939415
0.4051355206847361
0.4054246966452534
0.4057142857142857
0.40600428877769834
0.4062947067238913
0.4065855404438082
0.4068767908309456
0.407168458781362
0.40746054519368724
0.4077530509691314
0.40804597701149425
0.40833932422717467
0.40863309352517985
0.4089272858171346
0.4092219020172911
0.40951694304253783
0.4098124098124098
0.41010830324909747
0.41040462427745666
0.4107013738250181
0.4109985528219971
0.4112961622013034
0.4115942028985507
0.41189267585206674
0.41219158200290273
0.41249092229484385
0.4127906976744186
0.41309090909090906
0.413391557496361
0.41369264384559357
0.4139941690962099
0.41429613420860684
0.4145985401459854
0.41490138787436087
0.4152046783625731
0.415508412582297
0.4158125915080527
0.41611721611721614
0.41642228739002934
0.41672780630961115
0.4170337738619677
0.41734019103600295
0.4176470588235294
0.4179543782192789
0.4182621502209131
0.4185703758290346
0.41887905604719766
0.4191881918819188
0.4194977843426883
0.4198078344419808
0.42011834319526625
0.4204293116210215
0.42074074074074075
0.42105263157894735
0.42136498516320475
0.4216778025241277
0.42199108469539376
0.42230483271375463
0.4226190476190476
0.422933730454207
0.4232488822652757
0.4235645041014168
0.42388059701492536
0.42419716206123975
0.42451420029895365
0.42483171278982795
0.4251497005988024
0.4254681647940075
0.4257871064467766
0.42610652663165793
0.4264264264264264
0.42674680691209615
0.4270676691729323
0.42738901429646353
0.42771084337349397
0.42803315749811605
0.42835595776772245
0.4286792452830189
0.42900302114803623
0.4293272864701436
0.4296520423600605
0.4299772899318698
0.4303030303030303
0.4306292645943897
0.4309559939301973
0.4312832194381169
0.4316109422492401
0.43193916349809885
0.4322678843226788
0.4325971058644326
0.4329268292682927
0.43325705568268497
0.433587786259542
0.43391902215431627
0.43425076452599387
0.4345830145371079
0.4349157733537519
0.43524904214559385
0.43558282208588955
0.43591711435149655
0.4362519201228879
0.43658724058416604
0.4369230769230769
0.4372594303310239
0.43759630200308164
0.4379336931380108
0.4382716049382716
0.4386100386100386
0.43894899536321486
0.43928847641144625
0.43962848297213625
0.4399690162664601
0.44031007751937984
0.44065166795965865
0.4409937888198758
0.44133644133644134
0.4416796267496112
0.44202334630350193
0.4423676012461059
0.4427123928293063
0.44305772230889234
0.44340359094457454
0.44375
0.4440969507427678
0.4444444444444444
0.4447924823805795
0.445141065830721
0.4454901960784314
0.44583987441130296
0.4461901021209741
0.44654088050314467
0.44689221085759245
0.44724409448818897
0.44759653270291566
0.4479495268138801
0.4483030781373323
0.4486571879936809
0.4490118577075099
0.44936708860759494
0.44972288202692
0.4500792393026941
0.45043616177636797
0.4507936507936508
0.4511517077045274
0.45151033386327505
0.4518695306284805
0.45222929936305734
0.45258964143426295
0.4529505582137161
0.4533120510774142
0.4536741214057508
0.4540367705835332
0.4544
0.45476381104883906
0.4551282051282051
0.45549318364073776
0.45585874799357945
0.4562248995983936
0.4565916398713826
0.4569589702333065
0.4573268921095008
0.45769540692989524
0.45806451612903226
0.45843422114608556
0.4588045234248788
0.45917542441390463
0.459546925566343
0.45991902834008097
0.46029173419773095
0.4606650446066504
0.461038961038961
0.4614134849715678
0.46178861788617886
0.46216436126932464
0.46254071661237783
0.46291768541157297
0.4632952691680261
0.4636734693877551
0.46405228758169936
0.46443172526574
0.46481178396072015
0.4651924651924652
0.46557377049180326
0.46595570139458575
0.4663382594417077
0.46672144617912903
0.46710526315789475
0.4674897119341564
0.46787479406919275
0.4682605111294312
0.46864686468646866
0.4690338563170933
0.46942148760330576
0.46980976013234077
0.47019867549668876
0.47058823529411764
0.4709784411276949
0.4713692946058091
0.4717607973421927
0.47215295095594345
0.47254575707154745
0.47293921731890093
0.47333333333333333
0.4737281067556297
0.4741235392320534
0.47451963241436923
0.47491638795986624
0.47531380753138075
0.47571189279731996
0.47611064543168485
0.47651006711409394
0.47691015952980687
0.4773109243697479
0.47771236333052985
0.4781144781144781
0.4785172704296546
0.47892074198988194
0.47932489451476795
0.4797297297297297
0.4801352493660186
0.4805414551607445
0.4809483488569009
0.48135593220338985
0.4817642069550466
0.48217317487266553
0.4825828377230246
0.48299319727891155
0.48340425531914893
0.4838160136286201
0.484228473998295
0.48464163822525597
0.4850555081127242
0.48547008547008547
0.48588537211291705
0.4863013698630137
0.48671808054841476
0.48713550600343053
0.4875536480686695
0.4879725085910653
0.4883920894239037
0.48881239242685026
0.4892334194659776
0.4896551724137931
0.4900776531492666
0.4905008635578584
0.4909248055315471
0.4913494809688581
0.49177489177489175
0.49220103986135183
0.49262792714657416
0.4930555555555556
0.4934839270199826
0.49391304347826087
0.49434290687554394
0.49477351916376305
0.4952048823016565
0.4956369982547993
0.4960698689956332
0.4965034965034965
0.4969378827646544
0.4973730297723292
0.49780893952673094
0.4982456140350877
0.4986830553116769
0.4991212653778559
0.4995602462620932
0.5
0.5004405286343613
0.5008818342151675
0.501323918799647
0.5017667844522968
0.502210433244916
0.5026548672566372
0.5031000885739593
0.5035460992907801
0.5039929015084295
0.5044404973357016
0.5048888888888889
0.505338078291815
0.5057880676758683
0.5062388591800356
0.5066904549509367
0.5071428571428571
0.5075960679177838
0.5080500894454383
0.5085049239033125
0.5089605734767025
0.5094170403587444
0.5098743267504489
0.5103324348607368
0.5107913669064749
0.5112511251125113
0.5117117117117117
0.5121731289449954
0.5126353790613718
0.5130984643179766
0.5135623869801085
0.5140271493212669
0.5144927536231884
0.514959202175884
0.515426497277677
0.5158946412352406
0.5163636363636364
0.5168334849863512
0.517304189435337
0.5177757520510483
0.5182481751824818
0.5187214611872146
0.5191956124314442
0.5196706312900274
0.5201465201465202
0.5206232813932172
0.5211009174311927
0.5215794306703397
0.5220588235294118
0.5225390984360626
0.5230202578268877
0.5235023041474655
0.5239852398523985
0.5244690674053555
0.5249537892791127
0.5254394079555966
0.5259259259259259
0.5264133456904542
0.5269016697588126
0.5273909006499535
0.5278810408921933
0.5283720930232558
0.5288640595903166
0.5293569431500466
0.5298507462686567
0.5303454715219421
0.5308411214953271
0.5313376987839102
0.5318352059925093
0.5323336457357076
0.5328330206378987
0.5333333333333333
0.5338345864661654
0.5343367826904986
0.5348399246704332
0.5353440150801131
0.5358490566037736
0.5363550519357885
0.5368620037807184
0.5373699148533586
0.5378787878787878
0.5383886255924171
0.538899430740038
0.5394112060778727
0.5399239543726235
0.5404376784015223
0.540952380952381
0.5414680648236415
0.5419847328244275
0.542502387774594
0.5430210325047801
0.5435406698564593
0.5440613026819924
0.5445829338446788
0.54510556621881
0.5456292026897214
0.5461538461538461
0.546679499518768
0.5472061657032755
0.5477338476374156
0.5482625482625483
0.548792270531401
0.5493230174081238
0.5498547918683446
0.5503875968992248
0.550921435499515
0.5514563106796116
0.5519922254616132
0.5525291828793775
0.5530671859785784
0.5536062378167641
0.5541463414634147
0.5546875
0.555229716520039
0.5557729941291585
0.5563173359451518
0.5568627450980392
0.5574092247301276
0.5579567779960707
0.5585054080629301
0.5590551181102362
0.5596059113300492
0.5601577909270217
0.56071076011846
0.5612648221343873
0.5618199802176064
0.5623762376237624
0.5629335976214074
0.5634920634920635
0.564051638530288
0.5646123260437376
0.5651741293532339
0.5657370517928287
0.5663010967098704
0.5668662674650699
0.5674325674325674
0.568
0.5685685685685685
0.5691382765531062
0.5697091273821464
0.570281124497992
0.5708542713567839
0.5714285714285714
0.5720040281973817
0.5725806451612904
0.5731584258324924
0.5737373737373738
0.5743174924165824
0.5748987854251012
0.5754812563323202
0.5760649087221096
0.5766497461928934
0.5772357723577236
0.5778229908443541
0.5784114052953157
0.5790010193679919
0.5795918367346938
0.5801838610827375
0.5807770961145194
0.5813715455475946
0.5819672131147541
0.5825641025641025
0.5831622176591376
0.5837615621788284
0.5843621399176955
0.5849639546858908
0.5855670103092784
0.586171310629515
0.5867768595041323
0.5873836608066184
0.587991718426501
0.5886010362694301
0.5892116182572614
0.5898234683281413
0.5904365904365905
0.5910509885535901
0.5916666666666667
0.5922836287799792
0.592901878914405
0.593521421107628
0.5941422594142259
0.5947643979057592
0.5953878406708596
0.5960125918153201
0.5966386554621849
0.5972660357518401
0.5978947368421053
0.5985247629083246
0.5991561181434599
0.5997888067581837
0.6004228329809725
0.6010582010582011
0.6016949152542372
0.6023329798515377
0.6029723991507431
0.6036131774707758
0.6042553191489362
0.6048988285410011
0.605543710021322
0.6061899679829242
0.6068376068376068
0.6074866310160428
0.6081370449678801
0.6087888531618435
0.6094420600858369
0.6100966702470462
0.610752688172043
0.6114101184068891
0.6120689655172413
0.6127292340884574
0.6133909287257019
0.614054054054054
0.6147186147186147
0.6153846153846154
0.6160520607375272
0.6167209554831705
0.6173913043478261
0.6180631120783461
0.6187363834422658
0.6194111232279171
0.6200873362445415
0.6207650273224044
0.6214442013129103
0.6221248630887185
0.6228070175438597
0.6234906695938529
0.6241758241758242
0.6248624862486248
0.6255506607929515
0.6262403528114664
0.6269315673289183
0.6276243093922652
0.6283185840707964
0.6290143964562569
0.6297117516629712
0.6304106548279689
0.6311111111111111
0.6318131256952169
0.6325167037861915
0.633221850613155
0.6339285714285714
0.6346368715083799
0.6353467561521253
0.6360582306830908
0.6367713004484304
0.6374859708193041
0.6382022471910113
0.6389201349831272
0.6396396396396397
0.6403607666290868
0.6410835214446953
0.6418079096045197
0.6425339366515838
0.6432616081540203
0.6439909297052154
0.64472190692395
0.6454545454545455
0.646188850967008
0.6469248291571754
0.6476624857468644
0.6484018264840182
0.6491428571428571
0.6498855835240275
0.6506300114547537
0.6513761467889908
0.6521239954075775
0.6528735632183909
0.6536248561565017
0.6543778801843319
0.6551326412918108
0.6558891454965358
0.6566473988439306
0.6574074074074074
0.6581691772885284
0.6589327146171694
0.6596980255516841
0.6604651162790698
0.6612339930151339
0.662004662004662
0.662777129521587
0.6635514018691588
0.664327485380117
0.6651053864168618
0.6658851113716295
0.6666666666666666
0.6674500587544065
0.668235294117647
0.6690223792697291
0.6698113207547169
0.6706021251475797
0.6713947990543735
0.672189349112426
0.6729857819905213
0.6737841043890866
0.6745843230403801
0.6753864447086801
0.6761904761904762
0.6769964243146603
0.6778042959427207
0.6786140979689367
0.6794258373205742
0.6802395209580838
0.6810551558752997
0.6818727490996399
0.6826923076923077
0.6835138387484958
0.6843373493975904
0.6851628468033776
0.6859903381642513
0.686819830713422
0.6876513317191283
0.6884848484848485
0.6893203883495146
0.6901579586877278
0.6909975669099757
0.6918392204628502
0.6926829268292682
0.6935286935286935
0.6943765281173594
0.6952264381884945
0.696078431372549
0.6969325153374233
0.6977886977886978
0.6986469864698647
0.6995073891625616
0.7003699136868065
0.7012345679012346
0.7021013597033374
0.7029702970297029
0.7038413878562577
0.7047146401985112
0.7055900621118012
0.7064676616915423
0.7073474470734745
0.7082294264339152
0.7091136079900124
0.71
0.7108886107634543
0.7117794486215538
0.71267252195734
0.7135678391959799
0.7144654088050314
0.7153652392947103
0.7162673392181589
0.7171717171717171
0.718078381795196
0.7189873417721518
0.7198986058301647
0.7208121827411168
0.7217280813214739
0.72264631043257
0.7235668789808917
0.7244897959183674
0.7254150702426565
0.7263427109974424
0.7272727272727273
0.7282051282051282
0.7291399229781772
0.7300771208226221
0.731016731016731
0.7319587628865979
0.7329032258064516
0.7338501291989664
0.7347994825355757
0.7357512953367875
0.7367055771725033
0.7376623376623377
0.7386215864759428
0.7395833333333334
0.7405475880052151
0.741514360313316
0.742483660130719
0.743455497382199
0.744429882044561
0.7454068241469817
0.7463863337713534
0.7473684210526316
0.7483530961791831
0.7493403693931399
0.750330250990753
0.7513227513227513
0.752317880794702
0.753315649867374
0.7543160690571049
0.7553191489361702
0.7563249001331558
0.7573333333333333
0.7583444592790387
0.7593582887700535
0.7603748326639893
0.7613941018766756
0.7624161073825504
0.7634408602150538
0.7644683714670256
0.7654986522911051
0.766531713900135
0.7675675675675676
0.7686062246278755
0.7696476964769647
0.7706919945725916
0.7717391304347826
0.7727891156462585
0.773841961852861
0.7748976807639836
0.7759562841530054
0.7770177838577291
0.7780821917808219
0.7791495198902606
0.7802197802197802
0.781292984869326
0.7823691460055097
0.783448275862069
0.7845303867403315
0.7856154910096819
0.7867036011080333
0.7877947295423023
0.7888888888888889
0.7899860917941586
0.7910863509749304
0.7921896792189679
0.7932960893854749
0.7944055944055944
0.7955182072829131
0.7966339410939691
0.797752808988764
0.7988748241912799
0.8
0.8011283497884344
0.8022598870056498
0.8033946251768034
0.8045325779036827
0.8056737588652483
0.8068181818181818
0.8079658605974396
0.8091168091168092
0.8102710413694721
0.8114285714285714
0.8125894134477826
0.8137535816618912
0.8149210903873745
0.8160919540229885
0.8172661870503597
0.8184438040345822
0.8196248196248196
0.8208092485549133
0.8219971056439942
0.8231884057971014
0.8243831640058055
0.8255813953488372
0.826783114992722
0.8279883381924198
0.8291970802919708
0.8304093567251462
0.8316251830161054
0.8328445747800587
0.8340675477239354
0.8352941176470589
0.8365243004418262
0.8377581120943953
0.8389955686853766
0.8402366863905325
0.8414814814814815
0.8427299703264095
0.8439821693907875
0.8452380952380952
0.8464977645305514
0.8477611940298507
0.8490284005979073
0.8502994011976048
0.8515742128935532
0.8528528528528528
0.8541353383458646
0.8554216867469879
0.8567119155354449
0.8580060422960725
0.859304084720121
0.8606060606060606
0.8619119878603946
0.8632218844984803
0.8645357686453576
0.8658536585365854
0.867175572519084
0.8685015290519877
0.8698315467075038
0.8711656441717791
0.8725038402457758
0.8738461538461538
0.8751926040061633
0.8765432098765432
0.8778979907264297
0.8792569659442725
0.8806201550387597
0.8819875776397516
0.8833592534992224
0.8847352024922118
0.8861154446177847
0.8875
0.8888888888888888
0.890282131661442
0.8916797488226059
0.8930817610062893
0.8944881889763779
0.8958990536277602
0.8973143759873617
0.8987341772151899
0.9001584786053882
0.9015873015873016
0.9030206677265501
0.9044585987261147
0.9059011164274322
0.9073482428115016
0.9088
0.9102564102564102
0.9117174959871589
0.9131832797427653
0.9146537842190016
0.9161290322580645
0.9176090468497576
0.919093851132686
0.9205834683954619
0.922077922077922
0.9235772357723577
0.9250814332247557
0.9265905383360522
0.9281045751633987
0.9296235679214403
0.9311475409836065
0.9326765188834154
0.9342105263157895
0.9357495881383855
0.9372937293729373
0.9388429752066115
0.9403973509933775
0.9419568822553898
0.9435215946843853
0.9450915141430949
0.9466666666666667
0.9482470784641068
0.9498327759197325
0.9514237855946399
0.9530201342281879
0.9546218487394958
0.9562289562289562
0.9578414839797639
0.9594594594594594
0.961082910321489
0.9627118644067797
0.9643463497453311
0.9659863945578231
0.9676320272572402
0.9692832764505119
0.9709401709401709
0.9726027397260274
0.9742710120068611
0.9759450171821306
0.9776247848537005
0.9793103448275862
0.9810017271157168
0.9826989619377162
0.9844020797227037
0.9861111111111112
0.9878260869565217
0.9895470383275261
0.9912739965095986
0.993006993006993
0.9947460595446584
0.9964912280701754
0.9982425307557118
1.0
