1.0
0.42857142857142855
0.4
0.0
0.0
0.13157894736842105
0.0
0.0
0.5714285714285713
0.0
0.0
0.0
0.0
0.0
0.0
0.5
0.0
0.25
0.0
0.0
0.0
0.8333333333333333
0.0
0.0
0.3333333333333333
1.0
0.0
0.04
0.0
0.6666666666666666
0.0
0.05263157894736842
0.0
0.0
0.0
0.25
1.0
0.0
0.0
0.0
0.75
0.5
0.23529411764705882
0.0
0.0
0.0
0.0
0.8333333333333333
0.5714285714285714
0.5
0.6666666666666666
0.3333333333333333
0.058823529411764705
0.05263157894736842
0.0
0.0
0.3541666666666666
0.0
0.16666666666666666
0.0625
0.0
0.25
0.0
0.15789473684210525
0.0
0.11764705882352941
0.0
0.5714285714285713
0.0
0.5833333333333333
0.0
0.0
0.5
0.2
0.2727272727272727
0.0
0.0
0.1875
0.0
0.0
1.0
0.0
1.0
0.0
0.5
0.5
0.5
0.8999999999999999
0.2
1.0
1.0
1.0
1.0
1.0
1.0
1.0
0.5
1.0
1.0
0.0
0.125
0.0
0.0
0.0
0.21428571428571427
0.25
0.0
0.0
0.4
0.3333333333333333
0.0
0.0
0.519230769230769
0.4
0.3333333333333333
0.46153846153846156
0.0
0.42857142857142855
0.10526315789473684
0.25
0.3333333333333333
0.5
0.41666666666666663
0.5238095238095237
0.25
0.24999999999999997
0.0
0.3823529411764706
0.0
0.2857142857142857
0.14814814814814814
0.25
0.0
0.0
0.0
0.0
0.3333333333333333
0.0
0.5625
0.1111111111111111
0.1
0.45833333333333337
0.6842105263157894
0.3333333333333333
0.75
0.11764705882352941
1.0
0.8181818181818183
0.25
0.3333333333333333
0.0
0.3333333333333333
0.8
0.25
0.27272727272727276
0.46428571428571414
0.4444444444444444
0.24999999999999997
0.4705882352941177
0.07142857142857142
0.3333333333333333
0.15384615384615385
0.20833333333333331
0.5833333333333333
0.2
0.0
0.2
0.0
0.6111111111111113
0.0
1.0
0.2857142857142857
0.0
0.4444444444444444
0.0
0.0
0.0
0.05555555555555555
0.0
0.0
0.0
0.16666666666666666
0.2857142857142857
0.0
0.0
0.0
0.25
0.0
0.07692307692307693
0.2857142857142857
0.2
0.12903225806451613
0.0
0.0
0.42857142857142855
0.13333333333333333
0.5
0.0
0.0
0.0
0.3333333333333333
0.15254237288135594
0.21739130434782608
0.0
0.40909090909090917
0.0
0.21428571428571427
0.0
0.0
0.0
0.6666666666666666
0.4
0.0
0.2
0.0
0.0
0.0
0.0
0.75
0.2631578947368421
1.0
0.16666666666666666
0.0
0.12903225806451613
0.3333333333333333
0.25
0.0
0.0
0.30000000000000004
0.23076923076923078
0.2222222222222222
0.14285714285714285
0.25
0.5
0.13333333333333333
0.0
0.2
0.5
0.0
0.5
0.25
0.0
0.0
0.2571428571428572
0.46153846153846156
0.1111111111111111
0.9999999999999999
0.0
0.0
0.0
0.0
0.4
0.0
0.0
0.06666666666666667
0.7142857142857142
0.14285714285714285
0.5
0.5
0.36363636363636365
0.3333333333333333
0.5
0.0
0.08333333333333333
0.0
0.0
0.25
0.0
0.2727272727272727
0.16666666666666666
0.0
0.0
0.0
0.25
0.037037037037037035
0.75
0.6428571428571427
0.8181818181818183
0.6666666666666666
0.125
0.7
0.03225806451612903
0.0
0.75
1.0
0.5555555555555556
0.0
0.3333333333333333
0.0
0.2857142857142857
0.2222222222222222
0.6666666666666667
0.18181818181818182
0.2051282051282051
0.6666666666666666
0.3333333333333333
0.0
0.0
0.5
0.0
0.0
0.0
0.0
0.0
0.0
0.0
0.6666666666666666
1.0
0.0
0.3333333333333333
0.3333333333333333
0.0
0.5
0.16666666666666666
0.25
1.0
0.0
0.08333333333333333
0.0
1.0
0.0
0.0
0.0
0.13636363636363635
0.0
0.25
0.0
0.125
0.18181818181818182
0.0
0.6363636363636365
1.0
1.0
0.8
0.0
0.375
0.0
0.6666666666666666
1.0
0.6666666666666666
0.7142857142857142
0.3125
0.2727272727272727
0.0
0.0
0.5
0.25
0.6666666666666666
0.0
0.0
0.25
0.0
0.0
0.0
1.0000000000000002
0.7142857142857142
1.0
1.0
0.25
0.9999999999999999
1.0000000000000002
0.375
0.3333333333333333
0.0
0.0
0.0
1.0
0.0
0.0
0.0
0.0
0.2
0.0
0.0
0.6666666666666666
0.14285714285714285
1.0
0.5714285714285713
0.0
0.5714285714285714
0.8181818181818183
0.0
0.0
0.0
0.0
0.0
1.0
0.25
0.0
0.0
0.14285714285714285
0.0
0.0
0.0
0.5714285714285714
0.3333333333333333
0.0
0.0
0.3333333333333333
0.0
0.0
0.0
0.0
0.04
1.0
0.0
0.0
0.0
0.5
0.49999999999999994
0.0
0.0
0.11764705882352941
0.16666666666666666
0.6666666666666666
0.3333333333333333
0.18181818181818182
0.5
0.0
0.0
0.0
0.42857142857142855
0.0
0.0
0.0
0.0
0.0
0.5
0.29166666666666663
0.0
0.0
0.5
0.2
0.0
0.0
0.0
0.2
0.0
0.0
0.7
0.75
0.0
0.5
0.0
0.0
0.0
0.0
0.25
0.25
0.25
0.9999999999999999
0.0
0.0
0.0
0.5
0.0
0.0
0.0
0.4
0.0
0.0
0.0
0.0
0.0
1.0
0.0
1.0
0.3333333333333333
0.0
0.6923076923076923
0.0
0.0
0.0
0.2
0.3333333333333333
0.39285714285714274
0.6666666666666666
0.7777777777777779
0.0
0.3076923076923077
0.625
0.6666666666666666
0.19230769230769232
0.15384615384615385
0.25
0.0
0.0
0.7
0.49999999999999994
1.0
0.3333333333333333
0.25581395348837205
0.9090909090909093
0.0
0.0
0.0
0.8181818181818183
0.0
0.5
1.0
0.0
0.0
0.0
0.0
0.6666666666666666
0.0
0.0
0.0
0.09090909090909091
0.0
0.0
0.0
0.0
0.0
0.6000000000000001
0.36363636363636365
0.5
0.5
0.0
0.0
0.21212121212121213
0.0
0.0
0.0
0.0
0.125
0.0
0.0
0.0
1.0
0.0
0.0
0.0
0.0
0.0
0.0
0.0
0.31914893617021267
0.0
0.5
0.0
0.5
0.3333333333333333
0.0
0.2
0.0
0.0
0.0
0.0
0.0
0.0
1.0
0.0
0.6842105263157894
0.44999999999999996
0.5238095238095237
0.375
0.4838709677419353
0.625
0.0
0.1111111111111111
0.0
0.4
0.0
0.06666666666666667
0.0
0.5
0.0
0.0
0.16666666666666666
0.5714285714285714
0.0
0.0
0.0
0.0
0.0
0.0
0.0
0.1
0.0
0.0
0.0
0.0
1.0
0.5
0.0
0.0
0.0
0.0
0.2
0.0
0.0
0.25
0.0
0.15625
0.07142857142857142
0.0
0.0
0.09090909090909091
0.0
0.0
0.0
0.0
1.0
0.0
0.0
0.0
0.0
0.375
0.0
0.0
0.0
0.0
0.3333333333333333
0.2727272727272727
0.0
0.0
0.0
0.0
1.0
0.0
0.0
0.0
0.0
1.0
0.0
0.0
0.2222222222222222
0.0
0.42857142857142855
0.2
0.2
0.0
0.0
0.3333333333333333
0.0
0.0
0.75
1.0
0.5
0.5
0.0
0.8
0.6666666666666666
0.0
0.6666666666666666
0.0
1.0
0.0
0.0
0.0
0.0
0.0
1.0
0.6000000000000001
1.0
1.0
0.6666666666666666
0.0
0.0
0.0
0.0
0.0
0.0
0.0
0.25
0.5
1.0
0.0
0.25
0.0
0.0
1.0
0.0
0.6666666666666666
0.5
0.0
0.0
0.0
0.0
1.0
0.0
0.0
0.5
0.0
0.0
0.6190476190476191
0.16666666666666666
0.5
0.4
0.3333333333333333
0.3333333333333333
0.2631578947368421
0.0
0.5
0.3333333333333333
0.5
0.3333333333333333
0.2
0.5
0.5
0.6666666666666666
0.6363636363636365
0.0
0.0
0.5
0.0
0.0
0.0
0.8
0.0
0.0
0.0
0.4666666666666666
0.5
0.0
0.3333333333333333
0.6190476190476191
0.5
0.0
0.5
0.0
0.3333333333333333
0.5
0.0
0.0
0.5
0.5
0.5
0.0
1.0
0.5714285714285713
0.0
0.0
0.0
0.0
0.0
0.0
0.0
0.7619047619047621
0.0
0.6428571428571427
1.0
0.0
1.0
1.0
0.6666666666666666
0.6666666666666666
0.05128205128205128
1.0
1.0
0.0
0.0
1.0
0.5
0.3333333333333333
1.0
0.0
0.0
1.0
0.0
0.0
0.6666666666666666
0.0
0.3333333333333333
0.5
0.0
1.0
1.0
1.0
0.7142857142857142
0.0
0.0
0.0
0.0
0.1875
0.0
0.0
0.0
0.0
0.0
0.0
0.0
0.0
0.0
0.0
0.0
0.4
0.5
0.0
0.0
0.9166666666666667
0.5
0.0
0.6666666666666666
1.0
0.0
0.16666666666666666
0.6000000000000001
0.0
0.1111111111111111
0.0
0.0
0.0
0.0
0.0
1.0
0.0
0.0
0.0
0.0
0.14285714285714285
0.0
0.5
0.0
0.0
0.3333333333333333
0.0
0.0
0.0
0.0
0.3333333333333333
0.0
0.0
0.0
0.0
1.0
0.0
0.8
0.0
0.0
1.0
0.0
0.0
1.0
0.0
0.875
0.0
0.3333333333333333
0.0
0.0
0.0
0.0
0.0
0.0
0.0
0.0
0.0
0.0
0.8
0.0
0.0
1.0
0.0
0.0
0.0
0.0
1.0
1.0
1.0
1.0
1.0
0.0
0.3333333333333333
0.0
0.0
0.6000000000000001
0.0
0.5
1.0
0.0
0.4
1.0
0.0
0.0
0.0
1.0
0.0
0.0
1.0
0.0
0.0
0.5
0.0
0.0
0.0
0.7142857142857142
0.0
0.0
0.0
0.0
0.0
0.0
1.0
0.5714285714285714
0.0
1.0
0.0
0.0
0.3333333333333333
0.0
0.0
0.0
0.0
1.0
0.0
0.0
0.0
0.0
0.9999999999999998
0.0
0.0
0.0
0.0
0.0
0.0
0.0
1.0
0.7777777777777779
1.0
1.0
1.0
1.0
1.0
0.6363636363636365
0.6666666666666666
0.0
0.0
0.5
0.0
0.6000000000000001
0.0
0.0
0.0
0.0
0.0
0.0
0.0
0.0
0.0
0.25
0.0
0.0
0.5
0.0
0.0
1.0
1.0
0.3333333333333333
0.0
0.0
0.0
0.0
0.2
0.2
0.0
0.0
0.0
0.0
1.0
0.0
0.0
0.5
0.0
0.3333333333333333
1.0
1.0
0.0
0.3333333333333333
0.0
1.0
0.0
0.0
0.3333333333333333
0.0
0.0
0.0
0.0
0.5
0.0
1.0
0.0
0.0
0.0
0.0
0.42857142857142855
0.0
0.0
0.0
0.0
0.16666666666666666
0.5833333333333333
0.0
0.0
1.0
0.06666666666666667
0.0
0.0
0.0
0.0
0.0
0.0
0.0
0.0
0.5
0.0
0.0
0.5
0.4
0.0
0.2
0.0
0.0
0.0
0.0
0.3333333333333333
0.058823529411764705
0.0
0.0
0.0
0.0
0.9999999999999999
1.0
0.8
0.6666666666666666
0.3333333333333333
0.0
0.0
0.6
1.0
0.8333333333333333
1.0
0.0
0.0
0.0
0.0
0.0
0.0
0.0
1.0
0.0
0.0
0.0
0.0
0.0
0.0
0.0
0.0
0.0
0.0
1.0
0.0
0.2
0.0
0.0
0.0
0.0
0.0
0.0
0.0
0.0
0.0
0.0
0.5
0.0
0.5
0.41666666666666663
1.0
0.0
0.0
0.0
0.0
0.0
0.25
0.0
1.0
0.0
0.0
0.0
0.0
0.0
1.0
0.0
0.5
0.0
0.0
0.0
0.0
0.5
0.0
0.5
0.0
0.0
0.0
0.0
0.0
0.0
0.25
0.6666666666666666
0.0
0.0
0.0
0.0
0.0
0.4
0.0
0.0
0.0
0.0
0.0
1.0
0.0
0.0
0.5
0.0
0.0
0.0
0.0
0.0
0.0
0.0
0.0
0.0
0.2
0.0
0.0
0.0
0.0
0.0
0.0
0.0
0.0
0.0
0.0
0.0
0.0
0.0
0.0
0.07692307692307693
0.3333333333333333
0.0
0.0
0.0
0.0
0.0
0.0
1.0
0.0
1.0
1.0
0.5
1.0
0.0
0.5
0.0
0.0
0.0
0.0
0.0
0.0
0.6666666666666666
0.0
0.0
0.4
0.0
0.0
0.0
0.0
1.0
0.0
0.0
0.0
0.0
0.0
0.0
0.0
0.0
0.5
0.0
0.0
0.0
0.0
0.5
1.0
0.0
1.0
0.0
0.0
1.0
0.0
0.7142857142857142
0.0
0.0
0.0
0.0
0.0
0.0
0.0
0.0
0.0
0.5
0.0
0.0
0.0
0.0
0.3333333333333333
0.0
0.0
0.0
0.0
0.0
0.0
0.0
0.0
0.0
0.0
0.0
1.0
0.5
0.0
0.0
0.0
0.5
0.5
0.0
0.0
0.2
0.0
0.0
0.0
0.0
0.0
0.0
1.0
0.0
0.0
0.0
0.0
0.0
1.0
0.0
0.0
0.0
0.0
0.0
0.0
0.0
0.0
1.0
0.0
1.0
0.0
0.0
0.0
0.0
0.0
0.0
1.0
0.6000000000000001
0.2
0.29411764705882354
0.0
0.0
0.0
0.0
0.0
0.0
0.0
0.0
0.0
0.0
1.0
0.0
0.0
0.0
0.0
1.0
0.0
0.0
0.0
1.0
1.0
0.0
0.0
0.06666666666666667
0.0
0.0
0.0
0.0
0.0
0.0
0.0
0.0
0.0
0.0
0.0
0.0
0.0
0.3333333333333333
0.3333333333333333
1.0
0.0
0.5
0.0
0.0
0.0
0.0
1.0
0.0
0.0
0.0
0.0
0.0
1.0
0.0
0.0
0.0
0.0
0.0
0.0
0.0
0.0
0.3076923076923077
0.0
0.0
0.0
0.3333333333333333
0.0
0.0
0.0
0.0
0.0
1.0
0.2857142857142857
0.0
0.0
0.0
0.0
0.0
0.0
0.0
0.0
0.0
0.0
0.0
0.0
0.0
0.0
0.0
0.0
0.6666666666666666
0.0
0.0
0.0
0.0
0.0
0.0
0.0
1.0
0.0
0.0
1.0
0.0
0.0
0.0
0.0
0.0
0.0
0.0
0.0
0.0
0.0
0.0
0.0
0.0
0.0
0.0
0.2
0.05263157894736842
0.0
0.0
0.0
0.0
0.25
0.0
0.0
0.0
1.0
0.0
0.0
0.0
1.0
0.0
0.0
0.0
0.0
0.0
0.0
0.1111111111111111
0.0
0.0
0.5
0.0
0.0
0.0
0.0
0.0
0.0
0.0
0.08333333333333333
0.0
0.0
0.0
0.25
0.0
0.0
0.0
0.0
0.14285714285714285
0.0
0.3333333333333333
0.0
0.5
0.25
0.75
0.0
0.0
0.0
0.0
0.0
0.25
0.30000000000000004
0.0
0.5
0.0
0.5
0.0
1.0
0.0
0.0
0.0
0.0
0.16666666666666666
0.0
0.0
0.0
0.0
1.0
0.0
0.0
0.0
1.0
0.0
1.0
0.3333333333333333
0.0
0.0
0.0
0.0
0.0
0.0
0.0
0.0
0.0
0.0
0.0
0.0
0.0
0.0
0.0
0.0
0.0
0.0
0.0
0.0
0.0
0.0
0.5
0.0
0.0
0.0
0.0
0.0
0.0
0.0
0.14285714285714285
0.25
0.0
0.0
0.0
0.0
0.0
0.5
0.0
0.0
0.0
0.0
0.0
0.0
0.0
0.0
0.0
0.0
0.2
0.0
0.0
0.0
0.3333333333333333
0.0
0.0
0.0
0.16666666666666666
0.0
0.0
0.0
0.0
0.0
0.0
1.0
0.0
0.0
0.0
0.0
0.0
0.0
0.0
0.0
0.375
0.25
0.0
1.0
0.0
0.0
0.0
0.0
0.0
0.0
0.2727272727272727
0.0
0.0
0.0
0.0
0.0
0.1111111111111111
0.0
0.0
0.0
0.0
0.0
0.0
1.0
0.25
0.6666666666666666
1.0
0.0
0.0
0.0
0.0
0.0
0.0
0.4
0.5
0.0
0.0
0.0
0.0
0.0
0.5
0.23076923076923078
0.0
0.0
0.0
0.3333333333333333
0.5
0.0
0.0
0.0
0.0
0.5
0.0
0.0
0.0
0.0
0.0
0.0
0.0
0.0
0.2857142857142857
0.2
0.0
0.0
0.0
0.0
0.0
0.0
0.0
0.0
0.0
0.0
0.0
0.14285714285714285
0.0
0.06666666666666667
0.0
0.0
0.0
0.0
0.0
0.0
0.0
0.0
1.0
1.0
0.2
0.0
0.0
0.0
0.0
0.0
0.0
0.0
0.0
0.0
0.0
0.0
0.0
0.0
0.0
0.0
0.8333333333333333
0.0
1.0
1.0
0.0
0.0
0.0
0.0
0.0
0.0
0.0
0.0
0.0
0.5
0.0
0.0
0.0
1.0
1.0
0.2222222222222222
0.3333333333333333
0.0
0.0
0.0
0.0
0.0
0.0
0.0
0.0
0.0
0.0
0.0
0.0
0.0
0.0
1.0
0.0
0.0
0.0
0.0
0.0
0.0
0.0
0.0
0.3333333333333333
0.0
0.0
0.0
0.25
0.0
0.0
0.0
0.0
0.0
0.0
0.0
0.0
0.0
0.0
0.0
0.14285714285714285
0.0
0.0
0.0
0.5
0.25
0.0
0.0
0.0
0.0
0.0
0.0
0.0
0.0
0.0
0.0
0.0
0.0
0.0
0.0
0.0
0.0
0.0
0.0
0.0
0.0
0.0
0.0
0.0
0.0
0.0
0.0
0.0
0.0
0.0
0.0
0.0
0.0
0.5
0.5
0.0
0.0
0.0
1.0
0.0
0.0
0.0
1.0
0.0
0.0
0.0
0.0
0.0
0.0
0.0
0.0
0.0
0.0
0.0
0.0
0.0
0.0
0.0
0.0
0.0
0.0
0.0
0.0
0.0
0.0
0.0
0.5
0.0
0.0
0.0
0.0
0.0
0.0
0.0
0.5
1.0
0.0
0.5
0.0
1.0
0.0
0.0
0.0
0.0
0.0
0.0
0.0
0.0
0.0
1.0
0.0
0.0
0.0
0.0
0.0
0.0
0.0
0.0
0.3333333333333333
0.0
0.0
0.0
0.0
0.0
0.3333333333333333
0.5
0.0
0.0
0.0
0.0
0.0
0.0
0.5
0.0
0.5
0.0
0.0
0.0
0.0
0.0
0.0
0.0
0.0
0.0
0.1111111111111111
0.0
0.0
0.0
0.25
0.0
0.0
0.0
0.0
0.0
0.0
0.0
0.0
0.0
0.25
0.0
0.125
0.0
0.0
0.0
0.0
0.0
0.0
0.0
0.0
0.0
0.0
1.0
0.0
0.0
0.0
0.0
0.0
0.0
0.0
0.0
0.0
0.0
0.0
0.0
0.0
0.0
0.0
0.0
0.0
0.0
1.0
0.0
0.0
0.0
0.0
0.0
0.0
0.0
0.16666666666666666
0.0
0.0
0.5
0.0
0.0
0.0
0.0
0.0
0.0
0.0
0.0
0.0
1.0
0.0
0.0
0.0
0.0
0.0
0.0
0.0
0.0
0.0
0.0
0.0
0.0
0.0
0.0
0.0
0.0
0.0
0.0
0.0
0.5
0.0
0.0
0.0
0.0
0.0
0.0
0.5
0.0
0.0
0.0
0.0
0.0
0.0
0.0
0.0
0.0
0.0
0.0
0.0
0.0
1.0
0.0
1.0
0.0
0.0
0.0
0.0
0.0
0.0
0.0
0.0
0.0
0.0
0.0
0.0
0.0
0.0
0.0
0.0
0.0
0.0
0.0
0.0
0.0
0.0
0.0
0.0
0.0
0.0
0.0
0.0
0.0
0.0
0.0
0.0
0.0
0.6666666666666666
0.0
0.0
0.0
0.0
1.0
0.0
0.0
0.0
0.0
0.0
0.0
0.0
0.0
0.0
0.0
0.0
0.0
0.6666666666666666
0.0
0.0
0.0
0.0
0.0
0.0
0.0
0.0
0.0
0.0
0.0
0.0
0.0
0.0
0.5
0.0
0.0
0.0
0.0
0.5
0.0
0.0
0.0
0.0
0.0
0.0
0.0
0.0
0.0
0.0
0.0
0.0
0.0
0.0
0.0
0.0
0.0
0.0
0.0
0.0
0.0
0.0
0.0
0.0
0.0
0.0
0.0
0.0
0.0
0.0
0.0
0.0
0.0
0.0
0.0
0.0
0.0
0.0
0.0
0.0
0.5
0.0
0.0
0.5
0.0
0.0
0.0
1.0
0.0
0.0
0.0
0.0
0.0
0.0
0.0
0.0
1.0
0.0
0.0
0.3333333333333333
0.0
0.0
0.0
1.0
0.0
0.0
0.0
0.0
0.0
0.0
0.0
0.0
0.0
0.0
0.0
0.0
0.0
0.0
0.0
1.0
0.0
0.0
0.0
1.0
0.0
0.3333333333333333
0.0
0.0
0.0
0.0
0.0
0.0
0.0
0.0
0.0
0.0
0.0
1.0
0.0
0.0
0.0
0.0
0.0
0.0
0.0
0.0
0.0
0.0
0.0
0.0
0.0
0.0
0.0
0.0
0.0
0.0
0.0
0.0
0.0
0.0
0.0
0.0
0.0
0.0
0.0
0.0
0.0
0.0
0.0
0.0
0.0
0.0
0.0
0.0
0.0
0.0
0.0
0.0
0.0
0.0
0.0
0.0
0.0
0.0
0.0
0.0
0.0
0.0
0.0
0.0
0.0
0.0
0.0
0.0
0.0
0.0
0.0
0.0
0.0
0.0
0.0
0.0
0.0
0.0
0.0
0.0
0.0
0.0
0.0
0.0
0.0
0.0
0.0
0.0
0.0
0.0
0.0
0.0
0.5
0.0
0.0
0.0
0.0
0.0
0.0
0.0
0.0
0.0
0.0
1.0
0.0
0.0
0.0
0.0
0.0
0.0
0.0
0.0
0.0
0.0
0.0
0.0
0.0
0.0
0.0
0.0
0.0
0.0
0.0
0.0
0.0
0.0
0.0
0.0
0.0
0.0
0.0
0.0
0.0
0.0
0.0
0.0
0.0
0.0
0.0
0.0
0.0
0.0
0.0
0.0
0.0
0.0
0.0
0.0
0.0
0.0
0.0
0.0
0.0
0.0
0.0
0.0
0.0
0.0
0.0
0.0
0.0
0.0
0.0
0.0
0.0
0.0
0.0
0.0
0.0
0.0
0.0
1.0
0.0
1.0
0.0
0.0
0.0
0.0
0.0
0.0
0.0
0.0
0.0
0.0
0.0
0.0
0.0
0.0
1.0
0.0
0.0
0.0
0.0
0.0
0.0
0.0
0.0
