0.07773625510752338
0.07799685918688545
0.07799572506652505
0.07848896385261282
0.07877862595419725
0.07898103989763025
0.0789798915335027
0.07912413853267505
0.07925384201573017
0.07951439371909928
0.07971678225090574
0.08006455177226778
0.08079031155953655
0.08116713189113522
0.08139856073272508
0.08139737737329515
0.0818904734906194
0.08215095656220121
0.08261495297212733
0.0831080098851532
0.08328124318588809
0.083294569135944
0.08358408559011081
0.08387359362734571
0.08387237444582361
0.08512122797837401
0.08549791415323639
0.08601994244018904
0.08596055175221218
0.0869767441860459
0.08697548000754585
0.08804976599517644
0.0886298562562719
0.08920992965524516
0.09000799360511588
0.09052989564863076
0.09093551528187062
0.0920387164283108
0.0927930939266681
0.09367824444122222
0.09462149946957181
0.09472185083996193
0.09473500646679131
0.09474816171127505
0.09635980527501832
0.09696872820273857
0.09796997834836554
0.09901479264144916
0.09965271218702969
0.10108979947690784
0.10162595719328786
0.10267065763854309
0.10355549743546255
0.10471637800768079
0.10610969851072755
0.10727050823817962
0.10822787568833298
0.10847329575174323
0.10848624852897568
0.11002469853263071
0.11045895018234678
0.11138714551369554
0.11299812589889549
0.11299648429555718
0.11369216241735049
0.11479458422918962
0.11611488007901341
0.1166361602603151
0.11813071078893285
0.1187681580476634
0.11972516378319388
0.12133581244006186
0.12203128858414826
0.12202951600721818
0.12352385794174302
0.12481480405542435
0.12655598646275507
0.12800662328609586
0.12973318421475272
0.13106753812636432
0.1314142133011875
0.13298088653926854
0.13492513035018483
0.13607052604059508
0.1379420521385494
0.13904380155689117
0.1402036103809569
0.14168288361556516
0.14332186061373256
0.14485913447573642
0.14485703083024357
0.14655397752026394
0.14796044319880253
0.15022362918217005
0.15261743991867335
0.15464815729099968
0.15640292157348926
0.15757681361446674
0.15854738706823032
0.15854508494264177
0.16077884741040155
0.1607765129515724
0.16309729502129022
0.1639951215262454
0.1645880217786102
0.1664004878332406
0.16883720254946533
0.17115769912017215
0.17115521421625676
0.171152729384461
0.17302303973516694
0.17302052785920152
0.17621183746353505
0.17622379652751222
0.17802133991432467
0.18102372034951253
0.18359051780456317
0.18530077807454703
0.1873303430155358
0.18970823051240832
0.19292795865933995
0.19539278871273882
0.1972043603849233
0.19763694951660443
0.19763408084770145
0.20065025545743792
0.20424691931438235
0.20467938111407935
0.20728893017316702
0.21001451378806765
0.21307383056856916
0.2148558822675503
0.21485276403056902
0.2187681411819998
0.22214643349535992
0.22587292833717812
0.22948321650920733
0.23197596795723552
0.23538289628356046
0.2365404150341864
0.23864114582587878
0.241423844903707
0.24229100460000516
0.24228748875420675
0.24511354567214141
0.24821521852688466
0.25079443388422334
0.25131315476357613
0.25400832861756434
0.25531050493331553
0.2585278797463086
0.26122283160674964
0.2647592240617237
0.2678167256687554
0.2721218715995587
0.2721179235701344
0.2759731309936508
0.2787691504177584
0.28204384221442036
0.2820397504714185
0.2851837344590567
0.28914002205079575
0.293226756415759
0.2955580700380026
0.29987669543784035
0.3024834629221225
0.30597502067114535
0.3082044735849204
0.31246464265522295
0.31557876414259306
0.3155741866234011
0.31556960923684474
0.318712559650614
0.3219279415177235
0.32492566538554246
0.3249354567343109
0.3297750445995074
0.3343824331381066
0.338728625505975
0.340188542422024
0.345274180214932
0.34818424411190835
0.35315359737783436
0.35762972416408284
0.3611485751578194
0.3649283601136291
0.3686500282783944
0.3735317149568219
0.3747734160879029
0.3784512761022359
0.3831295949882946
0.38785128041546885
0.38786015689583897
0.38785453279966653
0.39087943159570887
0.39574572978003975
0.39694346571521394
0.4011135599118706
0.4057330104828785
0.4063505872116197
0.40635919444389845
0.4102969320882484
0.41491598161608256
0.4201438223097374
0.4227038782166837
0.42733704476894596
0.4327384490482703
0.437414827916485
0.4423810145118585
0.447521020585797
0.447529029733095
0.4517700269633215
0.4561993534641682
0.4613243650702896
0.46133217366118145
0.46399269416952066
0.4686245234611814
0.4737490578072908
0.4789169287860864
0.47890998695443404
0.4846864083723953
0.48467938311716635
0.48762917977164555
0.49337623561481997
0.493383578520346
0.49337642761921613
0.4933837703085846
0.49776805124754125
0.49777533007705854
0.5034492753625075
0.5062100549265846
0.5121880525202173
0.5170934597050447
0.5224914497712267
0.5285703934500036
0.5336057734106734
0.5392931151908342
0.5447774171107149
0.5497978524543248
0.5542674974643089
0.5598527770931904
0.5598591549298705
0.5604451335259603
0.5652766105427193
0.5710787509955604
0.5746638460647442
0.5787559586772721
0.5815149671104812
0.5881279068083741
0.5945667922338655
0.5996870517664993
0.6020109530295922
0.6070150529535706
0.6130766110340098
0.6130822165888422
0.6189986381941881
0.623886305358545
0.630744045894882
0.6307493951813904
0.6364334347390375
0.6422476858225636
0.6471636342570701
0.6526299016408809
0.6595300866243825
0.6642862316216283
0.6707225215833066
0.6758404913311422
0.6822619426983396
0.6874230507391096
0.6919177288526964
0.6975420402372043
0.7034558674427802
0.7082542763200574
0.7137187880191715
0.717169961619663
0.720852764823861
0.7271423812768015
0.7271318503071963
0.7332184390788477
0.7332223026787634
