0.12225705329153605
0.125
0.1277258566978193
0.13043478260869565
0.13312693498452013
0.13580246913580246
0.13846153846153847
0.1411042944785276
0.1437308868501529
0.14634146341463414
0.14893617021276595
0.15151515151515152
0.1540785498489426
0.1566265060240964
0.15915915915915915
0.16167664670658682
0.16417910447761194
0.16666666666666666
0.16913946587537093
0.17159763313609466
0.17404129793510326
0.17647058823529413
0.17888563049853373
0.18128654970760233
0.1836734693877551
0.18604651162790697
0.18840579710144928
0.1907514450867052
0.1930835734870317
0.19540229885057472
0.1977077363896848
0.2
0.2022792022792023
0.20454545454545456
0.20679886685552407
0.20903954802259886
0.2112676056338028
0.21348314606741572
0.21568627450980393
0.21787709497206703
0.2200557103064067
0.2222222222222222
0.22437673130193905
0.2265193370165746
0.22865013774104684
0.23076923076923078
0.2328767123287671
0.23497267759562843
0.23705722070844687
0.2391304347826087
0.24119241192411925
0.24324324324324326
0.24528301886792453
0.24731182795698925
0.24932975871313673
0.25133689839572193
0.25333333333333335
0.2553191489361702
0.2572944297082228
0.25925925925925924
0.2612137203166227
0.2631578947368421
0.2650918635170604
0.2670157068062827
0.2689295039164491
0.2708333333333333
0.2727272727272727
0.27461139896373055
0.27648578811369506
0.27835051546391754
0.2802056555269923
0.28205128205128205
0.28388746803069054
0.2857142857142857
0.2875318066157761
0.2893401015228426
0.2911392405063291
0.29292929292929293
0.2947103274559194
0.2964824120603015
0.2982456140350877
0.3
0.30174563591022446
0.3034825870646766
0.3052109181141439
0.3069306930693069
0.30864197530864196
0.3103448275862069
0.31203931203931207
0.3137254901960784
0.3154034229828851
0.3170731707317073
0.31873479318734793
0.32038834951456313
0.3220338983050847
0.32367149758454106
0.3253012048192771
0.3269230769230769
0.328537170263789
0.33014354066985646
0.3317422434367542
0.3333333333333333
0.334916864608076
0.33649289099526064
0.3380614657210402
0.33962264150943394
0.3411764705882353
0.3427230046948357
0.3442622950819672
0.34579439252336447
0.3473193473193473
0.3488372093023256
0.3503480278422274
0.35185185185185186
0.3533487297921478
0.3548387096774194
0.3563218390804598
0.3577981651376147
0.35926773455377575
0.3607305936073059
0.3621867881548975
0.36363636363636365
0.36507936507936506
0.3665158371040724
0.36794582392776526
0.36936936936936937
0.3707865168539326
0.3721973094170404
0.37360178970917224
0.375
0.37639198218262804
0.37777777777777777
0.37915742793791574
0.3805309734513274
0.3818984547461369
0.3832599118942731
0.38461538461538464
0.38596491228070173
0.387308533916849
0.388646288209607
0.3899782135076253
0.391304347826087
0.3926247288503254
0.3939393939393939
0.3952483801295896
0.39655172413793105
0.3978494623655914
0.39914163090128757
0.4004282655246253
0.4017094017094017
0.40298507462686567
0.40425531914893614
0.40552016985138006
0.4067796610169492
0.4080338266384778
0.4092827004219409
0.4105263157894737
0.4117647058823529
0.4129979035639413
0.41422594142259417
0.4154488517745303
0.4166666666666667
0.4178794178794179
0.4190871369294606
0.42028985507246375
0.4214876033057851
0.422680412371134
0.42386831275720166
0.42505133470225875
0.4262295081967213
0.4274028629856851
0.42857142857142855
0.42973523421588594
0.43089430894308944
0.43204868154158216
0.4331983805668016
0.43434343434343436
0.43548387096774194
0.43661971830985913
0.43775100401606426
0.43887775551102204
0.44
0.4411177644710579
0.44223107569721115
0.4433399602385686
0.4444444444444444
0.44554455445544555
0.44664031620553357
0.4477317554240631
0.44881889763779526
0.449901768172888
0.45098039215686275
0.4520547945205479
0.453125
0.45419103313840153
0.45525291828793774
0.4563106796116505
0.4573643410852713
0.4584139264990329
0.4594594594594595
0.4605009633911368
0.46153846153846156
0.46257197696737046
0.46360153256704983
0.4646271510516252
0.46564885496183206
0.4666666666666667
0.467680608365019
0.4686907020872865
0.4696969696969697
0.4706994328922495
0.4716981132075472
0.4726930320150659
0.47368421052631576
0.474671669793621
0.4756554307116105
0.4766355140186916
0.47761194029850745
0.478584729981378
0.4795539033457249
0.4805194805194805
0.48148148148148145
0.4824399260628466
0.4833948339483395
0.4843462246777164
0.4852941176470588
0.48623853211009177
0.48717948717948717
0.48811700182815354
0.48905109489051096
0.4899817850637523
0.4909090909090909
0.49183303085299457
0.4927536231884058
0.4936708860759494
0.49458483754512633
0.4954954954954955
0.49640287769784175
0.49730700179533216
0.4982078853046595
0.4991055456171735
0.5
0.5008912655971479
0.501779359430605
0.5026642984014209
0.5035460992907801
0.504424778761062
0.5053003533568905
0.5061728395061729
0.5070422535211268
0.507908611599297
0.5087719298245614
0.5096322241681261
0.5104895104895105
0.5113438045375218
0.5121951219512195
0.5130434782608696
0.5138888888888888
0.5147313691507799
0.5155709342560554
0.5164075993091537
0.5172413793103449
0.5180722891566265
0.5189003436426117
0.5197255574614065
0.5205479452054794
0.5213675213675214
0.5221843003412969
0.5229982964224872
0.5238095238095238
0.5246179966044142
0.5254237288135594
0.5262267343485617
0.527027027027027
0.5278246205733558
0.5286195286195287
0.5294117647058824
0.5302013422818792
0.5309882747068677
0.5317725752508361
0.5325542570951586
0.5333333333333333
0.5341098169717138
0.5348837209302325
0.5356550580431177
0.5364238410596026
0.5371900826446281
0.5379537953795379
0.5387149917627677
0.5394736842105263
0.5402298850574713
0.5409836065573771
0.5417348608837971
0.5424836601307189
0.5432300163132137
0.5439739413680782
0.5447154471544715
0.5454545454545454
0.546191247974068
0.5469255663430421
0.5476575121163166
0.5483870967741935
0.5491143317230274
0.5498392282958199
0.550561797752809
0.5512820512820513
0.552
0.5527156549520766
0.5534290271132376
0.554140127388535
0.5548489666136724
0.5555555555555556
0.5562599049128367
0.5569620253164557
0.5576619273301737
0.5583596214511041
0.5590551181102362
0.559748427672956
0.5604395604395604
0.5611285266457681
0.5618153364632238
0.5625
0.5631825273010921
0.5638629283489096
0.5645412130637636
0.5652173913043478
0.5658914728682171
0.56656346749226
0.5672333848531684
0.5679012345679012
0.5685670261941448
0.5692307692307692
0.5698924731182796
0.5705521472392638
0.5712098009188361
0.5718654434250765
0.5725190839694656
0.573170731707317
0.573820395738204
0.574468085106383
0.575113808801214
0.5757575757575758
0.5763993948562783
0.5770392749244713
0.5776772247360482
0.5783132530120482
0.5789473684210527
0.5795795795795796
0.5802098950524738
0.5808383233532934
0.5814648729446936
0.582089552238806
0.5827123695976155
0.5833333333333334
0.5839524517087668
0.5845697329376854
0.5851851851851851
0.5857988165680473
0.5864106351550961
0.5870206489675516
0.5876288659793815
0.5882352941176471
0.5888399412628488
0.5894428152492669
0.5900439238653001
0.5906432748538012
0.5912408759124088
0.5918367346938775
0.5924308588064047
0.5930232558139535
0.5936139332365747
0.5942028985507246
0.5947901591895803
0.5953757225433526
0.5959595959595959
0.5965417867435159
0.5971223021582733
0.5977011494252874
0.5982783357245337
0.5988538681948424
0.5994277539341917
0.6
0.6005706134094151
0.6011396011396012
0.6017069701280228
0.6022727272727273
0.6028368794326241
0.603399433427762
0.6039603960396039
0.6045197740112994
0.6050775740479548
0.6056338028169014
0.6061884669479606
0.6067415730337079
0.6072931276297335
0.6078431372549019
0.6083916083916084
0.6089385474860335
0.6094839609483961
0.6100278551532033
0.6105702364394993
0.6111111111111112
0.6116504854368932
0.6121883656509696
0.6127247579529738
0.6132596685082873
0.6137931034482759
0.6143250688705234
0.6148555708390646
0.6153846153846154
0.6159122085048011
0.6164383561643836
0.6169630642954856
0.6174863387978142
0.6180081855388813
0.6185286103542235
0.6190476190476191
0.6195652173913043
0.6200814111261872
0.6205962059620597
0.6211096075778079
0.6216216216216216
0.6221322537112011
0.6226415094339622
0.6231493943472409
0.6236559139784946
0.6241610738255033
0.6246648793565683
0.6251673360107095
0.6256684491978609
0.6261682242990654
0.6266666666666667
0.6271637816245007
0.6276595744680851
0.6281540504648074
0.6286472148541115
0.6291390728476821
0.6296296296296297
0.6301188903566711
0.6306068601583114
0.6310935441370223
0.631578947368421
0.6320630749014454
0.6325459317585301
0.6330275229357798
0.6335078534031413
0.6339869281045751
0.6344647519582245
0.6349413298565841
0.6354166666666666
0.635890767230169
0.6363636363636364
0.6368352788586251
0.6373056994818653
0.6377749029754204
0.6382428940568475
0.6387096774193548
0.6391752577319587
0.6396396396396397
0.6401028277634961
0.6405648267008985
0.6410256410256411
0.6414852752880922
0.6419437340153452
0.6424010217113666
0.6428571428571429
0.643312101910828
0.6437659033078881
0.6442185514612452
0.6446700507614214
0.6451204055766794
0.6455696202531646
0.6460176991150443
0.6464646464646465
0.6469104665825978
0.6473551637279596
0.6477987421383647
0.6482412060301508
0.6486825595984943
0.6491228070175439
0.6495619524405507
0.65
0.6504369538077404
0.6508728179551122
0.651307596513076
0.6517412935323383
0.6521739130434783
0.652605459057072
0.6530359355638166
0.6534653465346535
0.65389369592089
0.654320987654321
0.654747225647349
0.6551724137931034
0.6555965559655597
0.6560196560196561
0.656441717791411
0.6568627450980392
0.6572827417380661
0.6577017114914425
0.6581196581196581
0.6585365853658537
0.658952496954933
0.6593673965936739
0.6597812879708383
0.6601941747572816
0.6606060606060606
0.6610169491525424
0.6614268440145102
0.6618357487922706
0.6622436670687576
0.6626506024096386
0.6630565583634176
0.6634615384615384
0.6638655462184874
0.6642685851318945
0.6646706586826348
0.6650717703349283
0.6654719235364397
0.665871121718377
0.66626936829559
0.6666666666666666
0.667063020214031
0.667458432304038
0.66785290628707
0.6682464454976303
0.6686390532544378
0.6690307328605201
0.6694214876033058
0.6698113207547169
0.6702002355712603
0.6705882352941176
0.6709753231492362
0.6713615023474179
0.671746776084408
0.6721311475409836
0.672514619883041
0.6728971962616822
0.6732788798133023
0.6736596736596736
0.6740395809080326
0.6744186046511628
0.6747967479674797
0.6751740139211136
0.6755504055619931
0.6759259259259259
0.6763005780346821
0.6766743648960739
0.6770472895040369
0.6774193548387096
0.6777905638665133
0.6781609195402298
0.6785304247990815
0.6788990825688074
0.6792668957617412
0.6796338672768879
0.68
0.680365296803653
0.6807297605473204
0.6810933940774487
0.6814562002275313
0.6818181818181818
0.6821793416572077
0.6825396825396826
0.6828992072480181
0.6832579185520362
0.6836158192090396
0.6839729119638827
0.6843291995490417
0.6846846846846847
0.6850393700787402
0.6853932584269663
0.6857463524130191
0.6860986547085202
0.6864501679731243
0.6868008948545862
0.6871508379888268
0.6875
0.6878483835005574
0.688195991091314
0.6885428253615128
0.6888888888888889
0.6892341842397336
0.6895787139689579
0.689922480620155
0.6902654867256637
0.6906077348066298
0.6909492273730684
0.6912899669239251
0.6916299559471366
0.6919691969196919
0.6923076923076923
0.6926454445664105
0.6929824561403509
0.6933187294633077
0.6936542669584245
0.6939890710382514
0.6943231441048034
0.6946564885496184
0.6949891067538126
0.6953210010881393
0.6956521739130435
0.6959826275787188
0.6963123644251626
0.6966413867822319
0.696969696969697
0.6972972972972973
0.6976241900647948
0.697950377562028
0.6982758620689655
0.6986006458557589
0.6989247311827957
0.6992481203007519
0.6995708154506438
0.69989281886388
0.7002141327623126
0.7005347593582888
0.7008547008547008
0.7011739594450374
0.7014925373134329
0.7018104366347178
0.7021276595744681
0.7024442082890542
0.70276008492569
0.7030752916224814
0.7033898305084746
0.7037037037037037
0.7040169133192389
0.7043294614572334
0.7046413502109705
0.7049525816649105
0.7052631578947368
0.7055730809674028
0.7058823529411765
0.7061909758656874
0.7064989517819706
0.7068062827225131
0.7071129707112971
0.7074190177638453
