0.1115537848605577
0.09386281588447652
0.13011152416356875
0.10666666666666667
0.04237288135593221
0.03731343283582089
0.12456747404844284
0.08583690987124468
0.060109289617486336
0.09803921568627447
0.09818181818181816
0.11610486891385763
0.10326086956521735
0.01993355481727575
0.12301587301587301
0.041666666666666664
0.09187279151943459
0.08612440191387558
0.07931034482758623
0.028368794326241127
0.08450704225352111
0.030612244897959183
0.05639097744360902
0.08943089430894306
0.13076923076923075
0.020833333333333336
0.11538461538461534
0.0958904109589041
0.04716981132075471
0.11594202898550728
0.03614457831325302
0.10989010989010985
0.09051724137931033
0.1764705882352941
0.03846153846153846
0.08270676691729323
0.06722689075630252
0.051502145922746795
0.059171597633136105
0.12692307692307692
0.08823529411764708
0.0371900826446281
0.023529411764705882
0.11111111111111115
0.023972602739726026
0.08641975308641975
0.04562737642585551
0.08620689655172413
0.10975609756097555
0.029090909090909087
0.09917355371900827
0.023668639053254437
0.0784313725490196
0.026022304832713748
0.048327137546468384
0.0176678445229682
0.0958904109589041
0.05777777777777778
0.109375
0.10000000000000003
0.10628019323671492
0.0972972972972973
0.09708737864077667
0.0909090909090909
0.12809917355371903
0.029850746268656712
0.023584905660377357
0.15555555555555553
0.11740890688259102
0.06967213114754098
0.042735042735042736
0.056768558951965045
0.09009009009009007
0.08943089430894306
0.07986111111111113
0.06270627062706269
0.05829596412556053
0.11180124223602482
0.04522613065326633
0.1287878787878787
0.13580246913580246
0.07796610169491527
0.09714285714285714
0.094017094017094
0.08999999999999996
0.07801418439716312
0.11063829787234049
0.11328125
0.02242152466367713
0.05714285714285714
0.0956521739130435
0.12719298245614036
0.08424908424908426
0.01744186046511628
0.04310344827586208
0.10037174721189587
0.0642857142857143
0.054744525547445265
0.014388489208633094
0.12030075187969924
0.08620689655172417
0.040229885057471264
0.08095238095238093
0.10407239819004523
0.12234042553191482
0.028735632183908046
0.03187250996015936
0.03214285714285715
0.09411764705882353
0.12041884816753932
0.14772727272727273
0.09777777777777778
0.03731343283582089
0.046632124352331605
0.0735930735930736
0.10778443113772458
0.102803738317757
0.08243727598566311
0.06153846153846154
0.11214953271028037
0.10367892976588625
0.03344481605351171
0.046632124352331605
0.021276595744680847
0.12203389830508479
0.11985018726591755
0.0625
0.07423580786026197
0.03773584905660377
0.09465020576131686
0.050420168067226885
0.054054054054054064
0.06164383561643835
0.09885931558935364
0.08333333333333336
0.11160714285714282
0.04044117647058824
0.08717948717948718
0.06770833333333333
0.058823529411764705
0.09318996415770614
0.12556053811659193
0.11702127659574474
0.11244979919678709
0.011583011583011584
0.04366812227074235
0.13793103448275862
0.04273504273504273
0.0761904761904762
0.07692307692307689
0.12454212454212456
0.05019305019305019
0.08119658119658119
0.010869565217391304
0.08558558558558557
0.06632653061224489
0.05726872246696035
0.08994708994708994
0.08947368421052634
0.03829787234042553
0.14179104477611934
0.034482758620689655
0.10638297872340426
0.05319148936170213
0.02142857142857143
0.08938547486033517
0.125
0.12454212454212456
0.10619469026548678
0.07003891050583658
0.08013937282229965
0.013513513513513514
0.11111111111111106
0.03879310344827587
0.12962962962962962
0.09756097560975611
0.10332103321033215
0.12030075187969924
0.10714285714285711
0.11160714285714282
0.08943089430894306
0.07216494845360824
0.07589285714285712
0.08771929824561403
0.12883435582822092
0.052083333333333336
0.09417040358744394
0.05045871559633028
0.1453488372093023
0.1185567010309278
0.07876712328767123
0.06329113924050633
0.047619047619047616
0.01509433962264151
0.04013377926421405
0.08666666666666663
0.10431654676258997
0.017361111111111112
0.07692307692307693
0.1046931407942238
0.035971223021582725
0.05701754385964912
0.13865546218487398
0.03496503496503497
0.11965811965811964
0.024691358024691357
0.09345794392523364
0.09055118110236215
0.08713692946058091
0.014925373134328358
0.1274131274131275
0.10659898477157362
0.09734513274336287
0.06204379562043797
0.11151079136690653
0.08148148148148146
0.09756097560975609
0.0593607305936073
0.06049822064056941
0.11678832116788317
0.06635071090047394
0.15217391304347822
0.0228310502283105
0.007575757575757576
0.060085836909871265
0.032128514056224904
0.08088235294117647
0.11312217194570133
0.10041841004184096
0.08139534883720931
0.094017094017094
0.05284552845528456
0.087378640776699
0.07936507936507936
0.0823045267489712
0.09417040358744394
0.10486891385767787
0.09375000000000003
0.09137055837563453
0.11206896551724134
0.10150375939849623
0.056737588652482254
0.10666666666666667
0.10096153846153842
0.0391304347826087
0.05240174672489081
0.047244094488188976
0.14084507042253522
0.036912751677852344
0.08571428571428569
0.03745318352059925
0.10843373493975898
0.11904761904761908
0.0878378378378378
0.10671936758893284
0.05462184873949579
0.10550458715596331
0.08076923076923077
0.06451612903225803
0.10701107011070116
0.04182509505703422
0.09333333333333334
0.04452054794520548
0.08366533864541828
0.11029411764705883
0.11914893617021284
0.053475935828877004
0.116504854368932
0.013574660633484163
0.05687203791469195
0.045871559633027525
0.022388059701492536
0.1198156682027649
0.12021857923497274
0.15151515151515152
0.09960159362549795
0.10526315789473684
0.08163265306122447
0.08943089430894306
0.02666666666666667
0.056818181818181795
0.07407407407407407
0.04494382022471911
0.0311284046692607
0.07586206896551724
0.07608695652173914
0.1267123287671233
0.05813953488372093
0.09615384615384612
0.04608294930875576
0.14285714285714285
0.10483870967741929
0.0992366412213741
0.03260869565217391
0.11320754716981131
0.048780487804878044
0.05855855855855857
0.0827338129496403
0.03543307086614173
0.10043668122270737
0.06521739130434782
0.0374331550802139
0.08333333333333329
0.09137055837563453
0.10091743119266056
0.08474576271186442
0.09716599190283395
0.034722222222222224
0.10121457489878537
0.09547738693467334
0.03286384976525821
0.0476190476190476
0.08999999999999996
0.0897959183673469
0.023923444976076555
0.10091743119266056
0.10084033613445377
0.032520325203252036
0.047393364928909956
0.12500000000000006
0.1277258566978193
0.13043478260869576
0.13312693498452005
0.13580246913580252
0.13846153846153844
0.14110429447852763
0.14373088685015292
0.14634146341463422
0.1493902439024391
0.15151515151515155
0.15407854984894268
0.15709969788519645
0.1596385542168675
0.1616766467065867
0.16417910447761205
0.16716417910447773
0.16913946587537088
0.17159763313609452
0.17404129793510303
0.1775147928994081
0.1775147928994081
0.18128654970760233
0.1836734693877549
0.18604651162790717
0.18840579710144936
0.19186046511627927
0.1930835734870315
0.19540229885057453
0.19770773638968456
0.20000000000000032
0.2022792022792024
0.2022792022792024
0.20454545454545442
0.20963172804532554
0.20963172804532554
0.21408450704225337
0.21568627450980365
0.21787709497206686
0.22005571030640714
0.22222222222222193
0.22437673130193914
0.22777777777777747
0.22928176795580069
0.23076923076923045
0.23287671232876675
0.235616438356164
0.2377049180327871
0.23978201634877433
0.23978201634877433
0.2445652173913048
0.2466124661246607
0.2466124661246607
0.24999999999999983
0.25336927223719646
0.2533333333333338
0.2553191489361698
0.2572944297082226
0.2592592592592593
0.261904761904762
0.2638522427440636
0.2638522427440636
0.26455026455026465
0.26892950391644976
0.2708333333333331
0.27154046997389103
0.27272727272727276
0.27604166666666646
0.2783505154639171
0.2790697674418604
0.282776349614396
0.2820512820512816
0.28608247422680366
0.2875318066157761
0.28934010152284295
0.29113924050633
0.29113924050633
0.29620253164557053
0.2964824120603021
0.2997481108312344
0.2989949748743725
0.3025000000000002
0.3000000000000002
0.3075000000000002
0.306733167082295
0.3125000000000002
0.3126550868486355
0.3128078817733987
0.3144963144963148
0.31372549019607787
0.31707317073170754
0.31707317073170754
0.32029339853300814
0.32281553398058244
0.32445520581113857
0.32687651331719186
0.3236009732360094
0.3260869565217399
0.3317307692307686
0.328502415458938
0.3357314148681056
0.3341288782816223
0.33649289099526125
0.33649289099526125
0.3396674584323046
0.341176470588236
0.3427895981087475
0.3412322274881523
0.3451536643026009
0.3481308411214942
0.34579439252336336
0.3519813519813513
0.3526682134570779
0.3526682134570779
0.3556581986143194
0.35648148148148234
0.3526682134570779
0.3571428571428562
0.35796766743649033
0.361556064073226
0.36238532110091604
0.3638443935926768
0.3652968036529667
0.36674259681093363
0.3659090909090896
0.3679458239277659
0.3716216216216207
0.3752808988764041
0.37387387387387294
0.37612612612612517
0.3783783783783774
0.38288288288288186
0.3791574279379151
0.38137472283813684
0.38274336283185895
0.38137472283813684
0.38530066815144803
0.38546255506607985
0.39120879120879043
0.38461538461538386
0.3942731277533046
0.39473684210526416
0.39473684210526416
0.3960612691466094
0.4017467248908304
0.39565217391304197
0.3969631236442523
0.404761904761904
0.4008620689655161
0.4029850746268654
0.4038876889848828
0.40552016985138
0.41075268817204136
0.4029850746268654
0.4076433121019108
0.41036717062635153
0.41263157894736785
0.41063829787234096
0.4131355932203381
0.4173728813559313
0.4143763213530671
0.41596638655462104
0.41860465116279233
0.4196242171189971
0.42203742203742206
0.4187499999999991
0.42148760330578394
0.4249999999999991
0.42411642411642414
0.4273858921161817
0.42680412371133936
0.42915811088295497
0.4323770491803258
0.4314928425357885
0.4355828220858908
0.436213991769546
0.4372469635627544
0.4378818737270858
0.4410569105691047
0.43380855397148504
0.43319838056680293
0.44354838709677386
0.44785276073619756
0.44400000000000034
0.4455645161290319
0.4477911646586367
0.44200000000000034
0.44600000000000034
0.44752475247524787
0.44910179640718506
0.4486166007905121
0.45582329317269304
0.4505928853754923
0.45562130177514953
0.45759368836292075
0.456521739130433
0.4584980237154132
0.4609375
0.4580896686159844
0.45792563600782776
0.46850393700787324
0.4649805447470803
0.466019417475726
0.4601941747572795
0.4652509652509645
0.47104247104247027
0.46641074856046016
0.4689922480620163
0.4692307692307678
0.4662813102119474
0.476653696498053
0.47969052224371156
0.4760076775431857
0.46743295019157205
0.4761904761904771
0.4818355640535358
0.4772727272727269
0.47637051039697703
0.48113207547169806
0.4751908396946539
0.4809885931558949
0.4812030075187996
0.4803001876172602
0.4822429906542079
0.4897196261682267
0.4832089552238783
0.4906716417910424
0.4915572232645397
0.4870370370370341
0.4915572232645397
0.49529190207156526
0.48990825688073397
0.4944649446494435
0.4963503649635068
0.49999999999999695
0.49723756906077243
0.497227356746768
0.4972477064220184
0.4981684981684967
0.5027223230490037
0.5027522935779816
0.4990925589836679
0.49819494584837876
0.5045537340619293
0.5036231884057986
0.509124087591244
0.5063520871143394
0.5044722719141347
0.5071942446043144
0.5071174377224188
0.5090579710144942
0.5152057245080525
0.5135135135135114
0.516129032258066
0.5143369175627255
0.5088339222614867
0.5115864527629214
0.5169340463458092
0.513181019332159
0.5141342756183772
0.5203539823008874
0.515901060070674
0.5228070175438609
0.5202108963093118
0.52220248667851
0.5238095238095231
0.5253940455341481
0.5200000000000026
0.5270506108202424
0.5226480836236921
0.5244755244755279
0.5241379310344829
0.5322862129144832
0.5240549828178679
0.5352839931153143
0.5289115646258499
0.5295138888888882
0.5300171526586591
0.5303292894280748
0.5300171526586591
0.5291095890410967
0.5349233390119253
0.5355932203389787
0.5354058721934395
0.5363790186125236
0.5391156462585026
0.5319865319865313
0.5417376490630327
0.5411764705882337
0.5398981324278458
0.5391156462585026
0.5475792988313838
0.5400340715502558
0.5425709515859748
0.5471380471380469
0.5466666666666657
0.5468227424749161
0.5419463087248363
0.5463576158940401
0.5490848585690512
0.5443886097152417
0.5489220563847413
0.544999999999999
0.5498338870431903
0.5460636515912887
0.5495049504950511
0.5484400656814444
0.5594059405940608
0.5520661157024792
0.555371900826446
0.5533661740558287
0.5579119086460058
0.5533661740558287
0.5550082101806234
0.5530179445350759
0.5559210526315786
0.5570032573289904
0.5615763546798024
0.5550082101806234
0.5614886731391574
0.5679214402618677
0.5638126009693052
0.5603864734299533
0.5610932475884222
0.5634920634920618
0.5650793650793634
0.5705128205128188
0.5603864734299533
0.5679999999999998
0.5673076923076906
0.5716560509554164
0.5669291338582662
0.5691318327974253
0.5705128205128188
0.575039494470776
0.5727848101265844
0.5748031496062979
0.5730158730158713
0.5770440251572353
0.5772870662460541
0.5723270440251597
0.5691573926868055
0.5817610062893109
0.5736434108527145
0.5816164817749603
0.5790297339593156
0.5732087227414304
0.5903426791277226
0.5841121495327073
0.5813953488372104
0.5887850467289688
0.581903276131046
0.5912636505460224
0.5782945736434121
0.576923076923076
0.5882352941176503
0.580745341614902
0.5852534562211961
0.5880551301684553
0.5810397553516816
0.5907692307692294
0.5875968992248072
0.587349397590365
0.5957446808510631
0.5915279878971279
0.5880551301684553
0.5906976744186055
0.5960365853658506
0.5891238670694858
0.5957446808510631
0.5981595092024515
0.5969696969696963
0.5884146341463387
0.597615499254846
0.5946348733234005
0.5910447761194022
0.6071964017990974
0.5933734939759072
0.5943113772455062
0.6008968609865482
0.6050670640834599
0.6006051437216363
0.6011816838995546
0.5976331360946731
0.607038123167155
0.6089552238805958
0.5985185185185196
0.600299401197602
0.6020558002936893
0.6060150375939816
0.6060150375939816
0.6061946902654869
0.6112759643916899
0.6134328358208941
0.6220588235294099
0.6170839469808523
0.6079295154185058
0.6111111111111107
0.6053412462907997
0.605839416058394
0.6092124814264469
0.6064139941690979
0.6113537117903945
0.6152737752161443
0.6086956521739106
0.6131386861313869
0.6133720930232568
0.6196769456681388
0.6076696165191742
0.6164772727272744
0.6224783861671531
0.6195965417867496
0.6098981077147031
0.6248196248196309
0.6237337192474686
0.6158273381295009
0.6161473087818712
0.6207386363636381
0.6158273381295009
0.6172661870503642
0.6187050359712275
0.6192528735632178
0.6190476190476251
0.6152758132956172
0.623762376237626
0.6193181818181835
0.6285310734463254
0.6306818181818202
0.6257142857142894
0.6314285714285752
0.6264044943820214
0.6293706293706229
0.6202531645569578
0.6290550070521853
0.6327683615819185
0.6309192200557054
0.6274787535410777
0.6377622377622312
0.6295264623955383
0.6294765840220384
0.6373779637377923
0.6323943661971824
0.630853994490358
0.6298342541436472
0.6325385694249724
0.6371191135734025
0.6380027739251038
0.6383866481223891
0.6349862258953165
0.6291666666666648
0.6298342541436472
0.6320885200553231
0.6396148555708366
0.6361149110807117
0.630853994490358
0.6397260273972636
0.6346153846153827
0.6460905349794225
0.6414835164835145
0.6420765027322353
0.6389645776566754
0.6373477672530393
0.6420765027322353
0.6554621848739476
0.6395663956639533
0.6445047489823583
0.6388508891928869
0.6411290322580641
0.6483516483516464
0.6409214092140888
0.6445945945945893
0.6539509536784733
0.6478494623655909
0.6458616010854791
0.648395721925136
0.6465053763440856
0.6494565217391309
0.6394101876675606
0.6572199730094516
0.650134048257373
0.6613119143239667
0.6564986737400533
0.6532797858099104
0.6556291390728524
0.6524064171123017
0.6496644295301947
0.6502659574468035
0.6586021505376339
0.6533864541832665
0.6548089591567829
0.6529255319148886
0.6578249336870029
0.6635638297872288
0.6657824933687003
0.6479999999999991
0.6568364611260057
0.6587615283267433
0.6561679790026258
0.6569920844327161
0.6618610747051183
0.6557591623036666
0.6557591623036666
0.6618421052631528
0.6563706563706574
0.6618421052631528
0.6657929226736636
0.6588235294117627
0.6609947643979076
0.6636713735558398
0.6662354463130707
0.6705426356589177
0.657516339869279
0.656618610747058
0.6601562500000017
0.65463917525773
0.6679536679536693
0.666228646517737
0.6697009102730755
0.6666666666666695
0.6601049868766417
0.6623376623376556
0.6598465473145773
0.6704980842911922
0.6590330788804029
0.670483460559792
0.6679790026246734
0.6653696498054454
0.6696542893725979
0.6815856777493593
0.6671001300390054
0.666666666666671
0.6675224646983301
0.6687737041719388
0.6704689480354924
0.6679340937896114
0.6746231155778827
0.6798975672215097
0.6692111959287488
0.682519280205653
0.6760563380281678
0.678795483061477
0.67450495049505
0.6777070063694267
0.6747141041931414
0.6734693877551043
0.677944862155379
0.6750313676286038
0.6780735107731353
0.677135678391953
0.6787499999999911
0.6815920398010018
0.678795483061477
0.6783919597989881
0.6779874213836478
0.6801470588235273
0.6716791979949781
0.6809045226130584
0.6828358208955292
0.6809290953545244
0.681249999999991
0.6844106463878377
0.6828963795255946
0.6852540272614667
0.6787499999999911
0.6849315068493175
0.691919191919194
0.6868811881188124
0.6823238566131077
0.6837606837606817
0.6878901373283411
0.6855345911949685
0.6877323420074395
0.6851168511685067
0.6840148698884803
0.6866585067319402
0.6879606879606911
0.6888619854721607
0.6908866995073982
0.6855733662145465
0.6940024479804099
0.6886446886446865
0.6935286935286914
0.6876513317191341
0.6858190709046468
0.690330477356175
0.681710213776724
0.6887254901960763
0.6909090909090942
0.6810551558752966
0.6929611650485522
0.6980198019801985
0.6950182260024246
0.6929611650485522
0.6899879372738157
0.6973365617433472
0.7002427184466108
0.6922141119221491
0.6887816646562042
0.6934131736526953
0.6973684210526336
0.6924004825090387
0.6979542719614853
0.7056694813027655
0.6932223543400761
0.6977567886658727
0.7002369668246491
0.7032181168057207
0.6993865030674817
0.6967895362663544
0.7005988023952104
0.6964705882352987
0.7063679245282988
0.698203592814372
0.7092198581560195
0.7110582639714679
0.6907340553549872
0.701314217443256
0.7042755344418072
0.7034400948991677
0.6989374262101465
0.7036599763872421
0.7074910820451895
0.7009345794392466
0.6933174224343672
0.6950354609928996
0.7084309133489468
0.7056737588652395
0.6936619718309822
0.709639953542388
0.710128055878931
0.6988095238095217
0.7072018890200638
0.7045720984759732
0.7010428736964083
0.7171597633136052
0.7056737588652395
0.7011494252873536
0.7100238663484479
