0.07773625510752338
0.07799685918688545
0.07799572506652505
0.07848896385261282
0.07877862595419725
0.07898103989763025
0.0789798915335027
0.07912413853267505
0.07923930269413491
0.07949985460889283
0.07970224335208194
0.08005001308482047
0.08077577308345961
0.0811525936264225
0.08138402267937042
0.08138283953129243
0.08187593585996245
0.08215095656220121
0.08261495297212733
0.0831080098851532
0.08328124318588809
0.08328003256192378
0.08356954922739948
0.08385905747593717
0.08387237444582361
0.08513576370719546
0.0855124496707735
0.08603447774644794
0.08598962194218587
0.08702034883720867
0.08703361869739046
0.08810790384000655
0.08868799325611204
0.08926806581011987
0.09005159508756629
0.09058803011364833
0.09100818230702794
0.09211138239738415
0.09286575883968821
0.09373637552682026
0.09466509715017521
0.0947654478869886
0.0947640707424369
0.09476269363791788
0.09635980527501832
0.09696872820273857
0.09798450964150532
0.09904385480541789
0.09968177392869985
0.10111886079629175
0.1016404876418428
0.10268518787596717
0.10355549743546255
0.10473090782286154
0.10613875771886414
0.10731409641706552
0.1082714632339183
0.10850235369327867
0.10850077728865547
0.11001016998403271
0.11044442184482443
0.11137261738724273
0.11296907006811666
0.11298195659122502
0.11367763492406946
0.11478005694695358
0.11610035300781624
0.11662163340015066
0.11810165749065717
0.1187681580476634
0.11972516378319388
0.12132128642396704
0.12201676277905552
0.12201499041312137
0.12350933255863604
0.12478575371117777
0.12655598646275507
0.12802114803627015
0.12974770875396172
0.13109658678286398
0.13144326153578104
0.13300993435196823
0.13498322513182104
0.13611409649401826
0.13797109868564114
0.13905832461951462
0.14021813323266408
0.14169740625636218
0.14332186061373256
0.14485913447573642
0.14485703083024357
0.14656849931748156
0.14798948637147868
0.15026719330856408
0.15264648224786817
0.15467719919847217
0.15641744231637048
0.15759133414649903
0.15856190738941983
0.15857412516334743
0.16082240710896847
0.160820072017666
0.16314085345492899
0.16403867932744756
0.16463157894739425
0.16644404436962484
0.16889527708813568
0.17123029123957162
0.17124232349484678
0.1712398373983983
0.17306659310982755
0.1730640806015725
0.1762553895736348
0.17626734800535904
0.1780648907599369
0.18106727056290856
0.18361955085869533
0.1853152943908866
0.18734485912115498
0.18975177819712308
0.19294247434353673
0.19543633513322303
0.1972479061733198
0.19769500972504056
0.1977066550548283
0.2007373432419246
0.20431949141476413
0.2047664663705454
0.2073905281644296
0.2101015965166598
0.21316091203327947
0.21494296246841527
0.21493984296762542
0.21888424474637933
0.22224802263983418
0.22594549095872052
0.2295557780776982
0.23206304057579935
0.2354844795310318
0.23662748512561008
0.23871370318246923
0.2414964012073987
0.24239258195115806
0.2423890646313871
0.24521512007539176
0.2483313018747284
0.2509250257556051
0.25145825473745836
0.2541534264860768
0.2554556006965193
0.25871650150165154
0.261425959780627
0.2649623492884261
0.2680343566826256
0.2723394994559246
0.27233554826908685
0.276219768740833
0.27900127669445285
0.282246949759866
0.2822428550702868
0.28537232885054986
0.28934312075676666
0.2934008384954597
0.29571764296282904
0.30000725320965443
0.30262852500869536
0.3061200806534481
0.30832051988739495
0.31260969842916814
0.315709312445465
0.3157047330326498
0.3157146586987113
0.31884310227278007
0.3220729867718426
0.3250562042208462
0.32506599367626565
0.32990557964816813
0.334527469977464
0.33883014982104864
0.3402900652646635
0.3453902046380731
0.3482857640098085
0.35325511580342855
0.3577457435393187
0.3612645928505176
0.3650298741225623
0.3687515408151926
0.37361872444085564
0.3748894270509389
0.37853828306279286
0.3832020997373556
0.3879092833736198
0.38791815901291626
0.3879125340756946
0.39093743203071213
0.39581822927254334
0.397030463844754
0.40117155782394576
0.4057765082862394
0.4063940843843034
0.4064026909859233
0.4103694252738889
0.41498847375068604
0.4202163133933341
0.4228053642623523
0.42742403154695563
0.43281093697902984
0.4374873147963599
0.44251148900409537
0.4476369962309116
0.4476450036969402
0.45185700617528973
0.45630082774043923
0.4613968456454955
0.46139015728080895
0.4640796683381924
0.468668009915151
0.4737345625327503
0.47887344359279466
0.47888099724578065
0.48464292443970836
0.4846503942488917
0.48760019132354215
0.4933472475868755
0.4933545909125483
0.4933619340253846
0.4933692769248143
0.4977535580738261
0.4977608371133924
0.5034202898552611
0.5062100549265846
0.5121590678531062
0.5171079518285756
0.5225204335982512
0.5285848851535033
0.5336057734106734
0.5393220977578201
0.5448208903312111
0.5498703067718776
0.5543399507319511
0.5599397197545054
0.5599460963313659
0.560517583644054
0.5653345697973634
0.5711367094103976
0.574750782427327
0.5788428937802179
0.5816308789016084
0.5882438169200829
0.5946827006662039
0.5997884701753889
0.602112369969119
0.6071164684237765
0.6131490496061005
0.6131546541114791
0.6190710746674011
0.6239587407823646
0.6308164802693388
0.6308218285065144
0.6364768941045308
0.6422766583131838
0.647178120292532
0.65265887329212
0.6595300866243825
0.6642572608097213
0.6706790659949179
0.675797036372207
0.6821895188158401
0.6873651124723329
0.6918597914251182
0.6975275560901033
0.7034558674427802
0.7082832437751216
0.7137477550546851
0.7172278948516133
0.7209106972167585
0.7272003128306707
0.7272042637007777
0.7332908514237041
0.7332947139749254
