0.8446215139442225
0.8519855595667916
0.8587360594795562
0.8300653594771222
0.8523206751054813
0.8619402985074593
0.8620689655172429
0.8497854077253187
0.8478260869565242
0.8578431372549
0.8581818181818219
0.8689138576779043
0.832432432432429
0.8571428571428608
0.8622047244094474
0.8402366863905333
0.8586572438162585
0.8666666666666647
0.8551724137931049
0.8581560283687898
0.8591549295774638
0.8571428571428579
0.8533834586466209
0.8536585365853641
0.8653846153846128
0.8581314878892785
0.842857142857141
0.8630136986301327
0.8425925925925936
0.8848920863309334
0.8352941176470581
0.8351648351648332
0.8583690987124432
0.8421052631578945
0.8559322033898287
0.8646616541353428
0.016736401673640166
0.012875536480686695
0.8362573099415174
0.858237547892722
0.8128654970760205
0.008264462809917356
0.8313953488372104
0.8689655172413807
0.003424657534246575
0.024390243902439025
0.011406844106463879
0.8626609442060054
0.85943775100402
0.8550724637681182
0.8600823045267464
0.8647058823529392
0.7547169811320754
0.8587360594795562
0.8518518518518476
0.8586572438162585
0.7567567567567558
0.8672566371681428
0.8565891472868231
0.8421052631578964
0.8846153846153826
0.816216216216213
0.8599033816425146
0.8618181818181856
0.8553719008264439
0.8465346534653472
0.8349056603773622
0.8461538461538451
0.858299595141703
0.8442622950819634
0.7966101694915241
0.8478260869565184
0.837837837837835
0.8699186991869899
0.013888888888888888
0.0165016501650165
0.02242152466367713
0.006134969325153374
0.010050251256281407
0.863636363636363
0.030864197530864196
0.013513513513513514
0.03428571428571429
0.008547008547008548
0.02
0.8626760563380271
0.8601694915254219
0.8515625
0.004464285714285714
0.8333333333333336
0.8534482758620677
0.8552631578947391
0.8690909090909129
0.8546511627906989
0.8620689655172389
0.8629629629629586
0.8571428571428547
0.850364963503654
0.0
0.8684210526315834
0.8655172413793119
0.8505747126436806
0.8584905660377399
0.8513513513513484
0.8457446808510652
0.828571428571427
0.868525896414342
0.8607142857142832
0.86328125
0.849740932642489
0.8089887640449451
0.8628318584070809
0.8666666666666677
0.829896907216493
0.8571428571428552
0.8571428571428552
0.8425925925925936
0.014336917562724014
0.8576923076923051
0.8651162790697653
0.8628762541806015
0.8595317725752504
0.849740932642489
0.8546099290780097
0.8576271186440624
0.8689138576779043
0.8244274809160317
0.8441558441558423
0.8566037735849056
0.0
0.01680672268907563
0.018018018018018018
0.0136986301369863
0.022813688212927757
0.014492753623188406
0.8526785714285696
0.011029411764705881
0.005128205128205128
0.020833333333333332
0.8304093567251432
0.8602150537634431
0.8705357142857124
0.8617021276595699
0.8440000000000006
0.8648648648648635
0.8646288209607003
0.7741935483870963
0.8601694915254219
0.8476190476190468
0.8502024291498
0.853479853479851
0.8499999999999974
0.8595744680851075
0.8172043010752683
0.8423423423423395
0.8316326530612217
0.8333333333333355
0.8684210526315806
0.8526315789473701
0.8649789029535824
0.8740740740740751
0.852216748768472
0.8736842105263165
0.8736842105263165
0.8581560283687953
0.8666666666666646
0.859375
0.864468864468862
0.8552631578947391
0.8793774319066121
0.8645833333333308
0.854729729729733
0.005555555555555556
0.01293103448275862
0.8918918918918931
0.8606060606060625
0.8560885608856047
0.8533834586466209
0.8333333333333351
0.8526785714285696
0.861788617886177
0.8571428571428579
0.861607142857141
0.8782608695652154
0.8719512195121958
0.8601036269430071
0.8385650224215266
0.8401826484018224
0.8381502890173439
0.8512820512820494
0.8561643835616467
0.8249999999999981
0.8368421052631595
0.8641509433962263
0.8595317725752504
0.8566666666666642
0.8683274021352291
0.8645833333333308
0.7924528301886792
0.862815884476539
0.8669064748201404
0.8333333333333355
0.8613445378151243
0.863636363636368
0.8803418803418784
0.8095238095238088
0.8598130841121453
0.8543307086614159
0.016597510373443983
0.8695652173913033
0.8610038610038596
0.030456852791878174
0.8634361233480194
0.014545454545454545
0.8561151079136656
0.8444444444444454
0.8611111111111086
0.8447488584474845
0.8647686832740191
0.8576642335766468
0.8638497652582136
0.8387096774193543
0.8499999999999966
0.8646616541353409
0.8412017167381943
0.8565737051792822
0.8540145985401452
0.8461538461538444
0.8535564853556457
0.872093023255815
0.8504273504273486
0.8536585365853641
0.8679245283018867
0.84375
0.8524590163934387
0.8654708520179393
0.8689138576779043
0.02430555555555556
0.8324873096446714
0.8577586206896527
0.8496240601503803
0.8521126760563371
0.8476821192052991
0.8557692307692288
0.8614718614718595
0.8608695652173879
0.8549019607843111
0.8321678321678312
0.8557046979865819
0.86190476190476
0.8582089552238773
0.8473895582329355
0.8605442176870757
0.8581081081081114
0.007874015748031496
0.8571428571428554
0.8440366972477029
0.8544061302682009
0.8508064516129026
0.8745387453874495
0.8560606060606054
0.8421052631578935
0.8595890410958933
0.8492063492063466
0.8498168498168474
0.8516949152542355
0.0160427807486631
0.8550724637681184
0.8609865470852038
0.8551401869158837
0.8630136986301327
0.8619402985074593
0.8571428571428547
0.8586956521739155
0.8217821782178223
0.8446215139442225
0.8305084745762705
0.8435374149659871
0.02439024390243903
0.019867549668874173
0.015151515151515152
0.8658536585365859
0.01486988847583643
0.0
0.020689655172413793
0.8172043010752683
0.8664383561643865
0.019305019305019305
0.8333333333333315
0.8401826484018224
0.8867924528301886
0.8514056224899637
0.8435114503816756
0.8152173913043489
0.8385093167701876
0.8734939759036129
0.8783783783783752
0.8669064748201404
0.8627450980392131
0.8521739130434749
0.8369565217391316
0.8395721925133711
0.8598484848484842
0.8535353535353548
0.8727272727272692
0.7966101694915241
0.8467741935483865
0.8620689655172428
0.8749999999999993
0.8643216080402034
0.877934272300467
0.8639455782312934
0.8566666666666642
0.8530612244897995
0.842857142857141
0.8348623853210975
0.8529411764705865
0.8704453441295573
0.8679245283018909
0.5
1.0
1.0
1.0
1.0
0.0
1.0
1.0
1.0
1.0
1.0
