0.07773625510752338
0.07799685918688545
0.07799572506652505
0.07848896385261282
0.07877862595419725
0.07899557985342878
0.07899443127789399
0.07913867806566525
0.07925384201573017
0.07951439371909928
0.07971678225090574
0.08006455177226778
0.08079031155953655
0.08116713189113522
0.08139856073272508
0.08139737737329515
0.08190501112127635
0.08218003140083587
0.082644027388095
0.08313708387846618
0.08331031675655867
0.08330910570996423
0.08359862195282214
0.08390266593016281
0.08390144632604747
0.08516483516483835
0.08555605622338482
0.08607808366522465
0.08601869213215957
0.0870348837209296
0.08703361869739046
0.08810790384000655
0.08868799325611204
0.08926806581011987
0.09006612891504975
0.09058803011364833
0.09099364890199647
0.09211138239738415
0.09288029182229224
0.09375090829821978
0.09467962971037634
0.0947654478869886
0.09477860288025969
0.09479175749120354
0.09638886870595635
0.09699779121134121
0.09798450964150532
0.09902932372343352
0.09966724305786477
0.10108979947690784
0.10162595719328786
0.10268518787596717
0.10355549743546255
0.10471637800768079
0.10610969851072755
0.10729956702410355
0.10825693405205652
0.10850235369327867
0.10850077728865547
0.11001016998403271
0.11045895018234678
0.11138714551369554
0.11298359798350607
0.11298195659122502
0.11369216241735049
0.11479458422918962
0.11611488007901341
0.1166361602603151
0.11811618413979501
0.11875363160954602
0.11971063755609085
0.12130676040787222
0.12200223697396277
0.12200046481902457
0.12350933255863604
0.12478575371117777
0.12654146150160933
0.12799209853592156
0.12971865967554372
0.1310530137981145
0.13139968918389072
0.13299541044561838
0.134968701436412
0.13611409649401826
0.13797109868564114
0.13904380155689117
0.14021813323266408
0.1417119288971592
0.1433509054735185
0.14488817891372655
0.14490059685455342
0.14658302111469917
0.1479749647851406
0.15026719330856408
0.15264648224786817
0.15467719919847217
0.15641744231637048
0.15757681361446674
0.15854738706823032
0.1585596050529946
0.16080788720944617
0.16080555232896812
0.1631263339770494
0.16403867932744756
0.1646170598911329
0.16641500667870202
0.16889527708813568
0.1712448096634515
0.1712568417079451
0.17125435540072118
0.1730811109013811
0.17307859818236282
0.17628442431370128
0.1762818651646413
0.1780939246570117
0.1810963040385059
0.18367761696695964
0.18537335965624482
0.18740292354363167
0.18979532588183784
0.1929569900277335
0.1954218196597283
0.19723339091052097
0.1976659796208225
0.1976631105305522
0.20069379934968126
0.20429046257461142
0.20472292374231238
0.2073469861681742
0.21004354136426504
0.2131173713009243
0.2148994223679828
0.21491081665527328
0.218840705909737
0.2222189971699844
0.22590195338579508
0.22951224113660368
0.2320340163696114
0.23544094385354408
0.23658395007989824
0.23867016876851496
0.24146737868592202
0.24236355985082866
0.2423600429521927
0.245200609446356
0.24831679145624794
0.2508669849238799
0.25140021474790547
0.25410989712552307
0.25541207196755816
0.25862944530687787
0.26133890484896527
0.2648898045646038
0.26796181301133554
0.2722814653608937
0.27227751501603287
0.2761617363297313
0.27895775301757264
0.2822179343962309
0.28222834759893906
0.28537232885054986
0.28931410665591367
0.29338633165548467
0.2956886297037697
0.2999782403714735
0.3025850063827235
0.30609106865698754
0.3082915083117763
0.3125661816969846
0.31568030171149347
0.3156902278760666
0.31570015375252464
0.31884310227278007
0.3220584822464307
0.32507070853587994
0.32506599367626565
0.3299345874367594
0.33454197366139976
0.3388736602417945
0.3403190717911319
0.3453611985322878
0.3482857640098085
0.3532696184356563
0.35777474838312767
0.3613080994852794
0.36507338012639085
0.368780544397135
0.3736622291828725
0.3749039284213184
0.37858178654307134
0.3832601035366044
0.3879817870713085
0.38797616112999356
0.38797053535172266
0.3909809323569646
0.3958617289680455
0.39704496353301066
0.40120055677998334
0.40583450535738724
0.4064375815569871
0.40644618752794814
0.4103984225481451
0.4150174706045274
0.4202453098267728
0.42279086625582823
0.4274095337506207
0.43281093697902984
0.4375308069242848
0.4424969918382913
0.4476369962309116
0.4476450036969402
0.45185700617528973
0.45628633141525765
0.46141134176053666
0.4614191490906227
0.4640796683381924
0.468668009915151
0.47377804835637183
0.47894591891494753
0.47893897666308743
0.4847009030166243
0.484708371985441
0.48767266244380064
0.49343421167070894
0.49344155373594134
0.4934344019945423
0.4934417438436658
0.4978260239424019
0.49783330193172304
0.5034782608697539
0.5062390400137572
0.5122170371873284
0.5171224439521065
0.5225349255117634
0.5285993768570031
0.5336492478911533
0.5393365890413131
0.5448353814047098
0.5498558159083671
0.5543254600784226
0.5599397197545054
0.5599316060977834
0.560517583644054
0.5653345697973634
0.5711222198066883
0.5747218036397994
0.5788139154125693
0.5815584340321539
0.5881858618642285
0.5946247464500347
0.5997450051430077
0.6020689055664646
0.6071019804994614
0.6131490496061005
0.6131546541114791
0.6190710746674011
0.6239587407823646
0.6308164802693388
0.6308218285065144
0.6365203534700241
0.6423346032944242
0.6472360644343793
0.6527313024202179
0.6596459715506509
0.6643876294633028
0.6708818587407318
0.6759853411942596
0.6824067904633386
0.687538927272663
0.6920770567785365
0.6977013658553157
0.7035862228786018
0.7083991135953784
0.7138201726434691
0.7173147946995388
0.7209831127078804
0.7272727272730071
0.7272766770943592
0.7333632637685605
0.733352643011855
0.7377300835611093
0.7377338817125008
0.7377376797529548
0.743823674225582
0.7511693577577825
0.7511584800747003
0.7576494779681645
0.7595644241075696
0.76538901518972
0.7713727193751927
0.7743878600087097
0.7819495525752446
0.7894531080326591
0.793713077725715
0.7937160645764343
0.7976428343905724
0.80167084135771
0.8066832686636268
0.8145043362434395
0.8202548139562451
0.8261209480105537
0.8338979615467006
0.8408205811232303
0.8481483626245017
0.855620702135932
0.8629046267888861
0.8680602805576919
0.8732013086659487
0.8798042820539002
0.8861899247255021
0.8861915722119617
0.8861932196516505
0.8940984033704708
0.9007874471659245
0.9086921907801058
0.9163940595766823
0.9239799093906895
0.9294812413141645
0.9357350663643997
0.9357359965266091
0.9398619212353683
0.9472732009498117
0.9544237477031663
0.9614293571064437
0.9687676387595618
0.972878314228454
0.9728787067462391
0.9806072534668687
0.980607534117009
0.9880463096943953
0.9932851912412417
0.993285288415368
1.00000000000108
