0.07773625510752338
0.07799685918688545
0.07799572506652505
0.07848896385261282
0.07877862595419725
0.07898103989763025
0.0789798915335027
0.07912413853267505
0.07923930269413491
0.07949985460889283
0.07970224335208194
0.08005001308482047
0.08079031155953655
0.08118167015584794
0.08141309878607975
0.08141191521529788
0.08190501112127635
0.08216549398151854
0.08262949018011116
0.08313708387846618
0.08331031675655867
0.08330910570996423
0.08361315831553347
0.08390266593016281
0.08390144632604747
0.08516483516483835
0.08554152070584771
0.08606354835896575
0.08600415703717272
0.08702034883720867
0.0870190840249293
0.08809336937879902
0.088673459006152
0.08925353177140119
0.09003706126008282
0.09055896288113954
0.09097911549696501
0.0920823160097548
0.09283669287448017
0.09370730998402124
0.09463603202977294
0.09472185083996193
0.09472047432896852
0.09471909785798939
0.09631621012861127
0.09693966519413592
0.09792638446894622
0.09897119939549608
0.09960911957452444
0.10103167683814003
0.10155330495051315
0.1025980064514227
0.10346831727766645
0.10462919911659625
0.10602252088631778
0.10719786127336978
0.1081552297790241
0.10840065089790465
0.10841360473057672
0.1099375272410427
0.11037178015721272
0.1112999767549787
0.11291095840655899
0.11292384577389637
0.11361952495094535
0.11472194781800941
0.11602771765183037
0.1165635259594929
0.1180435508941058
0.11869552585707652
0.11966705887478175
0.12126318235958776
0.12195865955868454
0.12195688803673417
0.12345123102620813
0.12472765302268461
0.12646883669588066
0.12793399953522436
0.12964603697949872
0.13098039215686533
0.13132706859740687
0.13290826700751932
0.13486703556854862
0.1359979086182231
0.1378549124972742
0.13892761705590356
0.14008742756729958
0.14156670248918904
0.1432056811745888
0.144757478942771
0.14475537677352057
0.14643780314252303
0.14782974892175982
0.15009293680298796
0.15248674943729668
0.15451746870737346
0.15625771414467707
0.15741708776211147
0.1583731432139562
0.15838536372876066
0.16063364841517846
0.16064583575329158
0.16296661972037393
0.16386444812263892
0.16444283121599673
0.16624078053316504
0.16870653483745704
0.171041551729133
0.17103906851147008
0.17103658536587793
0.17286334402807804
0.17287535205129828
0.1760956985032691
0.17609314209397176
0.177890687377488
0.18089306970932445
0.18347438558803456
0.185170131227491
0.18721421417058243
0.18959210335316895
0.1927828018173722
0.1952621494512862
0.197059207756935
0.1974917989955141
0.19748893243344778
0.2005196237807079
0.2041017751136188
0.20453423901996926
0.20715830418440084
0.20988388969517943
0.21294320837150368
0.21472526196625288
0.2147366587811605
0.21866655056316772
0.22204484435088567
0.22575682814271028
0.22938163031332012
0.2318743832355777
0.23528131303608912
0.2364098098970509
0.23849603111269788
0.24127873229632357
0.24216040514852286
0.242156891197832
0.2449974606398553
0.24812815601600186
0.2506928624287042
0.2512260947792468
0.2539357796833081
0.25523795705171365
0.25846984228312614
0.2611647949856418
0.2647156972274303
0.2677731994659814
0.2720783460282855
0.27207439863034394
0.27594411478809994
0.2787256267408782
0.28200031916896773
0.282010735528723
0.2851692271981726
0.28914002205079575
0.293226756415759
0.2955145501494136
0.29981866976147853
0.3024399442961507
0.3059315026764545
0.30814645043368316
0.3124211259230394
0.31552074267464997
0.3155306711536515
0.31554059934447143
0.31868355017902156
0.3219134369923116
0.3249111610705087
0.32492095262964926
0.32978954849380304
0.33442594418991384
0.338728625505975
0.3401740391587898
0.34524517410914674
0.348155238426794
0.3531390947456066
0.35761522174217836
0.3611485751578194
0.3649428621149053
0.36867903186033674
0.3735752196988388
0.3748314215694209
0.3784947795825144
0.3831875987875434
0.3879092833736198
0.38791815901291626
0.3879125340756946
0.3909229319219613
0.39581822927254334
0.3970159641564973
0.40118605730196455
0.4058055068218133
0.4064230824994259
0.40643168868060653
0.4103984225481451
0.4150319690314481
0.4202598080434921
0.4228198622688764
0.4274530271396255
0.43286892732363746
0.4375453043002598
0.44252598616989947
0.44768048709782954
0.4476739971879015
0.4518859992459458
0.45634431671598397
0.46146932622070136
0.46146263680534333
0.4641376511173069
0.4687404873384337
0.47383602945453385
0.4789749090438087
0.4789824612260675
0.4847443869493112
0.4847373608537156
0.48767266244380064
0.4934197176567367
0.4934270599320425
0.4934344019945423
0.4934417438436658
0.49784051711611704
0.49783330193172304
0.5035072463770003
0.5062680251009298
0.5122170371873284
0.5171369360756374
0.5225494174252756
0.5286283602640026
0.5336637393846466
0.539351080324806
0.5448498724782085
0.5498847976353882
0.5543689320390079
0.5599831910851629
0.5599895670321137
0.5605610537149103
0.5653780392383465
0.5711801782215256
0.574750782427327
0.5788573829640422
0.5816163899277175
0.5882438169200829
0.5946971892202462
0.5998174468636431
0.6021413462375552
0.6071454442724068
0.6131925127493549
0.6131981166250612
0.6191290238459715
0.6240166891214203
0.6308744277689042
0.6308797751666135
0.6365348399251886
0.6423346032944242
0.6472505504698411
0.6527457882458375
0.6596314859348673
0.6643731440573493
0.670809432760084
0.6759129162627009
0.6823343665808391
0.6874665044391921
0.6919756662802746
0.6976144609727095
0.7035138031920343
0.7083266949577179
0.7137622385724419
0.7172278948516133
0.7208962141185341
0.7272003128306707
0.7272042637007777
0.7333053338926754
0.7333091962341578
