0.9999999999999992
1.0000000000000067
1.0000000000000027
1.0000000000000018
0.9999999999999978
0.999999999999995
1.0000000000000018
0.999999999999996
1.0000000000000009
1.0000000000000007
1.0000000000000047
0.999999999999995
0.9999999999999949
1.0000000000000044
0.9999999999999983
0.9999999999999976
1.000000000000005
1.0000000000000038
1.0000000000000018
0.9999999999999934
0.9999999999999988
1.0000000000000007
1.0000000000000053
0.999999999999997
1.0000000000000029
1.0000000000000073
1.0000000000000038
0.9999999999999977
1.0
0.9999999999999974
0.9999999999999986
0.9999999999999974
0.999999999999996
1.0000000000000002
0.9999999999999977
1.0000000000000053
0.9999999999999978
0.999999999999996
0.9999999999999976
0.9999999999999969
0.9999999999999953
0.9999999999999971
1.0000000000000013
0.9999999999999974
1.0000000000000069
1.0000000000000007
1.0000000000000029
0.9999999999999969
1.0000000000000038
1.0000000000000029
0.9999999999999971
0.9999999999999976
1.0000000000000009
0.9999999999999939
1.0000000000000027
1.000000000000005
0.9999999999999986
1.0000000000000018
1.0
0.9999999999999957
1.000000000000003
0.9999999999999992
0.9999999999999997
1.0000000000000047
0.9999999999999968
0.9999999999999989
1.0000000000000056
1.0000000000000018
1.0000000000000038
0.9999999999999942
0.9999999999999981
0.9999999999999958
0.9999999999999956
0.9999999999999992
1.0000000000000073
1.0000000000000053
0.9999999999999977
1.0000000000000016
1.0000000000000029
0.9999999999999999
1.0000000000000033
0.9999999999999923
0.9999999999999971
0.999999999999999
0.9999999999999961
0.9999999999999934
1.0000000000000013
1.0
1.0000000000000024
1.0000000000000002
0.9999999999999989
1.0000000000000027
0.999999999999997
1.0000000000000042
0.9999999999999969
0.9999999999999938
0.9999999999999973
1.0000000000000064
0.9999999999999957
1.0000000000000053
1.0000000000000018
1.0000000000000036
1.0000000000000044
0.9999999999999956
1.0000000000000024
1.0000000000000036
0.9999999999999992
0.999999999999997
0.9999999999999969
0.9999999999999957
1.0000000000000018
1.0000000000000013
0.9999999999999973
1.0000000000000024
0.9999999999999969
1.0000000000000033
1.0000000000000016
1.0000000000000036
1.0000000000000029
0.9999999999999974
0.9999999999999994
0.9999999999999994
0.9999999999999976
1.000000000000005
0.9999999999999923
1.000000000000002
1.0000000000000016
1.0000000000000018
0.9999999999999999
0.9999999999999968
0.9999999999999977
1.0000000000000024
1.0000000000000069
1.0000000000000029
1.0000000000000029
1.0000000000000013
0.9999999999999969
0.9999999999999976
1.0000000000000024
1.0000000000000042
1.0000000000000036
1.0000000000000024
0.9999999999999934
0.9999999999999992
0.9999999999999983
1.0000000000000018
0.9999999999999996
0.9999999999999977
1.0
1.0000000000000038
0.999999999999997
0.9999999999999969
0.9999999999999977
0.9999999999999993
0.9999999999999977
1.0000000000000018
1.0000000000000029
1.000000000000002
1.000000000000002
0.9999999999999978
1.000000000000001
0.9999999999999976
0.9999999999999983
1.000000000000001
1.000000000000001
1.000000000000004
1.0000000000000016
0.999999999999997
1.0000000000000027
0.9999999999999969
0.999999999999997
1.0000000000000042
0.9999999999999978
0.999999999999996
0.9999999999999972
1.0000000000000027
0.9999999999999939
1.000000000000002
0.9999999999999988
0.9999999999999977
1.0000000000000038
1.0000000000000009
1.0000000000000018
0.9999999999999973
0.9999999999999979
0.9999999999999976
1.0000000000000024
0.999999999999994
1.0000000000000013
0.9999999999999976
1.0000000000000033
0.9999999999999999
1.000000000000005
0.9999999999999999
0.9999999999999994
0.9999999999999961
0.999999999999997
0.999999999999997
0.9999999999999999
0.9999999999999957
0.9999999999999957
1.0000000000000018
0.9999999999999977
0.9999999999999978
0.9999999999999977
1.0000000000000022
0.9999999999999974
0.9999999999999969
0.9999999999999971
0.9999999999999982
0.9999999999999983
1.0000000000000022
1.0000000000000013
1.0000000000000064
0.9999999999999957
0.999999999999999
0.9999999999999978
0.999999999999994
0.9999999999999973
1.0000000000000064
1.0000000000000056
0.9999999999999993
0.9999999999999958
1.0000000000000036
0.9999999999999977
0.9999999999999992
0.9999999999999973
0.9999999999999977
0.9999999999999956
0.9999999999999993
0.9999999999999977
1.0000000000000038
0.9999999999999987
1.0
0.9999999999999942
1.0000000000000024
0.999999999999995
1.0000000000000073
1.0000000000000029
0.9999999999999969
1.0000000000000053
0.9999999999999974
1.0000000000000018
0.9999999999999976
0.9999999999999958
1.0000000000000018
0.9999999999999969
1.0000000000000016
1.0000000000000069
1.0000000000000044
1.000000000000002
0.9999999999999992
0.9999999999999923
1.0000000000000042
0.9999999999999983
0.9999999999999956
0.9999999999999956
1.0000000000000029
1.0000000000000056
0.9999999999999939
0.9999999999999992
1.0000000000000018
1.0000000000000033
0.9999999999999992
0.999999999999997
0.9999999999999978
1.000000000000005
0.9999999999999997
0.9999999999999956
1.0000000000000056
0.9999999999999956
0.999999999999995
0.9999999999999969
1.0000000000000009
1.0000000000000007
0.9999999999999969
0.9999999999999989
1.0000000000000022
0.999999999999997
0.9999999999999979
0.9999999999999992
1.0000000000000007
0.9999999999999938
1.0000000000000016
1.0000000000000016
1.0000000000000018
1.0000000000000033
1.0000000000000016
1.0000000000000038
0.9999999999999969
1.0000000000000004
1.0000000000000056
0.9999999999999942
0.9999999999999993
0.9999999999999974
1.0000000000000007
1.0000000000000024
0.9999999999999957
0.9999999999999983
0.9999999999999958
1.0000000000000018
1.0000000000000024
0.9999999999999992
1.0000000000000018
0.999999999999994
0.9999999999999981
1.0000000000000038
0.9999999999999974
1.0000000000000038
1.0000000000000029
0.9999999999999963
0.9999999999999923
0.9999999999999961
1.0000000000000053
1.0000000000000038
0.9999999999999956
0.9999999999999978
0.999999999999997
1.0000000000000056
1.0
1.0
1.0
1.0
1.0
1.0
1.0
1.0
1.0
1.0
1.0
1.0
1.0
1.0
