0.07773625510752338
0.07799685918688545
0.07799572506652505
0.07848896385261282
0.07877862595419725
0.07898103989763025
0.0789798915335027
0.07912413853267505
0.07923930269413491
0.07951439371909928
0.07973132114972954
0.08007909045971508
0.08081938851169042
0.08119620842056066
0.08142763683943441
0.08144099089930333
0.08193408638259025
0.08219456882015319
0.08265856459607883
0.08315162087512266
0.08332485354189396
0.08332364228398446
0.08361315831553347
0.08390266593016281
0.08390144632604747
0.0851502994360169
0.08554152070584771
0.08606354835896575
0.08600415703717272
0.08702034883720867
0.08703361869739046
0.08812243830121408
0.08871706175603211
0.08929713388755722
0.09008066274253322
0.09060256372990272
0.09100818230702794
0.09211138239738415
0.09286575883968821
0.09373637552682026
0.09466509715017521
0.09475091553797971
0.0947495386046141
0.09474816171127505
0.09635980527501832
0.09696872820273857
0.09795544705522577
0.09901479264144916
0.09965271218702969
0.10108979947690784
0.10161142674473292
0.10265612740111901
0.10352643738286385
0.10468731837731927
0.10608063930259096
0.10725597884521765
0.1082133465064712
0.1084442378102078
0.1084571910096161
0.10998111288683671
0.11042989350730209
0.11135808926078992
0.11295454215272724
0.1129529011825607
0.11366310743078843
0.11476552966471754
0.11607129886542189
0.11659257967982178
0.11807260419238148
0.11872457873331127
0.11968158510188479
0.1212922343917774
0.12198771116887003
0.12198593922492777
0.1234657564093151
0.12475670336693119
0.12649788661817213
0.12794852428539866
0.12967508605791672
0.13102396514161482
0.13137064094929718
0.1329663626329187
0.13492513035018483
0.13608504952506947
0.13795657541209527
0.13904380155689117
0.14021813323266408
0.14169740625636218
0.14332186061373256
0.14485913447573642
0.14485703083024357
0.14653945572304633
0.14794592161246445
0.15023815055763473
0.15264648224786817
0.15469172015220842
0.1564319630592517
0.15759133414649903
0.15856190738941983
0.15857412516334743
0.16082240710896847
0.160820072017666
0.16316989241068816
0.16408223712864972
0.1646751361161783
0.1664876009060091
0.16892431435747085
0.1712593280873314
0.1712568417079451
0.17126887340304406
0.17309562869293463
0.17309311576315314
0.17629894168373453
0.17629638232392358
0.17810844160554912
0.1810963040385059
0.18366310043989356
0.1853443270235657
0.18737389133239332
0.18979532588183784
0.1929569900277335
0.19543633513322303
0.19723339091052097
0.19768049467293153
0.19769214021340292
0.20072282861117682
0.2043340058348405
0.20478098057995642
0.2074050421631814
0.2101015965166598
0.21316091203327947
0.21492844910160444
0.21492532981144935
0.21885521885528444
0.22227704810968396
0.225960003483029
0.22957029039139637
0.23207755267889332
0.2354844795310318
0.23661297344370613
0.23872821465378732
0.24153993498961374
0.24240709300132277
0.2424035754709843
0.24524414133346328
0.24836032271168934
0.2509395359635364
0.25145825473745836
0.25416793627292805
0.25548461984916004
0.25870199213585593
0.26141145062535004
0.2649623492884261
0.2680053392141096
0.27229597388465143
0.27229202332929636
0.27614722822695587
0.27894324512527924
0.2821889190325958
0.28218482518489585
0.2853142998070135
0.2892705855046342
0.29335731797553455
0.29567412307424
0.2999782403714735
0.3025850063827235
0.30609106865698754
0.3082915083117763
0.3125951928517736
0.315709312445465
0.315719238189233
0.31572916364489795
0.31888661648016875
0.3221165003480783
0.32509971716594743
0.32509500188558893
0.32994909133105504
0.33457098102927124
0.33888816371537644
0.34036258158083454
0.345433713796751
0.3483582782225943
0.35332762896456726
0.35778925080503216
0.3613080994852794
0.365087882127667
0.3688240497700485
0.37370573392488937
0.37496193390283644
0.3786542923435355
0.3833326082856654
0.38803979002945943
0.3880486637763402
0.38805753726576475
0.3910824331182203
0.39596322825755054
0.39716096103906406
0.4013310520821525
0.4059504994996829
0.4065680730750382
0.4065766771540227
0.41051441164516994
0.4151189595929723
0.4203612955605275
0.4229358463210691
0.42755451171397013
0.432941415254397
0.4376032938041597
0.44258397483311585
0.44775297187602614
0.4477464809153048
0.45194398538725794
0.4564023020167103
0.4615128145658249
0.46152062042497083
0.46419563389642143
0.4687694783077468
0.47386502000361486
0.47898940410823926
0.4789969560803942
0.4847588815935402
0.48476634972199023
0.48771614511595573
0.49346319969865343
0.493470541343739
0.49347788277603694
0.4934852239949767
0.49786950346354736
0.4978767808227214
0.5035507246378699
0.5063115027316888
0.512260514187995
0.5171659203226991
0.5225784012523
0.5286573436710021
0.5336782308781399
0.539365571608299
0.5448498724782085
0.5498992884988988
0.5543834226925364
0.5599831910851629
0.5599750767985311
0.560575543738529
0.5653925290520075
0.5711946678252349
0.5747652718210908
0.5788718721478665
0.5816308789016084
0.5882438169200829
0.5946682121121616
0.5997739818312618
0.6020978818349009
0.6070874925751463
0.6131200741772642
0.6131256791024243
0.6190421000781159
0.6239442536976006
0.6307875065195561
0.6307928551764648
0.6364479211942019
0.6422476858225636
0.6471346621861465
0.6526443874665004
0.6595300866243825
0.6642717462156748
0.6707225215833066
0.6758260063448305
0.6822474579218397
0.6874230507391096
0.6919466975664855
0.6975854926785074
0.7034703513800937
0.7082977275026537
0.7137187880191715
0.717169961619663
0.7208382817256366
0.7271278983883342
0.72711736762848
0.7332039566098764
0.733207820419531
0.7375707810166136
0.7375745814749985
0.7375639001923279
0.7436788600222054
0.7509955832302322
0.7509991890645052
0.7575336316383209
0.7594485794552481
0.7652442114711608
0.7712423979155919
0.7742285805311458
0.7817613159183279
0.7892793536345003
0.7935682844904545
0.7935712734376523
0.7975125242524433
0.8015550118009027
0.8065819192688272
0.8144319448667003
0.8202258578247843
0.8261209480105537
0.8338690062536731
0.8407916262494013
0.8481194081698589
0.8555772710827289
0.862861196364426
0.8680458039591135
0.8731434031099106
0.8798042820539002
0.8861899247255021
0.8861915722119617
0.8861932196516505
0.8940694526879583
0.9007584969024771
0.9086342910913165
0.9163506354386516
0.9239509603843641
0.9295101899014734
0.9357929627010091
0.9357794181505779
0.9398908685657008
0.9473310947725408
0.9544526941955751
0.9614583031799088
0.9687965844140956
0.9729072594640682
0.9729076515629461
0.9805927812679628
0.9805930621275446
0.9880607814744242
0.9932707196706422
0.9932708170541917
1.00000000000108
