0.8452380952380927
0.8525179856115074
0.8587360594795562
0.8278145695364248
0.8516949152542355
0.8624535315985153
0.8615916955017353
0.8504273504273486
0.8469945355191265
0.8585365853658543
0.8581818181818219
0.8694029850746234
0.8315217391304371
0.8571428571428608
0.8611111111111085
0.8402366863905333
0.8586572438162585
0.86190476190476
0.8551724137931049
0.8581560283687898
0.8591549295774638
0.8600000000000005
0.8533834586466209
0.8536585365853641
0.8653846153846128
0.8576388888888864
0.8421052631578977
0.8630136986301327
0.8411214953271028
0.8848920863309334
0.8333333333333325
0.8351648351648332
0.8583690987124432
0.8333333333333336
0.8553191489361713
0.8646616541353428
0.01680672268907563
0.012875536480686695
0.8411764705882334
0.858237547892722
0.8139534883720941
0.008264462809917356
0.8313953488372104
0.8680555555555535
0.003424657534246575
0.024691358024691357
0.011406844106463879
0.8620689655172389
0.8577235772357705
0.8545454545454583
0.8595041322314025
0.8639053254437878
0.7692307692307696
0.8587360594795562
0.8550185873605971
0.8586572438162585
0.7534246575342476
0.8672566371681428
0.85546875
0.842931937172772
0.8846153846153826
0.8172043010752682
0.8599033816425146
0.8618181818181856
0.8553719008264439
0.8465346534653472
0.8349056603773622
0.8461538461538451
0.858299595141703
0.8442622950819634
0.7983193277310922
0.8471615720524033
0.837837837837835
0.8699186991869899
0.013888888888888888
0.01644736842105263
0.02242152466367713
0.006211180124223602
0.010050251256281407
0.8641509433962263
0.030864197530864196
0.013559322033898305
0.03428571428571429
0.008547008547008548
0.02
0.8621908127208522
0.8595744680851075
0.8515625
0.004484304932735426
0.8333333333333336
0.8534482758620677
0.8565217391304314
0.8681318681318656
0.8563218390804622
0.8632478632478614
0.8629629629629586
0.8576512455515992
0.850364963503654
0.0
0.8684210526315834
0.8655172413793119
0.8514285714285696
0.8625592417061643
0.8506787330316724
0.8457446808510652
0.8295454545454571
0.868525896414342
0.8607142857142832
0.8627450980392131
0.848958333333335
0.8202247191011249
0.8634361233480194
0.8740740740740751
0.829896907216493
0.8571428571428552
0.8579881656804742
0.8411214953271028
0.014336917562724014
0.8576923076923051
0.8657407407407431
0.8628762541806015
0.8595317725752504
0.8505154639175239
0.8546099290780097
0.8576271186440624
0.8689138576779043
0.8203125
0.8434782608695619
0.8566037735849056
0.0
0.01680672268907563
0.017937219730941704
0.0136986301369863
0.022813688212927757
0.014492753623188406
0.8526785714285696
0.011029411764705881
0.005128205128205128
0.020833333333333332
0.8294117647058805
0.8607142857142832
0.8699551569506747
0.8617021276595699
0.8433734939759073
0.8615384615384589
0.8646288209607003
0.7999999999999999
0.8589743589743571
0.8490566037735848
0.8502024291498
0.8540145985401504
0.8494208494208481
0.8589743589743571
0.8172043010752683
0.8423423423423395
0.8316326530612217
0.8325991189427329
0.8677248677248715
0.8534031413612536
0.8638297872340437
0.8740740740740751
0.852216748768472
0.8736842105263165
0.8631578947368428
0.8601398601398591
0.8666666666666646
0.859375
0.864468864468862
0.8552631578947391
0.8798449612403115
0.8641114982578386
0.854729729729733
0.0055248618784530384
0.012875536480686695
0.8899082568807317
0.8606060606060625
0.8560885608856047
0.8539325842696646
0.8318584070796471
0.8533333333333342
0.861788617886177
0.8556701030927826
0.861607142857141
0.8695652173913024
0.8719512195121958
0.8593750000000018
0.8385650224215266
0.8394495412844002
0.8372093023255825
0.8556701030927816
0.8561643835616467
0.8238993710691823
0.8359788359788394
0.8646616541353428
0.8595317725752504
0.8566666666666642
0.8669064748201404
0.8645833333333308
0.8113207547169811
0.8633093525179821
0.8669064748201404
0.8333333333333355
0.8624999999999982
0.8641114982578386
0.8803418803418784
0.7926829268292688
0.8598130841121453
0.8543307086614159
0.016597510373443983
0.8676470588235281
0.8610038610038596
0.030303030303030307
0.8628318584070809
0.014545454545454545
0.8561151079136656
0.8444444444444454
0.8606271777003474
0.8447488584474845
0.86524822695035
0.8581818181818219
0.8625592417061643
0.8387096774193543
0.8499999999999966
0.863636363636363
0.8412017167381943
0.8554216867469918
0.8550724637681167
0.8461538461538444
0.8541666666666649
0.872093023255815
0.8504273504273486
0.8536585365853641
0.8640776699029123
0.84375
0.8518518518518493
0.8654708520179393
0.8689138576779043
0.02430555555555556
0.8341708542713591
0.8577586206896527
0.8496240601503803
0.851063829787235
0.8486842105263145
0.8516746411483284
0.8608695652173879
0.860262008733626
0.8543307086614159
0.8309859154929569
0.8557046979865819
0.8625592417061643
0.8576779026217245
0.8473895582329355
0.8610169491525369
0.8581081081081114
0.007905138339920948
0.8571428571428554
0.8440366972477029
0.8538461538461513
0.8514056224899637
0.8749999999999973
0.8555133079847926
0.8400000000000015
0.8600682593856703
0.8486055776892424
0.8492647058823504
0.8510638297872352
0.015957446808510637
0.8543689320388347
0.8603603603603573
0.8544600938967113
0.8630136986301327
0.8624535315985153
0.8577981651376111
0.8641304347826112
0.8200000000000005
0.8446215139442225
0.8275862068965522
0.844594594594596
0.02439024390243903
0.02
0.015151515151515152
0.8658536585365859
0.014925373134328358
0.0
0.020689655172413793
0.8172043010752683
0.8664383561643865
0.01937984496124031
0.8317307692307674
0.8394495412844002
0.8800000000000004
0.8514056224899637
0.8435114503816756
0.8152173913043489
0.8364779874213836
0.8780487804878055
0.8783783783783752
0.8669064748201404
0.8622047244094474
0.8515283842794775
0.8387096774193543
0.8395721925133711
0.8598484848484842
0.8527918781725903
0.8721461187214568
0.7983193277310922
0.8467741935483865
0.8620689655172428
0.8744939271255088
0.8643216080402034
0.8744186046511606
0.8639455782312934
0.8566666666666642
0.8530612244897995
0.8421052631578977
0.8356164383561604
0.8535564853556457
0.8699186991869899
0.8679245283018909
1.0
1.0
1.0
1.0
0.0
1.0
1.0
1.0
1.0
1.0
1.0
