0.8446215139442225
0.8519855595667916
0.8587360594795562
0.8266666666666681
0.8516949152542355
0.8619402985074593
0.8615916955017353
0.8497854077253187
0.8469945355191265
0.8578431372549
0.8581818181818219
0.8689138576779043
0.8315217391304371
0.8571428571428608
0.8611111111111085
0.8392857142857124
0.8586572438162585
0.8660287081339744
0.8551724137931049
0.8581560283687898
0.8591549295774638
0.8571428571428579
0.8533834586466209
0.8536585365853641
0.8653846153846128
0.8576388888888864
0.841346153846152
0.8630136986301327
0.8317757009345794
0.8840579710144937
0.8214285714285706
0.8351648351648332
0.8577586206896527
0.823529411764706
0.8547008547008529
0.8646616541353428
0.01680672268907563
0.012875536480686695
0.8402366863905333
0.8576923076923051
0.8117647058823512
0.008264462809917356
0.8294117647058805
0.8680555555555535
0.003424657534246575
0.024691358024691357
0.011406844106463879
0.8620689655172389
0.8577235772357705
0.8545454545454583
0.8595041322314025
0.8639053254437878
0.7500000000000003
0.8587360594795562
0.8550185873605971
0.8586572438162585
0.7534246575342476
0.8666666666666676
0.85546875
0.8421052631578964
0.8840579710144953
0.816216216216213
0.8592233009708735
0.8618181818181856
0.8553719008264439
0.8457711442786044
0.8349056603773622
0.8444444444444434
0.858299595141703
0.8442622950819634
0.7948717948717945
0.8471615720524033
0.837837837837835
0.8699186991869899
0.013888888888888888
0.015197568389057751
0.02242152466367713
0.006211180124223602
0.010050251256281407
0.863636363636363
0.030864197530864196
0.013559322033898305
0.03428571428571429
0.008547008547008548
0.02
0.8617021276595699
0.8595744680851075
0.8515625
0.004484304932735426
0.8055555555555558
0.8448275862068954
0.8552631578947391
0.8681318681318656
0.8546511627906989
0.8620689655172389
0.8624535315985153
0.8571428571428547
0.850364963503654
0.0
0.8684210526315834
0.8655172413793119
0.8505747126436806
0.86190476190476
0.8506787330316724
0.8457446808510652
0.8275862068965539
0.868525896414342
0.8607142857142832
0.8627450980392131
0.8481675392670128
0.8181818181818177
0.8622222222222231
0.8731343283582106
0.8290155440414526
0.8571428571428552
0.8562874251497029
0.8411214953271028
0.014336917562724014
0.8576923076923051
0.8644859813084069
0.8628762541806015
0.8595317725752504
0.849740932642489
0.8546099290780097
0.8576271186440624
0.8689138576779043
0.8203125
0.842794759825329
0.8566037735849056
0.0
0.01680672268907563
0.018018018018018018
0.0136986301369863
0.022813688212927757
0.014492753623188406
0.8526785714285696
0.011029411764705881
0.005128205128205128
0.020833333333333332
0.8294117647058805
0.8602150537634431
0.8699551569506747
0.8617021276595699
0.8433734939759073
0.8648648648648635
0.8646288209607003
0.7666666666666666
0.8589743589743571
0.8476190476190468
0.8502024291498
0.853479853479851
0.8494208494208481
0.8589743589743571
0.8152173913043489
0.8423423423423395
0.8316326530612217
0.8325991189427329
0.8677248677248715
0.8526315789473701
0.8638297872340437
0.8731343283582106
0.8480392156862726
0.8631578947368428
0.8631578947368428
0.8571428571428551
0.8659217877095
0.859375
0.864468864468862
0.853982300884957
0.8793774319066121
0.8641114982578386
0.854729729729733
0.005555555555555556
0.01293103448275862
0.8888888888888901
0.8597560975609763
0.8560885608856047
0.8533834586466209
0.8303571428571422
0.8526785714285696
0.861788617886177
0.8556701030927826
0.861607142857141
0.8695652173913024
0.8711656441717778
0.8593750000000018
0.8385650224215266
0.8394495412844002
0.8372093023255825
0.8556701030927816
0.8561643835616467
0.8227848101265833
0.8359788359788394
0.8641509433962263
0.8595317725752504
0.8566666666666642
0.8669064748201404
0.8645833333333308
0.8076923076923082
0.862815884476539
0.8669064748201404
0.8333333333333355
0.8613445378151243
0.863636363636368
0.8803418803418784
0.8024691358024705
0.8598130841121453
0.8543307086614159
0.016597510373443983
0.8656716417910455
0.8610038610038596
0.030456852791878174
0.8628318584070809
0.014598540145985401
0.8561151079136656
0.8444444444444454
0.8606271777003474
0.8447488584474845
0.8647686832740191
0.8576642335766468
0.8625592417061643
0.8369565217391316
0.8493150684931465
0.863636363636363
0.8412017167381943
0.8554216867469918
0.8529411764705861
0.8461538461538444
0.8535564853556457
0.872093023255815
0.8504273504273486
0.8536585365853641
0.85576923076923
0.8412698412698401
0.8518518518518493
0.8654708520179393
0.8689138576779043
0.02430555555555556
0.8324873096446714
0.8577586206896527
0.8496240601503803
0.851063829787235
0.8466666666666682
0.8557692307692288
0.8608695652173879
0.860262008733626
0.8543307086614159
0.8309859154929569
0.8557046979865819
0.8578199052132732
0.8576779026217245
0.8473895582329355
0.8605442176870757
0.8581081081081114
0.007905138339920948
0.8571428571428554
0.8440366972477029
0.8538461538461513
0.8508064516129026
0.8745387453874495
0.8555133079847926
0.8400000000000015
0.8595890410958933
0.8486055776892424
0.8492647058823504
0.8510638297872352
0.0160427807486631
0.8543689320388347
0.8597285067873285
0.8530805687203822
0.8623853211009138
0.8619402985074593
0.8571428571428547
0.8586956521739155
0.818181818181817
0.8446215139442225
0.8245614035087729
0.8435374149659871
0.02439024390243903
0.02
0.015151515151515152
0.8641975308641991
0.0149812734082397
0.0
0.020689655172413793
0.8152173913043489
0.8664383561643865
0.01937984496124031
0.8317307692307674
0.8387096774193524
0.8600000000000004
0.8508064516129026
0.8435114503816756
0.8152173913043489
0.8364779874213836
0.8780487804878055
0.8783783783783752
0.8669064748201404
0.8622047244094474
0.8515283842794775
0.8369565217391316
0.8395721925133711
0.8598484848484842
0.8527918781725903
0.8715596330275193
0.7966101694915241
0.8461538461538486
0.8551724137931048
0.8744939271255088
0.8643216080402034
0.877934272300467
0.8639455782312934
0.8566666666666642
0.8530612244897995
0.8421052631578977
0.8348623853210975
0.8529411764705865
0.8699186991869899
0.8672985781990553
0.0
0.0
0.0
0.0
0.0
0.0
0.0
0.0
0.0
0.0
0.0
