0.0816326530612
0.0769230769231
0.0466321243523
0.0591715976331
0.0740740740741
0.138655462185
0.119850187266
0.0882352941176
0.0760869565217
0.0813953488372
0.100418410042
0.0528455284553
0.0940170940171
0.0873786407767
0.082304526749
0.0793650793651
0.104868913858
0.0941704035874
0.0471698113208
0.115942028986
0.0361445783133
0.10989010989
0.130769230769
0.0208333333333
0.115384615385
0.0958904109589
0.176470588235
0.0384615384615
0.141791044776
0.0382978723404
0.0894736842105
0.0899470899471
0.0214285714286
0.0531914893617
0.106382978723
0.0344827586207
0.057268722467
0.0663265306122
0.0996015936255
0.105263157895
0.120218579235
0.151515151515
0.0223880597015
0.119815668203
0.0568720379147
0.045871559633
0.116504854369
0.0135746606335
0.042735042735
0.0696721311475
0.0900900900901
0.056768558952
0.0235849056604
0.0298507462687
0.117408906883
0.155555555556
0.128099173554
0.0909090909091
0.12962962963
0.0975609756098
0.10332103321
0.12030075188
0.107142857143
0.111607142857
0.0894308943089
0.0721649484536
0.0758928571429
0.0877192982456
0.0347222222222
0.0971659919028
0.0847457627119
0.100917431193
0.0913705583756
0.0833333333333
0.0374331550802
0.0328638497653
0.0954773869347
0.147727272727
0.0977777777778
0.0941176470588
0.120418848168
0.0735930735931
0.107784431138
0.0373134328358
0.0466321243523
0.0809523809524
0.10407239819
0.152173913043
0.0663507109005
0.00757575757576
0.0228310502283
0.0321285140562
0.0600858369099
0.113122171946
0.0808823529412
0.0814814814815
0.111510791367
0.0769230769231
0.124542124542
0.042735042735
0.0761904761905
0.0108695652174
0.0855855855856
0.0501930501931
0.0811965811966
0.125560538117
0.117021276596
0.0287356321839
0.122340425532
0.0321428571429
0.0402298850575
0.0862068965517
0.101503759398
0.0913705583756
0.0970873786408
0.0862068965517
0.0290909090909
0.099173553719
0.0236686390533
0.078431372549
0.0483271375465
0.017667844523
0.0958904109589
0.0577777777778
0.109375
0.0918727915194
0.0416666666667
0.123015873016
0.0199335548173
0.0845070422535
0.0283687943262
0.0793103448276
0.0861244019139
0.0563909774436
0.030612244898
0.0487804878049
0.0585585585586
0.0326086956522
0.104838709677
0.0992366412214
0.0460829493088
0.142857142857
0.100436681223
0.0652173913043
0.0391304347826
0.100961538462
0.0472440944882
0.0524017467249
0.0369127516779
0.140845070423
0.0374531835206
0.0857142857143
0.10843373494
0.0905172413793
0.0827067669173
0.104693140794
0.0235294117647
0.0780141843972
0.0601092896175
0.0894308943089
0.0972972972973
0.0975609756098
0.0593607305936
0.118556701031
0.145348837209
0.0504587155963
0.0941704035874
0.0520833333333
0.128834355828
0.0135135135135
0.0212765957447
0.100371747212
0.095652173913
0.0173611111111
0.047619047619
0.0866666666667
0.104316546763
0.0570175438596
0.0973451327434
0.119658119658
0.0359712230216
0.0246913580247
0.0934579439252
0.0547445255474
0.0642857142857
0.12030075188
0.0174418604651
0.0842490842491
0.0149253731343
0.0431034482759
0.0615384615385
0.0571428571429
0.127192982456
0.110638297872
0.0905511811024
0.0787671232877
0.11320754717
0.0700389105058
0.103678929766
0.0807692307692
0.0354330708661
0.0827338129496
0.124567474048
0.0858369098712
0.0423728813559
0.0373134328358
0.130111524164
0.106666666667
0.111553784861
0.0938628158845
0.116104868914
0.103260869565
0.034965034965
0.127413127413
0.0632911392405
0.0801393728223
0.11914893617
0.111607142857
0.0239234449761
0.116788321168
0.0604982206406
0.0933333333333
0.0445205479452
0.0836653386454
0.110294117647
0.0878378378378
0.0645161290323
0.107011070111
0.041825095057
0.0546218487395
0.105504587156
0.011583011583
0.112449799197
0.137931034483
0.0436681222707
0.0931899641577
0.0588235294118
0.0893854748603
0.0625
0.0401337792642
0.09
0.112068965517
0.102803738318
0.106194690265
0.0150943396226
0.122033898305
0.0377358490566
0.11214953271
0.0334448160535
0.0894308943089
0.0325203252033
0.100917431193
0.0897959183673
0.047619047619
0.0980392156863
0.0981818181818
0.0473933649289
0.0260223048327
0.106280193237
0.1
0.100840336134
0.109756097561
0.0961538461538
0.0742358078603
0.0567375886525
0.106666666667
0.0318725099602
0.119047619048
0.101214574899
0.0534759358289
0.126923076923
0.124542124542
0.0371900826446
0.0239726027397
0.111111111111
0.0456273764259
0.0864197530864
0.0515021459227
0.0672268907563
0.0940170940171
0.09
0.0779661016949
0.0971428571429
0.128787878788
0.135802469136
0.111801242236
0.0452261306533
0.0627062706271
0.0582959641256
0.0540540540541
0.0616438356164
0.0988593155894
0.0833333333333
0.0824372759857
0.0404411764706
0.0871794871795
0.0677083333333
0.0946502057613
0.0504201680672
0.125
0.0798611111111
0.0871369294606
0.09375
0.0143884892086
0.0620437956204
0.106598984772
0.0224215246637
0.11328125
0.0266666666667
0.0568181818182
0.106719367589
0.0894308943089
0.0311284046693
0.0758620689655
0.0449438202247
0.126712328767
0.0581395348837
0.111111111111
0.0387931034483
