0.07785371528283003
0.0780863748727676
0.07840628180893175
0.07855169405264273
0.07895884833503347
0.07994765159226813
0.0801512287334635
0.08070379525956523
0.08111094954195597
0.0815471862730889
0.08209975279919063
0.08262323687655015
0.08337938054384725
0.08396102951869117
0.08468809073724606
0.08556056419951194
0.08620037807184025
0.08701468663662174
0.08759633561146565
0.08817798458630957
0.08878871600989569
0.08928311763851302
0.0900683437545523
0.09062091028065403
0.0915515486404043
0.09277301148757652
0.09338374291116264
0.09466337065581926
0.09544859677185855
0.09629198778538223
0.09704813145267932
0.09821142940236716
0.09914206776211743
0.10053802530174283
0.1007416024429382
0.10187581794388384
0.10327177548350924
0.10487131016433002
0.10684891667879934
0.10844845135962011
0.1099607386942143
0.11030972807912065
0.11188018031119923
0.11324705540208244
0.11484659008290321
0.1148756725316454
0.11612621782755983
0.11824923658574013
0.11958702922788114
0.12072124472882678
0.12243710920461634
0.12304784062820245
0.1241820561291481
0.12522902428386692
0.1267122291697175
0.12857350588921626
0.130085793223809
0.1317434928021126
0.13398284135525954
0.13523338665117277
0.13671659153702334
0.13889777519268595
0.14052639232224737
0.14200959720809794
0.14416169841501839
0.14619746982697016
0.14709902573797737
0.1482623236876641
0.14933837429112432
0.15166497019049777
0.15230478406282547
0.15431147302603507
0.1555620183219483
0.15655082157918201
0.1584702631961651
0.15916824196597715
0.16108768358296024
0.16347244437981803
0.16579904027919148
0.16841646066598662
0.17056856187290706
0.17170277737385162
0.1725461683873745
0.17440744510687325
0.1772866075323479
0.17888614221316715
0.18173622218989963
0.18415006543549958
0.18679656827103688
0.18886142213173082
0.19220590373708016
0.19511414861129697
0.19633561145846803
0.1994765159226222
0.19976734041004388
0.20241384324558118
0.20471135669621246
0.2081430856477883
0.21113857786823162
0.21483204885848697
0.2160825941544002
0.21695506761666525
0.21951432310597604
0.22125927003050613
0.22469099898208197
0.22789006834372047
0.23053657117925777
0.2328050021811469
0.23484077359309866
0.23702195724876127
0.23969754253304074
0.2429256943434214
0.244757888614178
0.2456594445251852
0.24938199796418273
0.2511851097861994
0.254645921186524
0.256856187290933
0.25851388686923976
0.2611313072560399
0.2633415733604489
0.2670350443507113
0.26994328922493366
0.272328050021796
0.2754980369346984
0.2783481169114363
0.28064563036207196
0.28445543114730326
0.28762541806020564
0.2908826523193347
0.2948087828995349
0.2980078522611795
0.3014977461102463
0.3049003926130865
0.3087101933983178
0.31269448887600243
0.3171731859823049
0.3213901410499273
0.3250545295914475
0.3284280936455454
0.3323251417770034
0.33630943725468804
0.3397993311037549
0.3435509669915017
0.3447724298386751
0.34872764286761754
0.35265377344781773
0.3554456885270712
0.360360622364507
0.36437400029093386
0.3679802239349696
0.36937618147459633
0.37397120837586767
0.37778100916109897
0.37938054384192127
0.3844408899230682
0.3861858368476016
0.38769812418219723
0.39188599680107744
0.3956667151375665
0.4006979787699712
0.40494401628633586
0.4057292424023759
0.41012069216245167
0.41489021375617635
0.4156754398722164
0.4207067035046211
0.42506907081595463
0.4305947360769771
0.43518976297824846
0.43728369928768857
0.44240221026631993
0.4441180747421111
0.447869710629858
0.4514759342738937
0.4557510542390006
0.45990984440913857
0.4629925839758143
0.46453395375915213
0.47008870146891685
0.47180456594470804
0.4757888614223927
0.48018031118246846
0.48372836992901974
0.48855605642022887
0.49256943434665573
0.49739712083786486
0.5025156318164866
0.5047258979208872
0.5053657117932137
0.5082739566674249
0.5125490766325155
0.5169405263925745
0.5226697687947707
0.5266540642724401
0.5320343172897309
0.5370074160246322
0.5421840919007282
0.5474189326743085
0.5519848771268202
0.5569579758617215
0.5615530027629753
0.5665551839466186
0.5706267267705144
0.576210556929
0.5824342009598121
0.58446997237176
0.58653482623245
0.58859968009314
0.5934564490330728
0.5990402791915584
0.6011923803984748
0.6075032717755132
0.6113712374582142
0.6172168096553788
0.6238185255198384
0.6271630071251814
0.6323978478987616
0.638417914788379
0.6410935000726533
0.6464737530899441
0.6532790460955985
0.6590664533952789
0.6651446851823805
0.6703213610584765
0.6764286752943202
0.6817507634141268
0.6867529445977701
0.6922786098587715
0.6976879453248045
0.7023993020210267
0.7080703795257387
0.713828704376677
0.7195579467788732
0.7260433328483643
0.7326159662640818
0.7391013523335729
0.7457903155442588
0.7527991856911079
0.755154864039219
0.7567834811687774
0.7622218990835524
0.7659153700738007
0.7711792932961231
0.7766177112108982
0.7817071397407679
0.7884833502976801
0.7945615820847817
0.7983132179725142
0.8016867820265993
0.8076777664674745
0.8155300276278449
0.8216664243124306
0.8271630071246899
0.8327759197319177
0.8403664388536091
0.8444088992287627
0.8522029954916489
0.8602879162419562
0.8669477970039
0.8750327177542073
0.8827104842221251
0.886316707866147
0.8922204449607959
0.8991420677614187
0.9048422277148728
0.9127817362214695
0.9194706994321554
0.9259270030529044
0.9335175221745958
0.9366293441900019
0.9431438127082351
0.9502980950987948
0.9572778827969018
0.9633561145840034
0.969725170858526
0.9772575250827332
0.9837138287034822
0.9920314090437264
0.9999999999990653
