0.07826086956522077
0.07858077650138492
0.07916242547622884
0.0795114148611352
0.07956957975861959
0.08006398138723692
0.08052930056711205
0.08093645484950279
0.08143085647812012
0.08218700014541722
0.08294314381271431
0.08381561727498019
0.08407735931365995
0.08494983277592583
0.08579322378944951
0.08625854296932464
0.08716009888033271
0.08777083030391883
0.08907954049731764
0.08983568416461474
0.0908244874218494
0.09190053802531065
0.0928893412825453
0.09408172168097534
0.09524501963066317
0.09669914206777297
0.09768794532500763
0.09885124327469547
0.10047986040425844
0.10129416896903992
0.10190490039262604
0.10373709466338438
0.10492947506181441
0.10632543260143981
0.10725607096119008
0.10833212156465133
0.10961174930930795
0.11033881052786285
0.11179293296497264
0.11333430274830902
0.11499200232661419
0.11609713537881763
0.11804565944454476
0.11926712229171699
0.12092482187002215
0.12214628471719438
0.12383306674424174
0.1258979206049368
0.12758470263198254
0.1288061654791536
0.1308128544423632
0.13249963646940896
0.1338374291115487
0.13581503562601613
0.13668750908828117
0.13883961029520162
0.1405845572197317
0.14192234986187144
0.1436963792351437
0.14590664533954847
0.14823324123892193
0.15023993020213153
0.15160680529301343
0.15271193834521582
0.15451505016723024
0.15562018321943263
0.1574814599389314
0.15977897338956268
0.16070961174931206
0.16306529009742768
0.16539188599680113
0.16757306965246374
0.16984150065435286
0.17237167369492148
0.17443652755561542
0.17693761814744188
0.17961320343172135
0.18098007852260325
0.1817653046386418
0.1839464882943044
0.185604187872608
0.18819252581066095
0.1912461829285886
0.19360186127670423
0.19447433473896927
0.19770248654934994
0.1995637632688487
0.202035771411933
0.2043042024138221
0.20721244728803892
0.20985895012357622
0.2127090301003087
0.21564635742326768
0.21835102515628932
0.22125927003050613
0.22221899083899768
0.22547622509812051
0.22899520139592286
0.23236876545001436
0.23539334011919985
0.23841791478838534
0.24030827395662627
0.2424603751635467
0.2459502690126069
0.24906209102801888
0.2525519848770839
0.25482041587897736
0.25737967136829304
0.26095681256358655
0.26401046968152003
0.2663370655808979
0.26892540351895583
0.2722408026755693
0.27462556347243167
0.277272066307974
0.2814017740293698
0.2843972662498188
0.2857059764432189
0.2889050458048635
0.29254035189764144
0.29597208084922383
0.30027628326307293
0.30385342445836644
0.30780863748730886
0.31220008724738463
0.31531190926280256
0.319528864330425
0.32389123164175854
0.32685764141346535
0.3314526683147367
0.332790460956879
0.3345354078814124
0.3378798894867681
0.3417769376182261
0.34541224371100404
0.3476806747128975
0.35207212447297326
0.3549512868984534
0.3567834811692135
0.3598953031846314
0.3614366729679693
0.3652464737532006
0.3677475643450318
0.3701032426931519
0.37507634142807217
0.3760651446853078
0.3799040279192813
0.3828413552422459
0.38746546459225945
0.38909408172182397
0.3938345208668064
0.39828413552436664
0.40221026610456684
0.405612912607407
0.40936454849515386
0.41416315253762076
0.4184964374002121
0.4229460520577723
0.4275992438565281
0.43065290097446157
0.4341137123747862
0.4383306674424086
0.44304202413864885
0.44818961756602244
0.45339537589088047
0.4570015995349162
0.46235277010348536
0.46688963210727225
0.47023411371262797
0.4720953904321303
0.47622509815352604
0.48201250545322855
0.48570597644349095
0.4910862294608023
0.49576850370830033
0.4996946342885005
0.5052493819982452
0.50958266686082
0.5140322815183632
0.5193252871894277
0.5233095826670972
0.5290097426205512
0.5331394503419312
0.5380253017306061
0.5437254616840602
0.5468372836994663
0.5483786534827982
0.5531772575252468
0.5590228297224115
0.5634142794824705
0.5651592264069972
0.5698124182057352
0.5744656100044733
0.5774611022249109
0.5797586156755378
0.5833357568708176
0.5885705976443979
0.5942998400465941
0.5980223934855845
0.6034898938491017
0.6086956521739398
0.6147738839610414
0.6210847753380798
0.6273956667151183
0.6320488585138563
0.6337065580921567
0.6395812127380635
0.6449323833066122
0.6490330085792501
0.6555765595462254
0.6613058019484216
0.6666860549657124
0.6733750181763983
0.679482332412242
0.6829431438125534
0.6874218409188387
0.6932964955647455
0.699898211429205
0.7049003926128484
0.7099316562452339
0.7164752072122093
0.7225243565505687
0.7279046095678595
0.7338955940087347
0.7400901555908047
0.746371964519101
0.7518103824338761
0.754107895884503
0.7614657554162575
0.7657990402788323
0.771150210847381
0.7733895594005237
0.7787116475203303
0.7835974989090052
0.7849062091024003
0.791304347825665
0.797498909407735
0.8043623673108736
0.8058746546454635
0.8087247346221905
0.8126217827536336
0.8132906790747022
0.818409190053314
0.8227133924671467
0.8280645630356954
0.8337356405404074
0.8396393776350562
0.8454849498322209
0.8518249236580014
0.8549367456734075
0.860491493383151
0.8665406427215104
0.8679366002611318
0.8753817071391127
0.8825650719784145
0.8893412825353267
0.896640977169597
0.8997818816337452
0.9075178129991471
0.9136251272349908
0.9167951141478811
0.9203140904456767
0.9261596626428413
0.933313945033401
0.9362803548050965
0.9388686927431446
0.9418932674123243
0.9483786534818154
0.9559691726035068
0.9603024574660816
0.9675439872028676
0.9698996655509787
0.9752508361195275
0.9813872328041132
0.9844699723707772
0.9849643739993931
0.9906645339528471
0.9946197469817745
0.9989821142930914
0.9999999999990653
