0.07828995201396297
0.07863894139886932
0.07962774465610398
0.08000581648975252
0.08044205322088546
0.08070379525956523
0.0816344336193155
0.08262323687655015
0.08364112258252701
0.08460084339101948
0.08524065726334779
0.08649120255926221
0.0872473462265593
0.08849789152247373
0.08945761233096619
0.09030100334448987
0.09143521884543551
0.09242402210267017
0.09335466046242044
0.09477970045078804
0.09635015268286662
0.09736803838884348
0.09829867674859374
0.09922931510834401
0.10045077795551624
0.10199214773885262
0.10309728079105607
0.1043187436382283
0.10612185546024444
0.10751781299986984
0.10917551257817501
0.11100770684893335
0.11249091173478534
0.11397411662063733
0.11574814599391128
0.11755125781592743
0.11900538025303722
0.12031409044643604
0.12194270757599901
0.12368765450053076
0.12575250836122595
0.1273520430420452
0.12921331976154396
0.13060927730116803
0.1327322960593463
0.13459357277884507
0.1365711792933125
0.13828704376910042
0.1400319906936305
0.14209684455432445
0.14430711065872923
0.14599389268577498
0.14782608695653157
0.14965828122728816
0.1515486403955291
0.1538170713974182
0.1562890795405025
0.15858659299113378
0.16108768358296024
0.16370510396975538
0.16565362803548064
0.1682419659735336
0.17074305656536007
0.17286607532353834
0.17548349571033348
0.17751926712228525
0.17981678057291653
0.18217245892103215
0.18508070379524896
0.1876981241820441
0.19031554456883923
0.1929038825068922
0.195637632688656
0.19813872328048246
0.20063981387230892
0.20343172895155706
0.20657263341571122
0.20930638359747503
0.2121564635742075
0.21512287334590866
0.21814744801509414
0.22123018758176397
0.2239348553147856
0.22669768794529158
0.2293151083320867
0.23245601279624087
0.23521884542674684
0.238359749890901
0.24141340700882866
0.2443798167805298
0.2475788861421683
0.25101061509374606
0.25409335466042177
0.257117929329613
0.2606369056274221
0.2637196451940978
0.26712229169693796
0.27032136105858257
0.27360767776645384
0.2766322524356451
0.2802093936309386
0.2835247927875521
0.2869856041878767
0.2906499927293969
0.2943434637196593
0.2978042751199839
0.30152682855898855
0.3053947942417043
0.3092336774756778
0.3127817362222291
0.31641704231500706
0.32019776065149613
0.32389123164175854
0.32761378508076316
0.3312490911735411
0.3349425621638035
0.3388396102952615
0.34270757597797724
0.34675003635314633
0.3507634142795732
0.35454413261606227
0.35835393340129357
0.36216373418652487
0.3661189472154673
0.37027773738560527
0.3742620328632899
0.37859531772588123
0.38255053075482365
0.38650574378376606
0.39078086374887294
0.39499781881649537
0.39901119674292224
0.403402646502998
0.40764868401936266
0.4117783917407584
0.4155591100772475
0.41957248800367436
0.42364403082758567
0.4279482332414348
0.432397847898995
0.436818380107813
0.4408899229317243
0.44510687799934673
0.44932383306696916
0.45374436527578715
0.45801948524089403
0.4624109350009698
0.46688963210727225
0.47107750472615245
0.47535262469125933
0.47991856914378844
0.48436818380134866
0.48890504580513555
0.49335466046269577
0.4978333575689982
0.5022829722265497
0.5069361640252877
0.51164752072151
0.5165042896614428
0.5210993165626966
0.5260433328488557
0.5308710193400464
0.5356114584850108
0.5405263923224278
0.5453540788136185
0.5497455285736775
0.5545441326161261
0.5591391595173799
0.564054093354797
0.5688817798459876
0.5736513014396941
0.5782463283409479
0.5830740148321386
0.588076196015782
0.5931365420969096
0.5978769812418739
0.6025592554893541
0.6073578595318027
0.6123309582667039
0.617245892104121
0.6218700014541169
0.6267267703940497
0.6317580340264352
0.6364984731713995
0.6414134070088165
0.6462701759487494
0.6512141922349085
0.6562745383160361
0.6612767194996795
0.6661916533370965
0.6713392467644504
0.6762250981531254
0.6805874654644423
0.6856478115455699
0.6904173331392763
0.6954195143229197
0.7003344481603367
0.7055111240364328
0.710222480732655
0.7147884251851667
0.7195579467788732
0.7245019630650323
0.7293878144537073
0.7339246764574768
0.7386941980511833
0.7437545441323109
0.7484949832772753
0.753322669768466
0.7583830158495936
0.7631525374433
0.7677475643445538
0.7726043332844866
0.7773738548781931
0.7822887887156101
0.7867674858218955
0.791304347825665
0.7958412098294346
0.8004653191794305
0.8047404391445211
0.8093063835970328
0.8138723280495445
0.8184673549507983
0.8231496291982784
0.827686491202048
0.8324269303470123
0.8368765450045555
0.8411516649696461
0.8453977024859946
0.8495274102073745
0.8541515195573705
0.8585429693174295
0.8626435945900673
0.866686054965221
0.8708739275840852
0.8750908826516915
0.8792787552705558
0.8832921331969673
0.8872764286746367
0.891202559254822
0.8951868547324914
0.8988803257227397
0.9027773738541828
0.906441762395689
0.9102515631809057
0.9138577868249277
0.9170568561865601
0.9203431728944188
0.9236294896022775
0.9267413116176836
0.9299985458768002
0.9332557801359168
0.936396684600065
0.9394794241667289
0.9424167514896823
0.9454994910563462
0.9484949832767838
0.9512578159072845
0.9541078958840116
0.956812563617028
0.9595463137987866
0.9621637341855768
0.964810237021109
0.9674858223053834
0.9701614075896577
0.9727206630789637
0.9752799185682696
0.9777519267113491
0.9801657699569445
0.9824923658563135
0.9848480442044246
0.9872037225525357
0.98932674131071
0.9912752653764315
0.9930783771984425
0.9947360767767429
0.9962192816625907
0.9976443216509542
0.9986622073569281
0.9995055983704494
0.9999999999990653
