0.0680272108844
0.153846153846
0.0414507772021
0.0591715976331
0.20987654321
0.243697478992
0.10861423221
0.0647058823529
0.0760869565217
0.0813953488372
0.092050209205
0.0365853658537
0.0811965811966
0.0873786407767
0.0658436213992
0.190476190476
0.0786516853933
0.224215246637
0.0471698113208
0.166666666667
0.0361445783133
0.0934065934066
0.230769230769
0.0208333333333
0.0913461538462
0.0867579908676
0.117647058824
0.247863247863
0.238805970149
0.23829787234
0.215789473684
0.0687830687831
0.0142857142857
0.0531914893617
0.0957446808511
0.0344827586207
0.0528634361233
0.0561224489796
0.0876494023904
0.0877192982456
0.24043715847
0.212121212121
0.0223880597015
0.0921658986175
0.042654028436
0.0366972477064
0.0922330097087
0.0135746606335
0.034188034188
0.0614754098361
0.0720720720721
0.0480349344978
0.0235849056604
0.0248756218905
0.214574898785
0.133333333333
0.239669421488
0.0763636363636
0.25
0.256097560976
0.243542435424
0.214285714286
0.232142857143
0.0892857142857
0.0772357723577
0.0721649484536
0.0714285714286
0.0877192982456
0.208333333333
0.0769230769231
0.0508474576271
0.0917431192661
0.0812182741117
0.0719696969697
0.0374331550802
0.0328638497653
0.0804020100503
0.136363636364
0.0888888888889
0.0745098039216
0.0942408376963
0.0606060606061
0.0838323353293
0.0298507462687
0.0414507772021
0.0714285714286
0.0950226244344
0.20652173913
0.0568720379147
0.00757575757576
0.0228310502283
0.0240963855422
0.0515021459227
0.0859728506787
0.0661764705882
0.0740740740741
0.23381294964
0.0647773279352
0.238095238095
0.0384615384615
0.0666666666667
0.0108695652174
0.0675675675676
0.03861003861
0.0726495726496
0.237668161435
0.237588652482
0.0287356321839
0.223404255319
0.0321428571429
0.212643678161
0.0724137931034
0.0827067669173
0.203045685279
0.208737864078
0.224137931034
0.0290909090909
0.235537190083
0.0236686390533
0.0588235294118
0.0408921933086
0.017667844523
0.0958904109589
0.0444444444444
0.08984375
0.0777385159011
0.0357142857143
0.234126984127
0.0199335548173
0.0739436619718
0.0283687943262
0.0689655172414
0.0717703349282
0.0563909774436
0.0204081632653
0.0487804878049
0.225225225225
0.0326086956522
0.0887096774194
0.087786259542
0.0414746543779
0.122448979592
0.0786026200873
0.0434782608696
0.0391304347826
0.0817307692308
0.0393700787402
0.0480349344978
0.0335570469799
0.225352112676
0.0262172284644
0.0761904761905
0.236947791165
0.0689655172414
0.0676691729323
0.0794223826715
0.0235294117647
0.0673758865248
0.0546448087432
0.0772357723577
0.0864864864865
0.240418118467
0.228310502283
0.221649484536
0.25
0.220183486239
0.085201793722
0.239583333333
0.233128834356
0.0135135135135
0.0212765957447
0.0780669144981
0.095652173913
0.0173611111111
0.047619047619
0.07
0.0791366906475
0.0482456140351
0.0752212389381
0.106837606838
0.0323741007194
0.0246913580247
0.0794392523364
0.043795620438
0.0571428571429
0.233082706767
0.0174418604651
0.0732600732601
0.238805970149
0.0387931034483
0.05
0.0571428571429
0.219298245614
0.0978723404255
0.0787401574803
0.0684931506849
0.100628930818
0.0661478599222
0.0936454849498
0.0692307692308
0.0354330708661
0.0719424460432
0.23875432526
0.227467811159
0.0338983050847
0.0335820895522
0.245353159851
0.1
0.0996015936255
0.0758122743682
0.104868913858
0.20652173913
0.027972027972
0.239382239382
0.208860759494
0.0696864111498
0.225531914894
0.241071428571
0.0239234449761
0.226277372263
0.0462633451957
0.08
0.0376712328767
0.0717131474104
0.102941176471
0.0709459459459
0.0564516129032
0.0959409594096
0.228136882129
0.0420168067227
0.0825688073394
0.011583011583
0.21686746988
0.241379310345
0.0393013100437
0.078853046595
0.0588235294118
0.0782122905028
0.046875
0.0367892976589
0.0733333333333
0.0991379310345
0.0654205607477
0.0929203539823
0.0150943396226
0.24406779661
0.0339622641509
0.088785046729
0.0267558528428
0.0772357723577
0.0243902439024
0.0825688073394
0.0816326530612
0.0408163265306
0.0882352941176
0.0763636363636
0.0379146919431
0.0260223048327
0.0869565217391
0.242105263158
0.0924369747899
0.0894308943089
0.230769230769
0.0655021834061
0.0496453900709
0.08
0.0239043824701
0.234693877551
0.085020242915
0.208556149733
0.246153846154
0.238095238095
0.0330578512397
0.0239726027397
0.201388888889
0.041825095057
0.0740740740741
0.0429184549356
0.226890756303
0.0769230769231
0.0733333333333
0.237288135593
0.222857142857
0.234848484848
0.240740740741
0.105590062112
0.0452261306533
0.0561056105611
0.0582959641256
0.045045045045
0.0547945205479
0.235741444867
0.0724637681159
0.0716845878136
0.0367647058824
0.0717948717949
0.0572916666667
0.0740740740741
0.0420168067227
0.2265625
0.0694444444444
0.236514522822
0.0763888888889
0.0143884892086
0.0474452554745
0.228426395939
0.0224215246637
0.21875
0.0266666666667
0.0454545454545
0.0948616600791
0.0731707317073
0.0233463035019
0.0758620689655
0.0374531835206
0.236301369863
0.0581395348837
0.0944444444444
0.0387931034483
