0.12225705329153605
0.12539184952978055
0.12852664576802508
0.13166144200626959
0.13479623824451412
0.13793103448275862
0.14106583072100312
0.14420062695924765
0.14733542319749215
0.15047021943573669
0.1536050156739812
0.15673981191222572
0.15987460815047022
0.16300940438871472
0.16614420062695925
0.16927899686520376
0.1724137931034483
0.1755485893416928
0.1786833855799373
0.18181818181818182
0.18495297805642633
0.18808777429467086
0.19122257053291536
0.19435736677115986
0.1974921630094044
0.2006269592476489
0.20376175548589343
0.20689655172413793
0.21003134796238246
0.21316614420062696
0.21630094043887146
0.219435736677116
0.2225705329153605
0.22570532915360503
0.22884012539184953
0.23197492163009403
0.23510971786833856
0.23824451410658307
0.2413793103448276
0.2445141065830721
0.2476489028213166
0.2507836990595611
0.25391849529780564
0.25705329153605017
0.2601880877742947
0.26332288401253917
0.2664576802507837
0.26959247648902823
0.2727272727272727
0.27586206896551724
0.27899686520376177
0.28213166144200624
0.2852664576802508
0.2884012539184953
0.29153605015673983
0.2946708463949843
0.29780564263322884
0.30094043887147337
0.30407523510971785
0.3072100313479624
0.3103448275862069
0.31347962382445144
0.3166144200626959
0.31974921630094044
0.322884012539185
0.32601880877742945
0.329153605015674
0.3322884012539185
0.335423197492163
0.3385579937304075
0.34169278996865204
0.3448275862068966
0.34796238244514105
0.3510971786833856
0.3542319749216301
0.3573667711598746
0.3605015673981191
0.36363636363636365
0.3667711598746082
0.36990595611285265
0.3730407523510972
0.3761755485893417
0.3793103448275862
0.3824451410658307
0.38557993730407525
0.3887147335423197
0.39184952978056425
0.3949843260188088
0.3981191222570533
0.4012539184952978
0.4043887147335423
0.40752351097178685
0.4106583072100313
0.41379310344827586
0.4169278996865204
0.4200626959247649
0.4231974921630094
0.4263322884012539
0.42946708463949845
0.43260188087774293
0.43573667711598746
0.438871473354232
0.44200626959247646
0.445141065830721
0.4482758620689655
0.45141065830721006
0.45454545454545453
0.45768025078369906
0.4608150470219436
0.46394984326018807
0.4670846394984326
0.4702194357366771
0.47335423197492166
0.47648902821316613
0.47962382445141066
0.4827586206896552
0.48589341692789967
0.4890282131661442
0.49216300940438873
0.4952978056426332
0.49843260188087773
0.5015673981191222
0.5047021943573667
0.5078369905956113
0.5109717868338558
0.5141065830721003
0.5172413793103449
0.5203761755485894
0.5235109717868338
0.5266457680250783
0.5297805642633229
0.5329153605015674
0.5360501567398119
0.5391849529780565
0.542319749216301
0.5454545454545454
0.54858934169279
0.5517241379310345
0.554858934169279
0.5579937304075235
0.5611285266457681
0.5642633228840125
0.567398119122257
0.5705329153605015
0.5736677115987461
0.5768025078369906
0.5799373040752351
0.5830721003134797
0.5862068965517241
0.5893416927899686
0.5924764890282131
0.5956112852664577
0.5987460815047022
0.6018808777429467
0.6050156739811913
0.6081504702194357
0.6112852664576802
0.6144200626959248
0.6175548589341693
0.6206896551724138
0.6238244514106583
0.6269592476489029
0.6300940438871473
0.6332288401253918
0.6363636363636364
0.6394984326018809
0.6426332288401254
0.64576802507837
0.6489028213166145
0.6520376175548589
0.6551724137931034
0.658307210031348
0.6614420062695925
0.664576802507837
0.6677115987460815
0.670846394984326
0.6739811912225705
0.677115987460815
0.6802507836990596
0.6833855799373041
0.6865203761755486
0.6896551724137931
0.6927899686520376
0.6959247648902821
0.6990595611285266
0.7021943573667712
0.7053291536050157
0.7084639498432602
0.7115987460815048
0.7147335423197492
0.7178683385579937
0.7210031347962382
0.7241379310344828
0.7272727272727273
0.7304075235109718
0.7335423197492164
0.7366771159874608
0.7398119122257053
0.7429467084639498
0.7460815047021944
0.7492163009404389
0.7523510971786834
0.7554858934169278
0.7586206896551724
0.7617554858934169
0.7648902821316614
0.768025078369906
0.7711598746081505
0.774294670846395
0.7774294670846394
0.780564263322884
0.7836990595611285
0.786833855799373
0.7899686520376176
0.7931034482758621
0.7962382445141066
0.799373040752351
0.8025078369905956
0.8056426332288401
0.8087774294670846
0.8119122257053292
0.8150470219435737
0.8181818181818182
0.8213166144200627
0.8244514106583072
0.8275862068965517
0.8307210031347962
0.8338557993730408
0.8369905956112853
0.8401253918495298
0.8432601880877743
0.8463949843260188
0.8495297805642633
0.8526645768025078
0.8557993730407524
0.8589341692789969
0.8620689655172413
0.8652037617554859
0.8683385579937304
0.8714733542319749
0.8746081504702194
0.877742946708464
0.8808777429467085
0.8840125391849529
0.8871473354231975
0.890282131661442
0.8934169278996865
0.896551724137931
0.8996865203761756
0.9028213166144201
0.9059561128526645
0.9090909090909091
0.9122257053291536
0.9153605015673981
0.9184952978056427
0.9216300940438872
0.9247648902821317
0.9278996865203761
0.9310344827586207
0.9341692789968652
0.9373040752351097
0.9404388714733543
0.9435736677115988
0.9467084639498433
0.9498432601880877
0.9529780564263323
0.9561128526645768
0.9592476489028213
0.9623824451410659
0.9655172413793104
0.9686520376175548
0.9717868338557993
0.9749216300940439
0.9780564263322884
0.9811912225705329
0.9843260188087775
0.987460815047022
0.9905956112852664
0.9937304075235109
0.9968652037617555
1.0
