0.07828995201396297
0.07924967282245543
0.07959866220736178
0.08000581648975252
0.08044205322088546
0.08070379525956523
0.08166351606805769
0.08262323687655015
0.08364112258252701
0.08483350298095704
0.08547331685328535
0.08620037807184025
0.0872473462265593
0.08849789152247373
0.08945761233096619
0.09030100334448987
0.09143521884543551
0.09242402210267017
0.09335466046242044
0.09477970045078804
0.0957685037080227
0.09736803838884348
0.09829867674859374
0.09949105714702378
0.10045077795551624
0.10199214773885262
0.10318452813728266
0.1043187436382283
0.10612185546024444
0.10775047258980741
0.10917551257817501
0.11100770684893335
0.11249091173478534
0.11397411662063733
0.11574814599391128
0.11737676312347425
0.11883088556058405
0.12080849207505337
0.12214628471719438
0.12406572633417931
0.12575250836122595
0.1273520430420452
0.1287189181329271
0.13060927730116803
0.13223789443072945
0.1343899956376499
0.13607677766469564
0.13805438417916308
0.1400319906936305
0.14209684455432445
0.14430711065872923
0.14599389268577498
0.1477970045077894
0.14965828122728816
0.15207212447288812
0.15434055547477724
0.1562890795405025
0.1587610876835868
0.16134942562163976
0.16321070234113852
0.16518830885560595
0.1672531627162999
0.16984150065435286
0.17237167369492148
0.17487276428674794
0.17717027773737923
0.1794677911880105
0.18217245892103215
0.18508070379524896
0.18766904173330193
0.19022829722261272
0.1929038825068922
0.19534680820123432
0.1981096408317403
0.20063981387230892
0.2033153991565884
0.2061363966845787
0.20930638359747503
0.212243710920434
0.21512287334590866
0.2181765304638363
0.22123018758176397
0.22396393776352777
0.22669768794529158
0.22963501526825056
0.23271775483492038
0.2358877417478167
0.23867965682706485
0.24141340700882866
0.24478697106292016
0.24798604042455866
0.25101061509374606
0.2544714264940707
0.25749600116326193
0.26084048276861765
0.26392322233529336
0.2668896321070002
0.2703504435073248
0.27360767776645384
0.27692307692306734
0.2804711356696186
0.2837865348262321
0.2873636760215256
0.290795404973108
0.2944888759633704
0.2980369347099217
0.30187581794389523
0.30568561872912653
0.3092045950269356
0.3127817362222291
0.31641704231500706
0.32008143085652724
0.32377490184678964
0.32761378508076316
0.3312490911735411
0.3351461393049991
0.3391013523339415
0.3429984004653995
0.34675003635314633
0.3507634142795732
0.35454413261606227
0.3587610876836847
0.36297804275130713
0.3671368329214451
0.37123745819409865
0.37516358877429884
0.37908971935449903
0.382986767485957
0.38700014541238387
0.39101352333881073
0.3951723135089487
0.3993020212303445
0.4036353060929358
0.4077068489168471
0.41183655663824287
0.41587901701341196
0.4202413843247455
0.42425476225117237
0.4281227279338881
0.4325141776939639
0.436818380107813
0.4408899229317243
0.44510687799934673
0.4494983277594225
0.45374436527578715
0.45801948524089403
0.46220735785977424
0.4666860549660767
0.47107750472615245
0.47552711938371267
0.4800930638362418
0.4846299258400287
0.48890504580513555
0.49335466046269577
0.4978333575689982
0.5024865493677445
0.5071688236152246
0.5119965101064153
0.5165042896614428
0.5210993165626966
0.5260433328488557
0.5309001017887885
0.5357277882799792
0.540584557219912
0.5453249963648764
0.5498909408173881
0.5546895448598367
0.5595753962485116
0.564054093354797
0.5688236149485034
0.5736513014396941
0.5784789879308848
0.5834811691145282
0.5885415151956558
0.5931365420969096
0.5978769812418739
0.602791915079291
0.6076486840192238
0.6125054529591566
0.617245892104121
0.6220735785953116
0.627075759778955
0.6318161989239194
0.6367311327613364
0.6414134070088165
0.6464155881924599
0.6513596044786191
0.6562745383160361
0.6612767194996795
0.6661916533370965
0.6713392467644504
0.6762250981531254
0.681285444234253
0.6860258833792173
0.691115311909087
0.6960302457465041
0.7010615093788896
0.7055111240364328
0.710222480732655
0.7151374145700721
0.7199360186125207
0.7248218700011956
0.7293878144537073
0.7341573360474137
0.7391885996797992
0.7438999563760215
0.7484949832772753
0.753322669768466
0.7583830158495936
0.7631525374433
0.7680093063832328
0.7726043332844866
0.7773738548781931
0.7822887887156101
0.7867674858218955
0.791304347825665
0.7958412098294346
0.8004653191794305
0.8050312636319422
0.809626290533196
0.8141340700882235
0.8184673549507983
0.8231496291982784
0.827686491202048
0.8324269303470123
0.8368765450045555
0.8415006543545515
0.845775774319642
0.8500218118359905
0.8541515195573705
0.8585429693174295
0.8626435945900673
0.866686054965221
0.8708739275840852
0.8750908826516915
0.8792787552705558
0.8832921331969673
0.8872764286746367
0.891202559254822
0.8951868547324914
0.8990839028639345
0.9027773738541828
0.9065871746393995
0.9102515631809057
0.9138577868249277
0.9170568561865601
0.9203431728944188
0.9236294896022775
0.9268867238613941
0.9301439581205108
0.9332557801359168
0.936396684600065
0.9394794241667289
0.9425621637333929
0.9454994910563462
0.9484949832767838
0.9513450632535109
0.9541078958840116
0.956812563617028
0.9595463137987866
0.9621637341855768
0.964810237021109
0.9674858223053834
0.9701614075896577
0.9727206630789637
0.9752799185682696
0.9777519267113491
0.9801657699569445
0.9824923658563135
0.9848480442044246
0.9872037225525357
0.98932674131071
0.9912752653764315
0.9930783771984425
0.9947360767767429
0.9962192816625907
0.9976443216509542
0.9986622073569281
0.9995055983704494
0.9999999999990653
