0.1115537848605577
0.09386281588447652
0.13011152416356875
0.10666666666666667
0.04237288135593221
0.03731343283582089
0.12456747404844284
0.08583690987124468
0.060109289617486336
0.09803921568627447
0.09818181818181816
0.11610486891385763
0.10326086956521735
0.01993355481727575
0.12301587301587301
0.041666666666666664
0.09187279151943459
0.08612440191387558
0.07931034482758623
0.028368794326241127
0.08450704225352111
0.030612244897959183
0.05639097744360902
0.08943089430894306
0.13076923076923075
0.020833333333333336
0.11538461538461534
0.0958904109589041
0.04716981132075471
0.11594202898550728
0.03614457831325302
0.10989010989010985
0.09051724137931033
0.1764705882352941
0.03846153846153846
0.08270676691729323
0.06722689075630252
0.051502145922746795
0.059171597633136105
0.12692307692307692
0.08823529411764708
0.0371900826446281
0.023529411764705882
0.11111111111111115
0.023972602739726026
0.08641975308641975
0.04562737642585551
0.08620689655172413
0.10975609756097555
0.029090909090909087
0.09917355371900827
0.023668639053254437
0.0784313725490196
0.026022304832713748
0.048327137546468384
0.0176678445229682
0.0958904109589041
0.05777777777777778
0.109375
0.10000000000000003
0.10628019323671492
0.0972972972972973
0.09708737864077667
0.0909090909090909
0.12809917355371903
0.029850746268656712
0.023584905660377357
0.15555555555555553
0.11740890688259102
0.06967213114754098
0.042735042735042736
0.056768558951965045
0.09009009009009007
0.08943089430894306
0.07986111111111113
0.06270627062706269
0.05829596412556053
0.11180124223602482
0.04522613065326633
0.1287878787878787
0.13580246913580246
0.07796610169491527
0.09714285714285714
0.094017094017094
0.08999999999999996
0.07801418439716312
0.11063829787234049
0.11328125
0.02242152466367713
0.05714285714285714
0.0956521739130435
0.12719298245614036
0.08424908424908426
0.01744186046511628
0.04310344827586208
0.10037174721189587
0.0642857142857143
0.054744525547445265
0.014388489208633094
0.12030075187969924
0.08620689655172417
0.040229885057471264
0.08095238095238093
0.10407239819004523
0.12234042553191482
0.028735632183908046
0.03187250996015936
0.03214285714285715
0.09411764705882353
0.12041884816753932
0.14772727272727273
0.09777777777777778
0.03731343283582089
0.046632124352331605
0.0735930735930736
0.10778443113772458
0.102803738317757
0.08243727598566311
0.06153846153846154
0.11214953271028037
0.10367892976588625
0.03344481605351171
0.046632124352331605
0.021276595744680847
0.12203389830508479
0.11985018726591755
0.0625
0.07423580786026197
0.03773584905660377
0.09465020576131686
0.050420168067226885
0.054054054054054064
0.06164383561643835
0.09885931558935364
0.08333333333333336
0.11160714285714282
0.04044117647058824
0.08717948717948718
0.06770833333333333
0.058823529411764705
0.09318996415770614
0.12556053811659193
0.11702127659574474
0.11244979919678709
0.011583011583011584
0.04366812227074235
0.13793103448275862
0.04273504273504273
0.0761904761904762
0.07692307692307689
0.12454212454212456
0.05019305019305019
0.08119658119658119
0.010869565217391304
0.08558558558558557
0.06632653061224489
0.05726872246696035
0.08994708994708994
0.08947368421052634
0.03829787234042553
0.14179104477611934
0.034482758620689655
0.10638297872340426
0.05319148936170213
0.02142857142857143
0.08938547486033517
0.125
0.12454212454212456
0.10619469026548678
0.07003891050583658
0.08013937282229965
0.013513513513513514
0.11111111111111106
0.03879310344827587
0.12962962962962962
0.09756097560975611
0.10332103321033215
0.12030075187969924
0.10714285714285711
0.11160714285714282
0.08943089430894306
0.07216494845360824
0.07589285714285712
0.08771929824561403
0.12883435582822092
0.052083333333333336
0.09417040358744394
0.05045871559633028
0.1453488372093023
0.1185567010309278
0.07876712328767123
0.06329113924050633
0.047619047619047616
0.01509433962264151
0.04013377926421405
0.08666666666666663
0.10431654676258997
0.017361111111111112
0.07692307692307693
0.1046931407942238
0.035971223021582725
0.05701754385964912
0.13865546218487398
0.03496503496503497
0.11965811965811964
0.024691358024691357
0.09345794392523364
0.09055118110236215
0.08713692946058091
0.014925373134328358
0.1274131274131275
0.10659898477157362
0.09734513274336287
0.06204379562043797
0.11151079136690653
0.08148148148148146
0.09756097560975609
0.0593607305936073
0.06049822064056941
0.11678832116788317
0.06635071090047394
0.15217391304347822
0.0228310502283105
0.007575757575757576
0.060085836909871265
0.032128514056224904
0.08088235294117647
0.11312217194570133
0.10041841004184096
0.08139534883720931
0.094017094017094
0.05284552845528456
0.087378640776699
0.07936507936507936
0.0823045267489712
0.09417040358744394
0.10486891385767787
0.09375000000000003
0.09137055837563453
0.11206896551724134
0.10150375939849623
0.056737588652482254
0.10666666666666667
0.10096153846153842
0.0391304347826087
0.05240174672489081
0.047244094488188976
0.14084507042253522
0.036912751677852344
0.08571428571428569
0.03745318352059925
0.10843373493975898
0.11904761904761908
0.0878378378378378
0.10671936758893284
0.05462184873949579
0.10550458715596331
0.08076923076923077
0.06451612903225803
0.10701107011070116
0.04182509505703422
0.09333333333333334
0.04452054794520548
0.08366533864541828
0.11029411764705883
0.11914893617021284
0.053475935828877004
0.116504854368932
0.013574660633484163
0.05687203791469195
0.045871559633027525
0.022388059701492536
0.1198156682027649
0.12021857923497274
0.15151515151515152
0.09960159362549795
0.10526315789473684
0.08163265306122447
0.08943089430894306
0.02666666666666667
0.056818181818181795
0.07407407407407407
0.04494382022471911
0.0311284046692607
0.07586206896551724
0.07608695652173914
0.1267123287671233
0.05813953488372093
0.09615384615384612
0.04608294930875576
0.14285714285714285
0.10483870967741929
0.0992366412213741
0.03260869565217391
0.11320754716981131
0.048780487804878044
0.05855855855855857
0.0827338129496403
0.03543307086614173
0.10043668122270737
0.06521739130434782
0.0374331550802139
0.08333333333333329
0.09137055837563453
0.10091743119266056
0.08474576271186442
0.09716599190283395
0.034722222222222224
0.10121457489878537
0.09547738693467334
0.03286384976525821
0.0476190476190476
0.08999999999999996
0.0897959183673469
0.023923444976076555
0.10091743119266056
0.10084033613445377
0.032520325203252036
0.047393364928909956
