0.12225705329153605
0.12264150943396226
0.12302839116719243
0.12341772151898735
0.12380952380952381
0.12420382165605096
0.12460063897763578
0.125
0.12540192926045016
0.12580645161290321
0.1262135922330097
0.1266233766233766
0.1270358306188925
0.12745098039215685
0.12786885245901639
0.12828947368421054
0.12871287128712872
0.1291390728476821
0.12956810631229235
0.13
0.13043478260869565
0.13087248322147652
0.13131313131313133
0.13175675675675674
0.13220338983050847
0.1326530612244898
0.13310580204778158
0.13356164383561644
0.13402061855670103
0.13448275862068965
0.13494809688581316
0.13541666666666666
0.13588850174216027
0.13636363636363635
0.1368421052631579
0.13732394366197184
0.13780918727915195
0.13829787234042554
0.1387900355871886
0.1392857142857143
0.13978494623655913
0.14028776978417265
0.1407942238267148
0.14130434782608695
0.14181818181818182
0.14233576642335766
0.14285714285714285
0.14338235294117646
0.14391143911439114
0.14444444444444443
0.1449814126394052
0.1455223880597015
0.14606741573033707
0.14661654135338345
0.1471698113207547
0.14772727272727273
0.1482889733840304
0.14885496183206107
0.14942528735632185
0.15
0.15057915057915058
0.1511627906976744
0.1517509727626459
0.15234375
0.15294117647058825
0.15354330708661418
0.1541501976284585
0.15476190476190477
0.1553784860557769
0.156
0.1566265060240964
0.15725806451612903
0.15789473684210525
0.15853658536585366
0.15918367346938775
0.1598360655737705
0.16049382716049382
0.16115702479338842
0.16182572614107885
0.1625
0.16317991631799164
0.1638655462184874
0.16455696202531644
0.1652542372881356
0.16595744680851063
0.16666666666666666
0.16738197424892703
0.16810344827586207
0.16883116883116883
0.16956521739130434
0.1703056768558952
0.17105263157894737
0.17180616740088106
0.17256637168141592
0.17333333333333334
0.17410714285714285
0.17488789237668162
0.17567567567567569
0.17647058823529413
0.17727272727272728
0.1780821917808219
0.17889908256880735
0.17972350230414746
0.18055555555555555
0.1813953488372093
0.1822429906542056
0.18309859154929578
0.18396226415094338
0.1848341232227488
0.18571428571428572
0.18660287081339713
0.1875
0.18840579710144928
0.18932038834951456
0.1902439024390244
0.19117647058823528
0.1921182266009852
0.19306930693069307
0.19402985074626866
0.195
0.19597989949748743
0.19696969696969696
0.19796954314720813
0.1989795918367347
0.2
0.20103092783505155
0.20207253886010362
0.203125
0.20418848167539266
0.20526315789473684
0.20634920634920634
0.2074468085106383
0.20855614973262032
0.20967741935483872
0.21081081081081082
0.21195652173913043
0.21311475409836064
0.21428571428571427
0.2154696132596685
0.21666666666666667
0.21787709497206703
0.21910112359550563
0.22033898305084745
0.2215909090909091
0.22285714285714286
0.22413793103448276
0.2254335260115607
0.22674418604651161
0.22807017543859648
0.22941176470588234
0.23076923076923078
0.23214285714285715
0.23353293413173654
0.23493975903614459
0.23636363636363636
0.23780487804878048
0.2392638036809816
0.24074074074074073
0.2422360248447205
0.24375
0.24528301886792453
0.2468354430379747
0.2484076433121019
0.25
0.25161290322580643
0.2532467532467532
0.2549019607843137
0.2565789473684211
0.2582781456953642
0.26
0.26174496644295303
0.2635135135135135
0.2653061224489796
0.2671232876712329
0.2689655172413793
0.2708333333333333
0.2727272727272727
0.2746478873239437
0.2765957446808511
0.2785714285714286
0.2805755395683453
0.2826086956521739
0.2846715328467153
0.2867647058823529
0.28888888888888886
0.291044776119403
0.2932330827067669
0.29545454545454547
0.29770992366412213
0.3
0.3023255813953488
0.3046875
0.30708661417322836
0.30952380952380953
0.312
0.31451612903225806
0.3170731707317073
0.319672131147541
0.32231404958677684
0.325
0.3277310924369748
0.3305084745762712
0.3333333333333333
0.33620689655172414
0.3391304347826087
0.34210526315789475
0.34513274336283184
0.3482142857142857
0.35135135135135137
0.35454545454545455
0.3577981651376147
0.3611111111111111
0.3644859813084112
0.36792452830188677
0.37142857142857144
0.375
0.3786407766990291
0.38235294117647056
0.38613861386138615
0.39
0.3939393939393939
0.3979591836734694
0.4020618556701031
0.40625
0.4105263157894737
0.4148936170212766
0.41935483870967744
0.42391304347826086
0.42857142857142855
0.43333333333333335
0.43820224719101125
0.4431818181818182
0.4482758620689655
0.45348837209302323
0.4588235294117647
0.4642857142857143
0.46987951807228917
0.47560975609756095
0.48148148148148145
0.4875
0.4936708860759494
0.5
0.5064935064935064
0.5131578947368421
0.52
0.527027027027027
0.5342465753424658
0.5416666666666666
0.5492957746478874
0.5571428571428572
0.5652173913043478
0.5735294117647058
0.582089552238806
0.5909090909090909
0.6
0.609375
0.6190476190476191
0.6290322580645161
0.639344262295082
0.65
0.6610169491525424
0.6724137931034483
0.6842105263157895
0.6964285714285714
0.7090909090909091
0.7222222222222222
0.7358490566037735
0.75
0.7647058823529411
0.78
0.7959183673469388
0.8125
0.8297872340425532
0.8478260869565217
0.8666666666666667
0.8863636363636364
0.9069767441860465
0.9285714285714286
0.9512195121951219
0.975
1.0
