0.07787101695909736
0.07779060474203563
0.07830605662405253
0.07819326844849595
0.07810647289531747
0.07785992576003994
0.07819465081723599
0.07859307156467123
0.07899880209319461
0.07926965041193088
0.07919488940965137
0.07979653988207668
0.07978288591701245
0.08028643083421524
0.08046359821487467
0.08047329321993565
0.08078580395616043
0.08082191780821642
0.08078678097345057
0.08137059911372378
0.08199781620935587
0.08206514009386649
0.08195132457462385
0.08175690367471189
0.08184845047747547
0.08230513483561534
0.08223622869502865
0.08231661394788528
0.08300064636325194
0.08319256756757122
0.08369514653435522
0.0838487434432053
0.08455882352941095
0.08475388239051104
0.0852650675267162
0.08578990228012698
0.08574248468150036
0.08539624522346047
0.08550092297364674
0.08569249025258939
0.08643719496532733
0.08645445895683208
0.08668297797972448
0.08634236779376847
0.08696427775053006
0.08714066864918012
0.08745333697532406
0.08722053546783919
0.0871182185858468
0.08737727251374558
0.08791834797056149
0.08750719631548963
0.08717575757576254
0.08692669541356607
0.0866722797285905
0.08700005005756961
0.08768467921474003
0.08821724455354094
0.08854543574899845
0.08935569838532097
0.08912251043372384
0.08866574083965456
0.08818923151697756
0.08868501529052361
0.08912695344855917
0.08978725780333673
0.08961544977130242
0.09010963910461126
0.09010049670786056
0.0910153055263414
0.09117768717130935
0.0915122534369409
0.09135429262394065
0.0918710624502997
0.09183736617365551
0.09215551242722624
0.09322355921469554
0.09361184084064576
0.09419773095623689
0.09458838963594259
0.09537399615053066
0.09521890948159843
0.09573962084664223
0.09550330033003779
0.09518508210409096
0.09512744683847289
0.09584550701916705
0.09561580617248285
0.09575943361798937
0.09626893239749167
0.09714328447502298
0.09716966853337791
0.0975105323630803
0.09793734491315452
0.09782523357148604
0.09760750337810546
0.09721551585385088
0.09810951760104096
0.09843234323432613
0.09867156821789934
0.09847715736040143
0.09868082919308108
0.09960090230782032
0.09982425307557381
0.10029367268844276
0.10068505498467238
0.10145192219888678
0.10247872733999068
0.10308312248148759
0.10407368720918839
0.10478206485134532
0.10549921996879684
0.10569989133655737
0.10651716888577807
0.10714285714285188
0.10798025503908179
0.10799541332221334
0.10821092676741224
0.10840921264059732
0.10925282363162707
0.10975341259357634
0.10994530639579896
0.11114883984154392
0.11176133103843813
0.11277932960894245
0.11296033994334072
0.1131330061055943
0.11409151596067281
0.11473593499938685
0.11513486513486841
0.11652944901836164
0.11732202518632943
0.11747066492828952
0.1181685854174896
0.11895810955961605
0.11992368492777083
0.12142165675563837
0.12226277372262355
0.12225705329153352
0.12384259259259496
0.12498164194448091
0.12647278150633862
0.1269120096925591
0.1269792467332788
0.126912269747114
0.12874583795782382
0.13011272141707209
0.13168656960575545
0.13210368893319926
0.13265822784810385
0.13374485596707517
0.13534227486500608
0.13732082817200383
0.13774500989030938
0.13922894207930034
0.14015221830332103
0.1416446623915466
0.14340490797546254
0.1440265055544781
0.14619651347067833
0.14705882352941232
0.14926289926289454
0.1511555277951284
0.1532923988990045
0.1544260176609943
0.15687992988606472
0.15768374164810736
0.1604350781781068
0.1625547613557762
0.16330361332707233
0.1647171162568619
0.16520894071914766
0.16691394658753664
0.1691842900302137
0.17170681701691395
0.17453691625358508
0.17631439192777834
0.17712276906436317
0.17841409691629495
0.18143578238923602
0.18280491288203116
0.1859179517020681
0.1885002963841132
0.1908788885533129
0.19396551724138272
0.19573400250940584
0.19789002557544447
0.20065146579804935
0.2025232403718458
0.2047377326565167
0.20703933747412537
0.20893422441083148
0.21197991391678966
0.21470373079737082
0.21857515852294018
0.22196883314328963
0.22528111671190715
0.2292490118577063
0.23247381144238605
0.23705834018077607
0.24140821458507647
0.24583155194528
0.24945486262538286
0.25367156208278274
0.25873808443032226
0.2635479388605776
0.2689035916824196
0.27448142788229724
0.2790354330708657
0.28341708542714145
0.2878399179066243
0.29350104821802425
0.29893048128342314
0.30365920262151913
0.30915178571428165
0.3156695156695156
0.3218859138533188
0.32877526753865094
0.33576199149970154
0.3424317617866019
0.3476884103863263
0.35510996119017185
0.36261558784676173
0.3704453441295479
0.37767057201930126
0.38494018296974647
0.39195979899497846
0.3997071742313274
0.4080717488789301
0.41679389312977594
0.42589703588142924
0.4328832406672003
0.4412003244120092
0.45033112582780577
0.4594594594594648
0.46810344827585193
0.4766930518909468
0.48653500897665725
0.49679193400551136
0.5042016806722672
0.515267175572527
0.5268292682926833
0.5383848454636092
0.5504587155963409
0.5619146722164465
0.5715800636267157
0.5822510822510867
0.5951327433628383
0.6079096045197674
0.621247113163972
0.6336866902237965
0.6458583433373468
0.6572827417380644
0.6704119850187281
0.6840764331210191
0.6964980544747059
0.7103174603174653
0.7246963562752913
0.7386519944979233
0.7517531556802367
0.7668097281831037
0.781341107871737
0.7964338781575011
0.8121212121211963
0.8271604938271404
0.8427672955974808
0.8562300319488698
0.8687196110210778
0.883031301482693
0.897822445561155
0.9115646258503464
0.9257340241796369
0.9387040280210343
0.9520426287744099
0.9640287769784118
0.9745454545454314
0.9852941176470847
0.9944341372912622
0.9981378026070679
1.000000000000012
