0.07773635463388326
0.07759633458646473
0.07749306252583822
0.07799243890096481
0.0777455002845014
0.07771238871284404
0.07760659913872021
0.07760377071613284
0.07796620546100298
0.0781924737816221
0.07839602113769663
0.07819252207678887
0.07847329204263
0.07890988510112341
0.07883076726913266
0.07906812566184516
0.07920696012160777
0.07944884198182466
0.07930253177027373
0.0795867168416181
0.07949901996611755
0.07945691067786648
0.07956758208555045
0.07947377298027308
0.07947583390061153
0.07937052147975222
0.07973973835398565
0.07963741187094087
0.07947112525796102
0.07964913516751448
0.07973657189392283
0.07967189728958764
0.08003312211981368
0.07990121304569216
0.08018004830564342
0.08010030978019952
0.08020180287123575
0.08065785037276459
0.08076706147772371
0.08094678147404345
0.08138733634484088
0.08124662917020102
0.08116516936957961
0.0810302246266016
0.08144492696408101
0.08134218582276903
0.08162447933354415
0.08172728005805673
0.08156878683194389
0.0818326595614342
0.08172246442378497
0.08154808768077015
0.08156660996556606
0.08145797670243277
0.08138360545362618
0.08134540970361959
0.08155389760741477
0.08172043010752642
0.08211029092487909
0.08223669829056504
0.08276684029310563
0.08273525609592935
0.08316073840611755
0.08308699804447921
0.08284810416762842
0.08257429386327701
0.08267589388696474
0.08259229945528862
0.0824616539237229
0.0829187396351563
0.08300734662723641
0.0833854592695921
0.08336558931681705
0.08326870880186105
0.08319874712474248
0.0828892835997597
0.0830885647433673
0.08309513063537705
0.08331223094454476
0.08358360906083456
0.08356687898088502
0.08384869099154939
0.08385755133870872
0.08389402859545711
0.08373625205886943
0.08369808903597337
0.08376483279395666
0.08376623376623657
0.08407490309548196
0.08405956977385048
0.08450390189520668
0.08463100880162704
0.08455653159535145
0.08466609343651223
0.0851298099211848
0.085400735508725
0.08596377367396305
0.08600035758984108
0.08610308285163762
0.08685317242640231
0.08745457904785575
0.08735275883446993
0.08701908038786511
0.08739400075939978
0.08807327696643387
0.08838956161367834
0.08889034027823285
0.08967067848168543
0.08932869751270711
0.08998715435061516
0.0908094781536822
0.09120566391337934
0.09106854697256701
0.09082529778786019
0.09119632342380844
0.09156609091566531
0.09138132865085959
0.09139307897072353
0.09211214953271402
0.09245411284840055
0.09233582203260325
0.09222478829868806
0.09221169401432511
0.09232316978795908
0.09270694911279843
0.0927256930732121
0.09250220052812319
0.09269480519480201
0.09253220283710911
0.09251936068545147
0.09237817576010127
0.09254108723134864
0.09249786871270543
0.09265478343236001
0.09249411559585484
0.09308065226971764
0.09343954175243571
0.09358361158740305
0.0938605241679473
0.09439174877981615
0.09450569813768414
0.09520689009549231
0.09567521529289064
0.09572845156369637
0.09592488626464153
0.09612751809113587
0.09648688767936353
0.09759036144578663
0.09875662454137529
0.09953536396489278
0.09968652037617305
0.10085996390274712
0.10092433361994778
0.10102758247701027
0.10132835657042863
0.1019594818997035
0.10243738065820794
0.1026831201177368
0.1031764168190155
0.1045243619489544
0.105467829366019
0.10614592069006565
0.10679845708775614
0.10725629122892628
0.10857142857143344
0.1090545272636296
0.10958904109589264
0.10987890376035306
0.11075171432267775
0.11192853389384802
0.11253675487837898
0.11331252544443002
0.11468396356610239
0.11574659362270216
0.11666666666666897
0.11785145504560932
0.1182511737089175
0.11867182846932814
0.11983032873807226
0.1205782836050402
0.1209425717852687
0.12176535958088754
0.12352465642683515
0.12553542009884908
0.12658438959306553
0.12741962632553278
0.1286057692307688
0.12926111784045716
0.13016710642040968
0.13150831991411946
0.13265306122449308
0.13390366375301982
0.1358282674772063
0.13781055900620925
0.13928289992119597
0.14196410566647014
0.14279869067103457
0.14473136193252986
0.14664685908318753
0.14652406417112562
0.14836601307189518
0.14984437527790154
0.15179579850915353
0.153916838961636
0.15616180620883915
0.15898174831892548
0.15958474167069084
0.15992246183668557
0.16179385530227794
0.16309553819006825
0.1669682088394904
0.1696712619300102
0.17214439655172703
0.17346383904295778
0.1753659210162924
0.17656950672645735
0.17826825127334614
0.18145044784744108
0.182664339732401
0.18549346016647245
0.18652694610778714
0.18912312862817138
0.19384228715049237
0.1981923821820488
0.2026533996683288
0.20592239618788657
0.20881026708289604
0.21492324169939114
0.2196637426900625
0.22514071294559532
0.22994241842610819
0.23381718320910347
0.2397094430992757
0.24319868095630923
0.24737945492662897
0.2506426735218565
0.25704225352113164
0.2657247037374584
0.27065923862581487
0.2783653846153837
0.2839566929133854
0.28656716417909855
0.29484536082474133
0.3000525486074539
0.3072354211663049
0.3123620309050725
0.3189557321225942
0.32710280373831097
0.3355342136854804
0.341284403669719
0.34639303482587547
0.3564993564993527
0.3659180977542913
0.3781569965870273
0.3905367231638455
0.4023408924652595
0.4142101284958341
0.42612752721618274
0.4458027709861336
0.4619932432432487
0.4739130434782694
0.4945454545454426
0.5132575757575867
0.5177033492822901
0.535183349851342
0.5494393476044958
0.5673684210526447
0.590361445783141
0.6148571428571356
0.6450839328537136
0.6733416770963855
0.6836086404066193
0.6996098829648971
0.7326057298772284
0.777134587554284
0.8236196319018596
0.8576000000000163
0.8888888888889113
0.9436619718310065
1.000000000000012
