0.07767104029990873
0.07779612051175681
0.07768260766119055
0.07779999403144733
0.077779107335168
0.07825037707390796
0.07847241180575072
0.07876346547041624
0.07870142646335244
0.07854180850405398
0.07847239570322616
0.07864285265077538
0.07853884171841746
0.0788535031847115
0.07879937011923029
0.0787529167746993
0.07861911740758513
0.07892665004593064
0.07876123744051235
0.07862252537014949
0.07886445904277034
0.07883285545623842
0.07871423237500336
0.07886370628653439
0.07920723944534619
0.07958177018202085
0.08002381452686644
0.07978967427744875
0.08043029137280887
0.08037892923784058
0.08027879094291396
0.08030843093038392
0.08018315018315648
0.08023828785761919
0.08004588853526479
0.08017302457396293
0.07990515262147098
0.07989136584813807
0.07970656429359319
0.07989128354323084
0.08037094281298192
0.08039694538125083
0.08080413016269733
0.08095032057586492
0.0811239250188308
0.0808976201884641
0.08084885300935316
0.08106154896213817
0.08108873250828609
0.081298161210099
0.08161420235061953
0.08178207992057321
0.08158926040190653
0.08172955710563744
0.0815141367470611
0.08163875598086247
0.08152431919209238
0.08132490738722241
0.08109058927000795
0.0808794137241862
0.08071166084072463
0.0804841696400392
0.08064957576863375
0.08069402368493275
0.08087178298168826
0.08076076263643187
0.0806101246694399
0.08058433188523233
0.08088306179504164
0.08114801864802076
0.08107445713445666
0.0809074284584639
0.08114843983650577
0.08167481231420165
0.08184727937814856
0.08249807247494613
0.08272506082724634
0.08252857963146273
0.08253733706264596
0.08267528750861229
0.08243785084202601
0.08281562314299748
0.08320122451211016
0.0836367648681516
0.08425275827482158
0.08473621980744186
0.08463416018618594
0.08434080100841791
0.08398980537534521
0.08393946503988134
0.08416134374260997
0.08446167611094203
0.08485248260973566
0.08464233929434373
0.08527036946415181
0.0857776682277597
0.08637666708213551
0.08657899704272415
0.08689848070688735
0.08711805777977016
0.08776130994757807
0.08769976421272979
0.08759992072405777
0.08848136001606342
0.08861101723555219
0.08947260414529215
0.08964847812521451
0.08966288991467178
0.09049068894710605
0.090368353160379
0.09112013929192991
0.09118185144529534
0.09175877160447908
0.09192555905747676
0.09236126883185623
0.09233128834355779
0.09285714285713909
0.09303420144336037
0.09332381858547614
0.09327704317349501
0.0938205872862165
0.09324180763259259
0.09336852523919727
0.09434910004185615
0.09432684165961283
0.09428791641688437
0.09452434586726423
0.09505402793640066
0.09559670417294291
0.09580357142856745
0.09708121827410787
0.09721209912536712
0.09744394205038573
0.0980941704035907
0.09784865068880856
0.09829669806831773
0.098765432098761
0.09871036555803599
0.09901864573110856
0.09932257421797062
0.0997879002121049
0.10031539322413521
0.10141485076939274
0.10155192167482258
0.1019027484143801
0.10264118531243059
0.10314438037210022
0.1043411194358735
0.1044109436069258
0.10471976401179625
0.10611303344867665
0.10708845928529866
0.10811777327452157
0.10882956878849867
0.10959071472204965
0.11032601958596894
0.11112509438711289
0.1119775022369922
0.1130829015544078
0.11426684280052442
0.11548274472942416
0.1166303756124104
0.1182497923013033
0.11899122195903382
0.12037954963885773
0.12092488869740221
0.12092411171223681
0.12109025915996217
0.1223628691983089
0.12291096931024346
0.12365756366983324
0.12490278425882417
0.12716029808149568
0.1271796512558007
0.12761096605744285
0.12960186573380086
0.13050847457626943
0.1331253250130022
0.13474426807760448
0.13564498742364653
0.13704653719311072
0.1387283236994241
0.13975037821482716
0.14109483423284597
0.14166342790516948
0.14458548195160748
0.1457205852876339
0.148163265306124
0.15037437603993334
0.15304384844614355
0.15544941380807378
0.15607189829022164
0.1567759078830845
0.1585804132973923
0.1603665521191289
0.16280701754386198
0.1651201522721854
0.16787967006307145
0.16959643476107547
0.1710726995424473
0.17410597755155469
0.1756071523885741
0.1770917952883814
0.17695248498088695
0.1800947867298531
0.18243434058176
0.18590487238979436
0.18886915334517063
0.1916239831274436
0.19423135931266672
0.19648462021343563
0.19974473516273636
0.20292207792207864
0.2078483538410418
0.21081264875892095
0.21485595279416492
0.22087205146533662
0.22636632200886916
0.23258469737343257
0.23748043818466644
0.2434607645875217
0.2488669138854539
0.25574468085106905
0.26149802890933016
0.2659142212189677
0.27006960556844206
0.274231678486998
0.28270455658990884
0.29009552538964206
0.2994291645044157
0.3060138371474242
0.3103635377102523
0.3154991726420283
0.3264722698685007
0.33060269163253736
0.33834134615385486
0.3483910891089023
0.35915492957745926
0.3653594771241818
0.3715810540360291
0.37720488466758
0.3853146853146796
0.4027777777777848
0.4129129129129057
0.4174904942965879
0.428794992175279
0.4475409836065527
0.4618644067796686
0.4797535211267711
0.48530721282280176
0.49230769230769067
0.5041782729805098
0.5112994350282518
0.5318315377081342
0.5535168195718762
0.5718816067653258
0.5964718853362853
0.6115515288788197
0.6171428571428498
0.6330597889800763
0.6580882352941155
0.6646039603960253
0.6992187499999943
0.7131474103585652
0.7465181058495732
0.7657142857142724
0.8000000000000084
0.8183206106870321
0.8258859784283635
0.83359253499224
0.850793650793648
0.881578947368438
0.8993288590604142
0.9225473321859016
0.9387040280210343
0.9588550983899594
0.9727767695099576
0.9889298892989109
0.9907578558225616
1.000000000000012
