0.9115197234006542
0.9114719748557433
0.9114242313129471
0.9113764927722074
0.9113287592309028
0.9112810306900497
0.9112333071482733
0.9111855886047945
0.9111378750585818
0.911142528013222
0.9110948217183651
0.9110471204190721
0.91099942411416
0.9109517328031369
0.9109040464847439
0.9108563651593337
0.9108086888248905
0.9107610174816273
0.9107133511277721
0.910665689763218
0.9106180333877839
0.9105703819986276
0.9105227355975345
0.9104750941818353
0.9104274577511492
0.9104321439783734
0.9104368297145586
0.9104415149615143
0.9104461997173808
0.9103985772567668
0.9103509597779933
0.9103033472805869
0.9102557397627622
0.9102604330088344
0.9102128327148771
0.9101652373981357
0.9101699346408475
0.9101223465442283
0.9101270455373258
0.9100794646594574
0.9100318887551819
0.9099843178254327
0.9099890230514143
0.9099937277858469
0.909946166309247
0.909898609804732
0.9099033185265187
0.9098557692309118
0.9098082249048752
0.9097606855472369
0.9097131511571034
0.9096656217345603
0.9096180972780298
0.9095705777872818
0.9095230632607206
0.909475553698121
0.9094280490991833
0.9093805494621872
0.9093330547864229
0.9092855650718614
0.9092380803173798
0.909242819843641
0.9091953422794429
0.9091478696743857
0.9091004020260591
0.9090529393336253
0.9090054815978245
0.9089580288160918
0.9089627812286065
0.9089153356302925
0.9089200897749835
0.9088726513569866
0.9088774072332546
0.9088299759942189
0.9087825497049713
0.9087351283655555
0.9086877119750553
0.9086403005323126
0.9085928940365193
0.9085454924873336
0.908550263446306
0.9085028690661463
0.9084554796308193
0.9084080951388586
0.9083607155892643
0.9083654949411774
0.90831812255552
0.9082707551104532
0.9082233926058271
0.9081760350399833
0.9081286824129222
0.9081334723671367
0.9081382618219247
0.9080909185693055
0.9080435802531038
0.9079962468723668
0.9080010424808767
0.9079537162516349
0.9079063949547139
0.9078590785909426
0.9078117671579373
0.9077644606564065
0.907717159085355
0.9077219674868702
0.9076746730581081
0.9076794831716583
0.9076321958844583
0.907584913523799
0.9075376360892224
0.9075424523388782
0.9074951820409847
0.9074999999996821
0.9074527368363343
0.9074054785962903
0.9073582252774761
0.9073109768800914
0.907263733402641
0.9072164948454837
0.90716926120664
0.9071220324864929
0.9071268676144172
0.9070796460174614
0.9070324293376584
0.9069852175721408
0.9069380107219974
0.9068908087853675
0.9068436117614878
0.9067964196503983
0.9067492324502346
0.9067020501613228
0.9066548727823344
0.9066597294482804
0.9066125591799938
0.9065653938198833
0.9065182333666028
0.9064710778196938
0.9064239271778072
0.906428794340787
0.9064336609976605
0.9063865196586266
0.9063393832229086
0.9062922516897802
0.9062451250587604
0.9061980033281365
0.9061508864969332
0.906155765831304
0.9061086560954048
0.9061135371177992
0.9060664344755136
0.9060193367295468
0.9059722438797798
0.9059771309773686
0.905930045215859
0.9059349339982561
0.9058878553241473
0.9058407815426276
0.9057937126523858
0.9057466486540963
0.9057515456951652
0.9057044887782577
0.9056574367497711
0.9056623376624401
0.9056152927124176
0.9055682526488414
0.9055731574301136
0.9055261244414445
0.9054790963389616
0.9054840049857635
0.905436983953555
0.9053899678057142
0.9053429565400529
0.9052959501554713
0.9052489486523849
0.9052019520296997
0.9051549602864348
0.905107973421753
0.9050609914352136
0.9050140143254528
0.9049670420928287
0.9049200747351059
0.9048731122530986
0.9048780487803506
0.9048310933526065
0.9047841427976293
0.9047371971150983
0.904690256303517
0.9046433203628906
0.9045963892922055
0.9045494630906232
0.904502541757739
0.9044556252919527
0.904408713692943
0.9043618069603393
0.9043149050930215
0.9043198672402004
0.9043248288738635
0.9043297899922799
0.9042828995127513
0.9042360138951874
0.9041891331395229
0.9041941002647157
0.9041472265419275
0.9041521953244914
0.9041571635915376
0.9041621313428176
0.9041152689953871
0.9040684115058489
0.9040215588725379
0.9039747110948468
0.9039278681724475
0.9038810301047788
0.9038341968913873
0.9037873685303243
0.9037405450210859
0.903693726364131
0.9036987152924442
0.903651903651957
0.9036568942295482
0.9036100896050032
0.903563289828316
0.903516494898654
0.9034697048164114
0.9034229195791047
0.9033761391882562
0.903329363641008
0.9032825929376119
0.9032358270776866
0.9031890660591824
0.9031423098824102
0.9031473237394138
0.903100574563748
0.9030538302278427
0.903007090729988
0.9029603560705417
0.9029653780469734
0.9029703995031912
0.9029754204401876
0.9029286970922813
0.9028819785790144
0.9028352649006371
0.9027885560559133
0.9027935851006629
0.9027468832447276
0.9027519139251713
0.9027052190557893
0.9026585290160841
0.9026635634862291
0.9026168804301716
0.9025702022027403
0.9025235288031221
0.9024768602305254
0.902430196484242
0.9024352411971374
0.9023885844274605
0.9023419324817333
0.9022952853600473
0.9022486430603199
0.9022020055822166
0.9021553729261634
0.9021087450899589
0.9021138043308795
0.9020671834622964
0.9020722443286115
0.9020256304254712
0.9019790213405634
0.9019324170711557
0.901937483854587
0.9019425501140915
0.901947615849938
0.9019010228327614
0.9018544346295763
0.9018078512400746
0.9017612726612847
0.9017146988946423
0.9017197748283828
0.9017248502377397
0.9017299251226292
0.9016833625944688
0.9016368048744046
0.9015902519621589
0.9015953327479495
0.9015487867836703
0.9015022456246352
0.901507330167134
0.9014607959534684
0.9014658821099935
0.901419354839136
0.9014244426096762
0.9013779222793638
0.9013314067497276
0.9012848960217588
0.9012899896804621
0.9012950828128253
0.9012485811575274
0.9012020843008975
0.9011555922411411
0.9011091049778537
0.9010626225113605
0.9010161448395937
0.9009696719622045
0.9009747795141547
0.9009283135640237
0.9009334227216105
0.9008869636967278
0.9008405094619351
0.9008456223577448
0.9007991750452821
0.9007527325219233
0.9007062947877325
0.9006598618417692
0.9006134336820522
0.9005670103090061
0.9005205917223311
0.900474177919671
0.9004277689018952
0.9003813646671752
0.9003349652148864
0.9002885705449778
0.9002421806563387
0.9001957955484798
0.900149415220097
0.9001030396700932
0.9000566688988733
0.9000618174322514
0.9000154535621057
0.8999690944678485
0.8999227401493165
0.8998763906060157
0.8998815470977937
0.8998867030593676
0.899891858489375
0.8998455200827361
0.8997991864474959
0.8997528575843163
0.8997065334914588
0.8996602141682788
0.8996138996137161
0.8995675898277733
0.8995727595616684
0.8995779287624883
0.8995316279786257
0.8994853319606285
0.89943904070779
0.8994442157265851
0.8993979313540621
0.899351651744268
0.8993053768976924
0.8992591068118208
0.8992128414881598
0.8992180265458468
0.8991717680949157
0.8991255144033544
0.8990792654700549
0.8990330212939173
0.8989867818754427
0.898940547212124
0.8989457444075231
0.8989509410675326
0.8989047153800448
0.8988584944468493
0.898812278266037
0.8988174807201044
0.8987712713997538
0.8987250668315355
0.8986788670123778
0.8986840752547162
0.8986378822920916
0.8986430921053684
0.8985969059978108
0.8985507246377836
0.8985045480238658
0.8984583761559888
0.8984122090335449
0.8983660466546939
0.8983198890203654
0.8982737361283673
0.8982789622402555
0.8982841878146429
0.8982894128526824
0.8982432710087097
0.8982484976113617
0.8982023626095308
0.8981562323452023
0.8981101068201492
0.8981153391875534
0.8981205710179003
0.8981258023105614
0.8980796878208193
0.8980335780668074
0.8979874730463621
0.8979927100976898
0.8979979466117108
0.897951850521235
0.8979570885943968
0.8979109993330032
0.8978649148018366
0.897818835001454
0.8977727599303522
0.8977266895882232
0.8977319376028606
0.8976858740829589
0.8976398152896569
0.8975937612229843
0.8975477118817041
0.8975016672649933
0.897455627372731
0.8974608874073304
0.897414854328754
0.8973688259733895
0.8973228023389987
0.8973280681059024
0.8973333333331984
0.8972873185991134
0.89724130858406
0.8971953032864827
0.8971493027068166
0.8971033068441996
0.8970573156978945
0.8970113292668337
0.8969653475494824
0.8969706289402616
0.8969246540237439
0.8968786838196728
0.8968839688395968
0.8968892533183946
0.8968432919956398
0.8968485780167965
0.8968026234887534
0.8967566736688767
0.8967107285580103
0.8967160202877623
0.8966700819671226
0.8966241483527225
0.8966294437043723
0.8966347385132234
0.8965888137680954
0.8965941101150571
0.8965481921542303
0.8965022788955046
0.8964563703396147
0.8964104664860716
0.8963645673321116
0.8963698735341117
0.8963239811588181
0.896278093482792
0.8962322105050128
0.8961863322238899
0.896140458640837
0.8960945897529404
0.8960487255607231
0.8960028660629605
0.8959570112588693
0.8959111611485087
0.8958653157303469
0.8958194750040404
0.8957736389684005
0.8957789716042805
0.8957843036937394
0.8957896352382455
0.8957438101081541
0.895749143178779
0.8957033248079727
0.8957086594038386
0.8956628477906903
0.8956170408632224
0.8955712386212156
0.895525441063361
0.8955307833914896
0.8954849925857448
0.8954903364348441
0.8954445523801394
0.8953987730063455
0.8953529983129448
0.8953583478171466
0.8953125798705772
0.8952668166017789
0.8952210580114945
0.8951753040988426
0.8951295548628975
0.8950838103025083
0.8950380704178302
0.8949923352069882
0.8949466046703004
0.8949519722051634
0.8949062484035981
0.8949116174514952
0.8949169859518925
0.8948712709444255
0.8948255606070689
0.8947798549390932
0.8947852290721197
0.894739530132889
0.894693835861549
0.8946481462565959
0.8946535260177666
0.8946078431376021
0.8946132244062821
0.8945675482489722
0.8945218767549908
0.8944762099241156
0.8944305477567114
0.8944359367026753
0.8943902812518252
0.8943956717023414
0.8943500229674939
0.894304378891406
0.8942587394742569
0.8942131047149736
0.8941674746136068
0.8941728747833805
0.8941272513904602
0.8941326530613135
0.8941380541805791
0.8940924395471438
0.8940468295668097
0.894001224239863
0.8939556235655589
0.8939100275423156
0.8938644361705474
0.8938188494493784
0.8937732673769717
0.8937786843448842
0.8937331089693679
0.8936875382420433
0.8936929587521101
0.893647394717681
0.89365281672228
0.893607259380381
0.8935617066828081
0.8935671322253436
0.8935215862171584
0.8934760448523793
0.8934305081288249
0.893384976047537
0.8933904092140117
0.8933448838160072
0.8932993630576448
0.8932538469379177
0.8932083354564873
0.8931628286124564
0.8931682714353752
0.8931737137037853
0.8931791554172939
0.8931336593319992
0.8930881678804783
0.8930426810631459
0.8929971988794285
0.8929517213280941
0.892906248408383
0.8929117018024438
0.8929171546411515
0.8928716904275034
0.8928262308435366
0.8927807758887303
0.8927353255609288
0.8927407859907217
0.8926953423264559
0.8927008042353035
0.8927062655879867
0.8926608306190668
0.8926154002750208
0.8925699745549555
0.8925245534579584
0.8924791369836313
0.8924337251308843
0.8924391981275457
0.8924446705675197
0.892399267399477
0.8923538688510178
0.8923084749212649
0.8922630856096105
0.8922177009153628
0.8922231829508599
0.8921778049031731
0.8921324314705947
0.8920870626529132
0.8920925502164867
0.892047188040048
0.8920018304775948
0.891956477526717
0.8919619706133789
0.8919166243008866
0.8919221188552852
0.8918767791783698
0.8918314441114963
0.8917861136522032
0.891740787801935
0.8916954665579705
