0.5196078431372549
0.52
0.5203915171288744
0.5207823960880196
0.5211726384364821
0.5215622457282343
0.5219512195121951
0.5223395613322502
0.5227272727272727
0.5231143552311436
0.5235008103727715
0.5238866396761134
0.5242718446601942
0.5246564268391269
0.5250403877221325
0.5254237288135594
0.5258064516129032
0.5261885576148267
0.5265700483091788
0.5269509251810137
0.5273311897106109
0.5277108433734939
0.5280898876404494
0.5284683239775461
0.5288461538461539
0.5292233787029623
0.5296
0.5299760191846523
0.5303514376996805
0.5307262569832403
0.5311004784688995
0.5314741035856574
0.5318471337579618
0.5322195704057279
0.5325914149443561
0.5329626687847498
0.5333333333333333
0.5337034099920698
0.5340729001584786
0.5344418052256532
0.5348101265822784
0.5351778656126482
0.5355450236966824
0.5359116022099447
0.5362776025236593
0.5366430260047281
0.537007874015748
0.5373721479150275
0.5377358490566038
0.5380989787902593
0.5384615384615384
0.5388235294117647
0.5391849529780565
0.5395458104933438
0.539906103286385
0.5402658326817826
0.540625
0.5409836065573771
0.5413416536661466
0.5416991426344505
0.5420560747663551
0.5424124513618677
0.5427682737169518
0.5431235431235432
0.5434782608695652
0.543832428238945
0.5441860465116279
0.5445391169635941
0.544891640866873
0.5452436194895591
0.5455950540958269
0.5459459459459459
0.5462962962962963
0.5466461063993832
0.5469953775038521
0.5473441108545035
0.5476923076923077
0.5480399692544197
0.5483870967741935
0.5487336914811972
0.549079754601227
0.5494252873563218
0.5497702909647779
0.550114766641163
0.5504587155963303
0.5508021390374331
0.5511450381679389
0.551487414187643
0.551829268292683
0.5521706016755522
0.5525114155251142
0.552851711026616
0.5531914893617021
0.5535307517084282
0.5538694992412747
0.55420773313116
0.5545454545454546
0.554882664647994
0.5552193645990923
0.5555555555555556
0.5558912386706949
0.5562264150943397
0.5565610859728507
0.5568952524491334
0.5572289156626506
0.5575620767494357
0.5578947368421052
0.5582268970698723
0.5585585585585585
0.5588897224306076
0.5592203898050975
0.5595505617977528
0.5598802395209581
0.5602094240837696
0.5605381165919282
0.5608663181478716
0.5611940298507463
0.5615212527964206
0.5618479880774963
0.5621742367833209
0.5625
0.5628252788104089
0.563150074294205
0.5634743875278396
0.5637982195845698
0.56412157153447
0.5644444444444444
0.5647668393782384
0.5650887573964497
0.565410199556541
0.5657311669128509
0.5660516605166052
0.5663716814159292
0.5666912306558585
0.5670103092783505
0.5673289183222958
0.5676470588235294
0.5679647318148421
0.5682819383259912
0.5685986793837124
0.5689149560117303
0.5692307692307692
0.5695461200585652
0.5698610095098756
0.5701754385964912
0.5704894083272462
0.5708029197080292
0.5711159737417943
0.5714285714285714
0.5717407137654771
0.5720524017467249
0.5723636363636364
0.5726744186046512
0.5729847494553377
0.5732946298984035
0.5736040609137056
0.5739130434782609
0.5742215785662563
0.5745296671490593
0.5748373101952278
0.5751445086705202
0.5754512635379061
0.5757575757575758
0.5760634462869503
0.5763688760806917
0.5766738660907127
0.576978417266187
0.5772825305535586
0.5775862068965517
0.5778894472361809
0.5781922525107605
0.578494623655914
0.5787965616045845
0.5790980672870437
0.5793991416309013
0.5796997855611151
0.58
0.5802997858672377
0.5805991440798859
0.5808980755523877
0.5811965811965812
0.5814946619217082
0.5817923186344239
0.582089552238806
0.5823863636363636
0.5826827537260468
0.5829787234042553
0.5832742735648476
0.5835694050991501
0.583864118895966
0.5841584158415841
0.5844522968197879
0.5847457627118644
0.5850388143966125
0.5853314527503526
0.5856236786469344
0.5859154929577465
0.5862068965517241
0.5864978902953587
0.5867884750527056
0.5870786516853933
0.5873684210526315
0.5876577840112202
0.5879467414155571
0.5882352941176471
0.5885234429671099
0.5888111888111888
0.589098532494759
0.5893854748603352
0.5896720167480809
0.5899581589958159
0.5902439024390244
0.5905292479108635
0.5908141962421712
0.5910987482614742
0.5913829047949966
0.5916666666666667
0.5919500346981263
0.5922330097087378
0.5925155925155925
0.592797783933518
0.5930795847750865
0.5933609958506224
0.5936420179682101
0.5939226519337016
0.5942028985507246
0.5944827586206897
0.5947622329427981
0.5950413223140496
0.5953200275292498
0.5955983493810179
0.5958762886597938
0.5961538461538461
0.5964310226492794
0.5967078189300411
0.5969842357779301
0.5972602739726027
0.5975359342915811
0.5978112175102599
0.5980861244019139
0.5983606557377049
0.5986348122866895
0.5989085948158254
0.5991820040899796
0.5994550408719346
0.5997277059223962
0.6
0.6002719238613188
0.6005434782608695
0.6008146639511202
0.6010854816824966
0.6013559322033898
0.6016260162601627
0.6018957345971564
0.6021650879566982
0.6024340770791075
0.6027027027027027
0.6029709655638082
0.6032388663967612
0.6035064059339177
0.6037735849056604
0.604040404040404
0.604306864064603
0.6045729657027572
0.6048387096774194
0.6051040967092008
0.6053691275167785
0.6056338028169014
0.6058981233243967
0.6061620897521768
0.606425702811245
0.6066889632107023
0.606951871657754
0.6072144288577155
0.6074766355140186
0.6077384923282189
0.608
0.6082611592271818
0.6085219707057257
0.6087824351297405
0.6090425531914894
0.6093023255813953
0.6095617529880478
0.6098208360982084
0.610079575596817
0.610337972166998
0.6105960264900663
0.6108537392455328
0.6111111111111112
0.6113681427627231
0.6116248348745046
0.6118811881188119
0.6121372031662269
0.6123928806855636
0.6126482213438735
0.6129032258064516
0.6131578947368421
0.6134122287968442
0.6136662286465178
0.6139198949441891
0.6141732283464567
0.6144262295081967
0.6146788990825688
0.6149312377210217
0.6151832460732984
0.6154349247874428
0.615686274509804
0.6159372958850424
0.6161879895561357
0.6164383561643836
0.6166883963494133
0.6169381107491857
0.6171875
0.6174365647364997
0.6176853055916776
0.6179337231968811
0.6181818181818182
0.618429591174562
0.6186770428015564
0.6189241736876215
0.6191709844559585
0.6194174757281553
0.6196636481241915
0.6199095022624435
0.6201550387596899
0.6204002582311169
0.6206451612903225
0.620889748549323
0.6211340206185567
0.6213779781068899
0.6216216216216216
0.6218649517684888
0.622107969151671
0.6223506743737958
0.6225930680359435
0.6228351507376524
0.6230769230769231
0.6233183856502242
0.6235595390524968
0.6238003838771593
0.6240409207161125
0.6242811501597444
0.6245210727969349
0.6247606892150607
0.625
0.6252390057361377
0.6254777070063694
0.6257161043921069
0.6259541984732825
0.6261919898283534
0.6264294790343075
0.6266666666666667
0.6269035532994924
0.6271401395053899
0.6273764258555133
0.6276124129195694
0.6278481012658228
0.6280834914611005
0.6283185840707964
0.6285533796588756
0.6287878787878788
0.6290220820189274
0.6292559899117276
0.6294896030245747
0.6297229219143576
0.6299559471365639
0.630188679245283
0.6304211187932118
0.6306532663316583
0.6308851224105462
0.6311166875784191
0.6313479623824452
0.631578947368421
0.6318096430807765
0.6320400500625782
0.6322701688555347
0.6325
0.6327295440349782
0.6329588014981273
0.6331877729257642
0.6334164588528678
0.6336448598130842
0.6338729763387297
0.6341008089607966
0.6343283582089553
0.63455562461156
0.6347826086956522
0.6350093109869647
0.6352357320099256
0.6354618722876627
0.6356877323420075
0.6359133126934985
0.6361386138613861
0.6363636363636364
0.6365883807169345
0.6368128474366893
0.6370370370370371
0.6372609500308452
0.6374845869297164
0.6377079482439926
0.6379310344827587
0.6381538461538462
0.6383763837638377
0.6385986478180701
0.6388206388206388
0.6390423572744015
0.6392638036809816
0.6394849785407726
0.6397058823529411
0.6399265156154317
0.6401468788249693
0.6403669724770642
0.6405867970660146
0.6408063530849114
0.6410256410256411
0.6412446613788896
0.6414634146341464
0.6416819012797075
0.6419001218026796
0.6421180766889836
0.6423357664233577
0.6425531914893617
0.6427703523693803
0.6429872495446266
0.6432038834951457
0.6434202546998181
0.6436363636363637
0.6438522107813447
0.6440677966101694
0.6442831215970962
0.6444981862152358
0.6447129909365559
0.644927536231884
0.6451418225709112
0.6453558504221955
0.6455696202531646
0.6457831325301204
0.645996387718242
0.6462093862815884
0.6464221286831028
0.6466346153846154
0.6468468468468469
0.6470588235294118
0.6472705458908218
0.6474820143884892
0.6476932294787298
0.6479041916167665
0.6481149012567325
0.6483253588516746
0.6485355648535565
0.6487455197132617
0.648955223880597
0.649164677804296
0.6493738819320215
0.6495828367103695
0.6497915425848719
0.65
0.6502082093991671
0.6504161712247325
0.6506238859180036
0.6508313539192399
0.6510385756676558
0.6512455516014235
0.6514522821576764
0.6516587677725119
0.6518650088809946
0.6520710059171597
0.6522767593140154
0.6524822695035462
0.6526875369167159
0.6528925619834711
0.6530973451327433
0.6533018867924528
0.6535061873895109
0.6537102473498233
0.6539140670982931
0.6541176470588236
0.654320987654321
0.654524089306698
0.6547269524368761
0.6549295774647887
0.6551319648093842
0.6553341148886284
0.655536028119508
0.6557377049180327
0.6559391456992393
0.656140350877193
0.6563413208649912
0.6565420560747663
0.6567425569176882
0.6569428238039673
0.6571428571428571
0.6573426573426573
0.6575422248107163
0.6577415599534342
0.6579406631762653
0.6581395348837209
0.6583381754793725
0.6585365853658537
0.6587347649448636
0.6589327146171694
0.6591304347826087
0.6593279258400927
0.6595251881876085
0.6597222222222222
0.659919028340081
0.6601156069364161
0.6603119584055459
0.6605080831408776
0.6607039815349106
0.6608996539792388
0.6610951008645534
0.6612903225806451
0.6614853195164075
0.6616800920598389
0.6618746405980449
0.6620689655172414
0.6622630672027571
0.6624569460390356
0.6626506024096386
0.6628440366972477
0.6630372492836676
0.6632302405498282
0.663423010875787
0.6636155606407322
0.6638078902229846
0.664
0.6641918903483723
0.6643835616438356
0.6645750142612664
0.6647662485746865
0.6649572649572649
0.6651480637813212
0.6653386454183267
0.6655290102389079
0.6657191586128482
0.6659090909090909
0.666098807495741
0.6662883087400681
0.6664775950085082
0.6666666666666666
0.6668555240793201
0.6670441676104191
0.66723259762309
0.667420814479638
0.6676088185415489
0.6677966101694915
0.6679841897233202
0.6681715575620768
0.6683587140439933
0.6685456595264938
0.6687323943661971
0.668918918918919
0.6691052335396737
0.6692913385826772
0.6694772344013491
0.6696629213483146
0.6698483997754071
0.67003367003367
0.6702187324733595
0.6704035874439462
0.6705882352941176
0.6707726763717805
0.6709569110240626
0.6711409395973155
0.6713247624371157
0.6715083798882682
0.6716917922948074
0.671875
0.6720580033463469
0.6722408026755853
0.6724233983286908
0.6726057906458798
0.672787979966611
0.6729699666295884
0.6731517509727627
0.6733333333333333
0.6735147140477512
0.6736958934517203
0.6738768718801996
0.6740576496674058
0.6742382271468144
0.6744186046511628
0.6745987825124515
0.6747787610619469
0.6749585406301825
0.6751381215469613
0.6753175041413584
0.6754966887417219
0.6756756756756757
0.6758544652701213
0.6760330578512397
0.6762114537444934
0.6763896532746285
0.6765676567656765
0.6767454645409565
0.676923076923077
0.6771004942339374
0.677277716794731
0.6774547449259463
0.6776315789473685
0.6778082191780822
0.6779846659364732
0.6781609195402298
0.6783369803063457
0.6785128485511208
0.6786885245901639
0.6788640087383944
0.6790393013100436
0.679214402618658
0.6793893129770993
0.6795640326975477
0.6797385620915033
0.6799129014697877
0.6800870511425462
0.6802610114192496
0.6804347826086956
0.6806083650190115
0.6807817589576547
0.6809549647314161
0.6811279826464208
0.6813008130081301
0.6814734561213435
0.6816459122902003
0.6818181818181818
0.6819902650081124
0.6821621621621622
0.6823338735818476
0.6825053995680346
0.6826767404209391
0.6828478964401294
0.6830188679245283
0.6831896551724138
0.6833602584814217
0.6835306781485468
0.6837009144701452
0.6838709677419355
0.6840408382590005
0.6842105263157895
0.6843800322061192
0.6845493562231759
0.6847184986595174
0.684887459807074
0.6850562399571505
0.6852248394004282
0.6853932584269663
0.6855614973262032
0.6857295563869589
0.6858974358974359
0.6860651361452216
0.6862326574172892
0.6864
0.6865671641791045
0.6867341502397443
0.6869009584664537
0.6870675891431612
0.6872340425531915
0.6874003189792663
0.6875664187035069
0.6877323420074349
0.6878980891719745
0.6880636604774536
0.6882290562036055
0.6883942766295708
0.6885593220338984
0.6887241926945474
0.6888888888888889
0.6890534108937071
0.6892177589852009
0.6893819334389857
0.689545934530095
0.6897097625329816
0.689873417721519
0.6900369003690037
0.690200210748156
0.6903633491311216
0.6905263157894737
0.6906891109942136
0.6908517350157729
0.6910141881240147
0.6911764705882353
0.6913385826771653
0.6915005246589717
0.6916622968012586
0.6918238993710691
0.6919853326348874
0.6921465968586388
0.6923076923076923
0.6924686192468619
0.6926293779404077
0.6927899686520376
0.6929503916449086
0.6931106471816284
0.6932707355242567
0.6934306569343066
0.6935904116727463
0.69375
0.69390942217595
0.6940686784599376
0.6942277691107644
0.6943866943866944
0.6945454545454546
0.6947040498442367
0.694862480539699
0.6950207468879668
0.6951788491446346
0.6953367875647668
0.6954945624029001
0.6956521739130435
0.6958096223486808
0.6959669079627715
0.6961240310077519
0.6962809917355371
0.696437790397522
0.6965944272445821
0.6967509025270758
0.6969072164948453
0.6970633693972179
0.6972193614830072
0.6973751930005146
0.6975308641975309
0.6976863753213368
0.697841726618705
0.6979969183359014
0.6981519507186859
0.698306824012314
0.6984615384615385
0.6986160943106099
0.6987704918032787
0.6989247311827957
0.6990788126919141
0.69923273657289
0.6993865030674846
0.6995401124169648
0.6996935648621042
0.6998468606431854
0.7
0.7001529831718512
0.7003058103975535
0.7004584819154356
0.7006109979633401
0.7007633587786259
0.7009155645981688
0.701067615658363
0.7012195121951219
0.7013712544438802
0.7015228426395939
0.7016742770167428
0.7018255578093306
0.701976685250887
0.7021276595744681
0.7022784810126582
0.7024291497975709
0.7025796661608498
0.7027300303336703
0.7028802425467408
0.703030303030303
0.7031802120141343
0.7033299697275479
0.7034795763993948
0.7036290322580645
0.7037783375314861
0.7039274924471299
0.704076497232008
0.704225352112676
0.7043740573152338
0.7045226130653266
0.7046710195881467
0.7048192771084337
0.7049673858504767
0.7051153460381143
0.7052631578947368
0.7054108216432866
0.7055583375062594
0.7057057057057057
0.7058529264632316
0.706
0.7061469265367316
0.7062937062937062
0.7064403394907639
0.7065868263473054
0.7067331670822943
0.7068793619142573
0.7070254110612855
0.7071713147410359
0.7073170731707317
0.7074626865671642
0.7076081551466932
0.7077534791252486
0.7078986587183308
0.7080436941410129
0.7081885856079404
0.7083333333333334
0.7084779375309866
0.7086223984142715
0.7087667161961367
0.7089108910891089
0.7090549233052944
0.7091988130563798
0.7093425605536332
0.7094861660079052
0.7096296296296296
0.7097729516288253
0.7099161322150962
0.7100591715976331
0.7102020699852144
0.7103448275862069
0.7104874446085672
0.7106299212598425
0.7107722577471717
0.7109144542772862
0.711056511056511
0.7111984282907662
0.711340206185567
0.7114818449460255
0.7116233447768514
0.711764705882353
0.7119059284664381
0.7120470127326151
0.7121879588839941
0.7123287671232876
0.7124694376528118
0.7126099706744868
0.7127503663898388
0.712890625
0.7130307467057101
0.713170731707317
0.7133105802047781
0.7134502923976608
0.7135898684851437
0.7137293086660176
0.7138686131386861
0.7140077821011673
0.7141468157510938
0.7142857142857143
0.7144244779018941
0.7145631067961165
0.7147016011644832
0.7148399612027158
0.7149781871061561
0.7151162790697675
0.7152542372881356
0.7153920619554696
0.7155297532656023
0.7156673114119922
0.7158047365877236
0.7159420289855073
0.7160791887976823
0.7162162162162162
0.7163531114327062
0.71648987463838
0.7166265060240964
0.7167630057803468
0.7168993740972557
0.7170356111645814
0.7171717171717171
0.7173076923076923
0.7174435367611726
0.7175792507204611
0.7177148343734998
0.7178502879078695
0.7179856115107913
0.7181208053691275
0.7182558696693819
0.7183908045977011
0.7185256103398755
0.7186602870813397
0.7187948350071736
0.7189292543021033
0.7190635451505016
0.7191977077363897
0.7193317422434368
0.7194656488549618
0.7195994277539342
0.7197330791229742
0.7198666031443545
0.72
0.7201332698714897
0.7202664129400571
0.7203994293865906
0.720532319391635
0.7206650831353919
0.7207977207977208
0.7209302325581395
0.7210626185958254
0.7211948790896159
0.7213270142180095
0.7214590241591663
0.7215909090909091
0.7217226691907241
0.7218543046357616
0.7219858156028369
0.722117202268431
0.7222484648086915
0.7223796033994334
0.7225106182161397
0.7226415094339622
0.7227722772277227
0.7229029217719133
0.7230334432406971
0.7231638418079096
0.7232941176470589
0.7234242709313264
0.7235543018335684
0.7236842105263158
0.7238139971817755
0.723943661971831
0.7240732050680432
0.724202626641651
0.7243319268635724
0.7244611059044048
0.7245901639344262
0.7247191011235955
0.7248479176415535
0.724976613657624
0.7251051893408135
0.7252336448598131
0.7253619803829986
0.7254901960784313
0.7256182921138591
0.7257462686567164
0.7258741258741259
0.7260018639328985
0.7261294829995343
0.7262569832402235
0.7263843648208469
0.7265116279069768
0.7266387726638772
0.7267657992565055
0.7268927078495123
0.7270194986072424
0.7271461716937355
0.7272727272727273
0.7273991655076495
0.7275254865616312
0.7276516905974988
0.7277777777777777
0.7279037482646923
0.7280296022201665
0.7281553398058253
0.7282809611829945
0.7284064665127021
0.7285318559556787
0.7286571296723581
0.7287822878228782
0.7289073305670816
0.7290322580645161
0.7291570704744358
0.7292817679558011
0.7294063506672802
0.7295308187672493
0.7296551724137931
0.7297794117647058
0.729903536977492
0.7300275482093664
0.7301514456172556
0.7302752293577982
0.7303988995873453
0.7305224564619615
0.7306459001374256
0.7307692307692307
0.7308924485125858
0.7310155535224153
0.7311385459533608
0.7312614259597806
0.7313841936957515
0.7315068493150685
0.731629392971246
0.7317518248175182
0.7318741450068399
0.731996353691887
0.7321184510250569
0.73224043715847
0.7323623122439691
0.732484076433121
0.732605729877217
0.7327272727272728
0.73284870513403
0.7329700272479565
0.7330912392192465
0.7332123411978222
0.7333333333333333
0.7334542157751587
0.733574988672406
0.7336956521739131
0.7338162064282481
0.7339366515837104
0.7340569877883311
0.7341772151898734
0.7342973339358337
0.7344173441734417
0.7345372460496614
0.7346570397111913
0.7347767253044655
0.7348963029756538
0.7350157728706624
0.7351351351351352
0.7352543899144529
0.7353735373537353
0.7354925775978407
0.7356115107913669
0.7357303370786517
0.7358490566037735
0.7359676695105523
0.7360861759425493
0.7362045760430687
0.736322869955157
0.7364410578216046
0.7365591397849462
0.7366771159874608
0.7367949865711728
0.7369127516778523
0.7370304114490162
0.7371479660259276
0.7372654155495979
0.7373827601607861
0.7375
0.7376171352074966
0.7377341659232828
0.7378510922871154
0.7379679144385026
0.7380846325167038
0.7382012466607302
0.7383177570093458
0.7384341637010676
0.7385504668741663
0.7386666666666667
0.7387827632163483
0.738898756660746
0.7390146471371505
0.7391304347826086
0.7392461197339246
0.7393617021276596
0.7394771821001329
0.7395925597874224
0.7397078353253652
0.7398230088495575
0.739938080495356
0.7400530503978779
0.7401679186920017
0.7402826855123675
0.7403973509933774
0.7405119152691968
0.7406263784737539
0.7407407407407407
0.7408550022036139
0.7409691629955947
0.7410832232496698
0.7411971830985915
0.741311042674879
0.741424802110818
0.7415384615384616
0.7416520210896309
0.7417654808959157
0.7418788410886743
0.7419921017990346
0.7421052631578947
0.7422183252959228
0.7423312883435583
0.7424441524310118
0.7425569176882661
0.7426695842450766
0.7427821522309711
0.7428946217752515
0.743006993006993
0.7431192660550459
0.743231441048035
0.7433435181143605
0.743455497382199
0.7435673789795029
0.7436791630340017
0.7437908496732026
0.7439024390243902
0.7440139312146278
0.7441253263707572
0.7442366246193998
0.7443478260869565
0.7444589308996089
0.7445699391833188
0.7446808510638298
0.7447916666666666
0.7449023861171367
0.7450130095403296
0.7451235370611183
0.7452339688041595
0.7453443048938935
0.7454545454545455
0.7455646906101255
0.745674740484429
0.7457846952010376
0.7458945548833189
0.7460043196544276
0.7461139896373057
0.7462235649546828
0.7463330457290768
0.7464424320827943
0.746551724137931
0.7466609220163722
0.7467700258397932
0.74687903572966
0.7469879518072289
0.7470967741935484
0.7472055030094583
0.7473141383755909
0.7474226804123711
0.7475311292400172
0.7476394849785408
0.7477477477477478
0.7478559176672385
0.7479639948564081
0.7480719794344473
0.7481798715203426
0.7482876712328768
0.748395378690629
0.7485029940119761
0.7486105173150919
0.7487179487179487
0.748825288338317
0.748932536293766
0.7490396927016645
0.7491467576791809
0.7492537313432835
0.7493606138107417
0.7494674051981253
0.7495741056218058
0.7496807151979565
0.7497872340425532
0.7498936622713739
0.75
0.7501062473438164
0.7502124044180118
0.7503184713375797
0.7504244482173175
0.7505303351718285
0.7506361323155216
0.7507418397626113
0.7508474576271187
0.7509529860228716
0.7510584250635055
0.751163774862463
0.751269035532995
0.7513742071881607
0.7514792899408284
0.7515842839036755
0.7516891891891891
0.7517940059096665
0.7518987341772152
0.7520033741037537
0.7521079258010118
0.7522123893805309
0.7523167649536647
0.752421052631579
0.7525252525252525
0.7526293647454775
0.7527333894028595
0.7528373266078184
0.7529411764705882
0.753044939101218
0.7531486146095718
0.7532522031053294
0.7533557046979866
0.7534591194968554
0.7535624476110645
0.7536656891495601
0.7537688442211056
0.7538719129342821
0.7539748953974895
0.7540777917189461
0.754180602006689
0.754283326368575
0.7543859649122807
0.7544885177453027
0.7545909849749582
0.7546933667083855
0.7547956630525438
0.7548978741142143
0.755
0.7551020408163265
0.7552039966694422
0.7553058676654182
0.7554076539101497
0.7555093555093555
0.7556109725685786
0.7557125051931866
0.7558139534883721
0.7559153175591532
0.7560165975103734
0.7561177934467026
0.7562189054726368
0.756319933692499
0.7564208782104391
0.7565217391304347
0.7566225165562914
0.7567232105916425
0.7568238213399504
0.756924348904506
0.7570247933884298
0.7571251548946716
0.7572254335260116
0.7573256293850599
0.7574257425742574
0.7575257731958763
0.7576257213520198
0.757725587144623
0.7578253706754531
0.7579250720461095
0.7580246913580246
0.758124228712464
0.7582236842105263
0.7583230579531443
0.7584223500410846
0.7585215605749487
0.7586206896551724
0.7587197373820271
0.7588187038556193
0.7589175891758918
0.759016393442623
0.7591151167554281
0.7592137592137592
0.7593123209169055
0.7594108019639935
0.7595092024539877
0.759607522485691
0.7597057621577442
0.7598039215686274
0.7599020008166598
0.76
0.7600979192166463
0.7601957585644372
0.7602935181410517
0.7603911980440098
0.7604887983706721
0.760586319218241
0.7606837606837606
0.7607811228641171
0.760878405856039
0.7609756097560976
0.761072734660707
0.7611697806661251
0.761266747868453
0.7613636363636364
0.7614604462474645
0.7615571776155717
0.7616538305634374
0.7617504051863857
0.7618469015795869
0.7619433198380566
0.7620396600566572
0.7621359223300971
0.7622321067529316
0.7623282134195635
0.7624242424242424
0.7625201938610663
0.7626160678239806
0.7627118644067796
0.7628075837031061
0.7629032258064516
0.7629987908101572
0.7630942788074134
0.7631896898912606
0.7632850241545893
0.7633802816901408
0.7634754625905068
0.7635705669481303
0.7636655948553055
0.7637605464041783
0.763855421686747
0.7639502207948615
0.7640449438202247
0.7641395908543923
0.764234161988773
0.7643286573146293
0.7644230769230769
0.7645174209050861
0.7646116893514812
0.7647058823529411
0.7648
0.7648940423830468
0.7649880095923262
0.7650819017179384
0.7651757188498403
0.7652694610778443
0.7653631284916201
0.7654567211806941
0.7655502392344498
0.7656436827421284
0.7657370517928287
0.7658303464755077
0.7659235668789809
0.766016713091922
0.766109785202864
0.7662027833001988
0.766295707472178
0.766388557806913
0.7664813343923749
0.7665740373163954
0.7666666666666667
0.7667592225307418
0.7668517049960349
0.7669441141498217
0.7670364500792393
0.7671287128712871
0.7672209026128266
0.7673130193905817
0.7674050632911392
0.767497034400949
0.7675889328063241
0.7676807585934413
0.7677725118483413
0.7678641926569285
0.7679558011049724
0.7680473372781065
0.7681388012618297
0.7682301931415058
0.7683215130023641
0.7684127609294998
0.768503937007874
0.768595041322314
0.7686860739575138
0.7687770349980338
0.7688679245283019
0.768958742632613
0.7690494893951296
0.7691401648998822
0.7692307692307693
0.7693213024715575
0.7694117647058824
0.7695021560172481
0.7695924764890282
0.7696827262044653
0.7697729052466719
0.7698630136986301
0.7699530516431925
0.7700430191630817
0.7701329163408913
0.7702227432590856
0.7703125
0.7704021866458415
0.7704918032786885
0.7705813499804917
0.7706708268330733
0.7707602339181286
0.7708495713172252
0.7709388391118036
0.7710280373831776
0.771117166212534
0.7712062256809339
0.7712952158693116
0.7713841368584758
0.77147298872911
0.7715617715617715
0.7716504854368932
0.7717391304347826
0.7718277066356228
0.7719162141194724
0.772004652966266
0.772093023255814
0.7721813250678031
0.772269558481797
0.7723577235772358
0.7724458204334366
0.7725338491295938
0.7726218097447796
0.7727097023579436
0.7727975270479135
0.7728852838933952
0.772972972972973
0.77306059436511
0.7731481481481481
0.7732356344003085
0.7733230531996916
0.7734104046242775
0.773497688751926
0.7735849056603774
0.7736720554272517
0.77375913813005
0.7738461538461539
0.7739331026528259
0.7740199846272099
0.7741067998463311
0.7741935483870968
0.7742802303262956
0.7743668457405987
0.7744533947065593
0.7745398773006135
0.7746262935990801
0.774712643678161
0.774798927613941
0.774885145482389
0.7749712973593571
0.7750573833205815
0.7751434034416826
0.7752293577981652
0.7753152464654184
0.7754010695187166
0.7754868270332188
0.7755725190839695
0.7756581457458985
0.7757437070938215
0.77582920320244
0.7759146341463414
0.776
0.776085300837776
0.776170536733917
0.776255707762557
0.7763408139977178
0.776425855513308
0.7765108323831242
0.776595744680851
0.7766805924800607
0.7767653758542141
0.7768500948766603
0.7769347496206374
0.7770193401592719
0.77710386656558
0.7771883289124668
0.7772727272727272
0.7773570617190458
0.7774413323239969
0.7775255391600454
0.7776096822995462
0.7776937618147448
0.7777777777777778
0.7778617302606725
0.7779456193353474
0.7780294450736127
0.7781132075471698
0.7781969068276122
0.7782805429864253
0.7783641160949868
0.7784476262245666
0.7785310734463277
0.7786144578313253
0.7786977794505081
0.7787810383747178
0.7788642346746897
0.7789473684210526
0.7790304396843292
0.7791134485349361
0.7791963950431844
0.7792792792792793
0.7793621013133208
0.7794448612153039
0.7795275590551181
0.7796101949025487
0.7796927688272761
0.7797752808988764
0.7798577311868214
0.7799401197604791
0.7800224466891134
0.7801047120418848
0.7801869158878505
0.7802690582959642
0.7803511393350766
0.7804331590739357
0.780515117581187
0.7805970149253731
0.7806788511749347
0.7807606263982103
0.7808423406634365
0.7809239940387481
0.7810055865921788
0.7810871183916605
0.7811685895050242
0.78125
0.7813313499442172
0.7814126394052044
0.7814938684503902
0.7815750371471025
0.7816561455625696
0.7817371937639198
0.7818181818181819
0.7818991097922848
0.7819799777530589
0.782060785767235
0.782141533901445
0.7822222222222223
0.7823028507960015
0.7823834196891192
0.7824639289678136
0.7825443786982249
0.7826247689463955
0.7827050997782705
0.782785371259697
0.7828655834564254
0.7829457364341085
0.7830258302583026
0.783105864994467
0.7831858407079646
0.7832657574640619
0.7833456153279292
0.7834254143646409
0.7835051546391752
0.7835848362164152
0.7836644591611479
0.7837440235380655
0.7838235294117647
0.7839029768467475
0.783982365907421
0.7840616966580977
0.7841409691629956
0.7842201834862386
0.7842993396918562
0.7843784378437844
0.7844574780058651
0.7845364602418469
0.7846153846153846
0.7846942511900403
0.7847730600292826
0.7848518111964874
0.7849305047549379
0.7850091407678245
0.7850877192982456
0.7851662404092071
0.7852447041636231
0.7853231106243155
0.7854014598540145
0.7854797519153593
0.7855579868708972
0.7856361647830842
0.7857142857142857
0.7857923497267759
0.7858703568827385
0.7859483072442665
0.7860262008733624
0.7861040378319389
0.7861818181818182
0.7862595419847328
0.7863372093023255
0.7864148201961496
0.7864923747276689
0.7865698729582578
0.7866473149492017
0.7867247007616975
0.7868020304568528
0.7868793040956868
0.7869565217391304
0.787033683448026
0.7871107892831282
0.7871878393051032
0.7872648335745297
0.7873417721518987
0.7874186550976139
0.7874954824719913
0.7875722543352601
0.7876489707475623
0.787725631768953
0.7878022374594009
0.7878787878787878
0.7879552830869094
0.7880317231434751
0.7881081081081082
0.7881844380403458
0.7882607129996398
0.7883369330453563
0.7884130982367759
0.7884892086330936
0.7885652642934197
0.7886412652767792
0.7887172116421128
0.7887931034482759
0.7888689407540395
0.7889447236180904
0.7890204520990313
0.7890961262553802
0.7891717461455718
0.789247311827957
0.7893228233608026
0.7893982808022922
0.7894736842105263
0.7895490336435218
0.7896243291592129
0.7896995708154506
0.7897747586700036
0.7898498927805575
0.789924973204716
0.79
0.7900749732238487
0.7901498929336188
0.7902247591865857
0.7902995720399429
0.7903743315508022
0.7904490377761939
0.7905236907730673
0.7905982905982906
0.7906728373086508
0.7907473309608541
0.7908217716115261
0.7908961593172119
0.7909704941343761
0.7910447761194029
0.7911190053285968
0.7911931818181818
0.7912673056443025
0.7913413768630234
0.7914153955303299
0.7914893617021277
0.7915632754342432
0.7916371367824239
0.7917109458023379
0.7917847025495751
0.791858407079646
0.7919320594479831
0.7920056597099399
0.7920792079207921
0.792152704135737
0.792226148409894
0.7922995407983044
0.7923728813559322
0.7924461701376633
0.7925194071983063
0.7925925925925926
0.7926657263751763
0.7927388086006345
0.7928118393234672
0.7928848185980979
0.7929577464788733
0.7930306230200633
0.7931034482758621
0.7931762223003869
0.7932489451476793
0.7933216168717048
0.7933942375263527
0.7934668071654373
0.7935393258426966
0.7936117936117936
0.7936842105263158
0.7937565766397755
0.7938288920056101
0.7939011566771819
0.7939733707077785
0.794045534150613
0.7941176470588235
0.7941897094854743
0.7942617214835549
0.7943336831059811
0.7944055944055944
0.7944774554351626
0.7945492662473794
0.7946210268948656
0.7946927374301676
0.7947643979057591
0.7948360083740404
0.7949075688873387
0.7949790794979079
0.7950505402579295
0.7951219512195122
0.7951933124346917
0.7952646239554317
0.7953358858336234
0.7954070981210856
0.7954782608695652
0.7955493741307371
0.7956204379562044
0.7956914523974983
0.7957624175060785
0.7958333333333333
0.7959041999305797
0.7959750173490632
0.7960457856399584
0.7961165048543689
0.7961871750433276
0.7962577962577962
0.7963283685486664
0.796398891966759
0.7964693665628245
0.7965397923875432
0.7966101694915254
0.7966804979253111
0.7967507777393709
0.796821008984105
0.7968911917098446
0.7969613259668509
0.7970314118053159
0.7971014492753623
0.7971714384270439
0.7972413793103448
0.7973112719751809
0.7973811164713991
0.7974509128487771
0.7975206611570248
0.7975903614457831
0.7976600137646249
0.7977296181630547
0.797799174690509
0.7978686833963561
0.797938144329897
0.7980075575403641
0.7980769230769231
0.7981462409886715
0.7982155113246396
0.7982847341337908
0.7983539094650206
0.798423037367158
0.798492117888965
0.7985611510791367
0.7986301369863014
0.7986990756590209
0.7987679671457906
0.7988368114950394
0.79890560875513
0.798974358974359
0.7990430622009569
0.7991117184830885
0.7991803278688525
0.799248890406282
0.7993174061433447
0.7993858751279427
0.7994542974079127
0.7995226730310262
0.7995910020449898
0.7996592844974446
0.7997275204359673
0.7997957099080695
0.7998638529611981
0.7999319496427356
0.8
0.8000680040802448
0.8001359619306594
0.800203873598369
0.8002717391304348
0.800339558573854
0.8004073319755601
0.8004750593824228
0.8005427408412483
0.8006103763987793
0.800677966101695
0.8007455099966113
0.8008130081300813
0.8008804605485946
0.8009478672985783
0.8010152284263959
0.8010825439783491
0.8011498140006763
0.8012170385395537
0.8012842176410949
0.8013513513513514
0.8014184397163121
0.8014854827819041
0.8015524805939925
0.8016194331983806
0.8016863406408095
0.8017532029669588
0.8018200202224469
0.8018867924528302
0.801953519703604
0.802020202020202
0.8020868394479973
0.8021534320323015
0.8022199798183652
0.8022864828513786
0.8023529411764706
0.8024193548387096
0.8024857238831038
0.8025520483546004
0.8026183282980867
0.8026845637583893
0.802750754780275
0.8028169014084507
0.8028830036875628
0.8029490616621984
0.8030150753768844
0.8030810448760884
0.8031469702042183
0.8032128514056225
0.8032786885245902
0.8033444816053512
0.8034102306920762
0.803475935828877
0.8035415970598062
0.8036072144288577
0.8036727879799667
0.8037383177570093
0.8038038038038038
0.8038692461641094
0.8039346448816272
0.804
0.8040653115628124
0.8041305796135909
0.8041958041958042
0.8042609853528628
0.8043261231281198
0.8043912175648703
0.8044562687063519
0.8045212765957447
0.8045862412761715
0.8046511627906977
0.8047160411823314
0.8047808764940239
0.8048456687686691
0.8049104180491041
0.8049751243781095
0.8050397877984085
0.8051044083526682
0.805168986083499
0.8052335210334548
0.8052980132450331
0.8053624627606752
0.8054268696227663
0.8054912338736354
0.8055555555555556
0.8056198347107438
0.8056840713813616
0.8057482656095144
0.8058124174372523
0.8058765269065699
0.805940594059406
0.8060046189376443
0.8060686015831134
0.8061325420375866
0.8061964403427818
0.8062602965403625
0.8063241106719368
0.8063878827790583
0.8064516129032258
0.8065153010858835
0.8065789473684211
0.8066425517921736
0.8067061143984221
0.8067696352283931
0.8068331143232589
0.8068965517241379
0.8069599474720945
0.8070233016081392
0.8070866141732284
0.807149885208265
0.8072131147540984
0.8072763028515241
0.8073394495412844
0.8074025548640681
0.8074656188605108
0.8075286415711947
0.8075916230366492
0.8076545632973503
0.8077174623937214
0.8077803203661327
0.807843137254902
0.807905913100294
0.8079686479425212
0.8080313418217434
0.8080939947780679
0.8081566068515498
0.8082191780821918
0.8082817085099445
0.8083441981747066
0.8084066471163245
0.8084690553745928
0.8085314229892543
0.80859375
0.8086560364464692
0.8087182823682498
0.8087804878048781
0.8088426527958388
0.8089047773805654
0.8089668615984406
0.809028905488795
0.8090909090909091
0.8091528724440117
0.8092147955872809
0.8092766785598443
0.8093385214007782
0.8094003241491086
0.8094620868438107
0.8095238095238095
0.8095854922279793
0.8096471349951441
0.8097087378640777
0.8097703008735038
0.8098318240620958
0.8098933074684772
0.8099547511312217
0.8100161550888529
0.810077519379845
0.8101388440426219
0.8102001291155584
0.8102613746369797
0.8103225806451613
0.8103837471783296
0.8104448742746615
0.8105059619722849
0.8105670103092784
0.8106280193236715
0.810688989053445
0.8107499195365304
0.8108108108108109
0.8108716629141203
0.8109324758842443
0.81099324975892
0.8110539845758354
0.8111146803726309
0.8111753371868978
0.8112359550561797
0.8112965340179717
0.8113570741097209
0.8114175753688262
0.8114780378326387
0.8115384615384615
0.8115988465235502
0.8116591928251121
0.8117195004803074
0.8117797695262484
0.81184
0.8119001919385797
0.8119603453789574
0.8120204603580563
0.8120805369127517
0.8121405750798723
0.8122005748961993
0.8122605363984674
0.8123204596233642
0.8123803446075303
0.8124401913875599
0.8125
0.8125597704813516
0.8126195028680688
0.8126791971965595
0.8127388535031848
0.8127984718242598
0.8128580521960534
0.8129175946547884
0.8129770992366412
0.8130365659777424
0.8130959949141767
0.8131553860819828
0.8132147395171537
0.8132740552556367
0.8133333333333334
0.8133925737860996
0.8134517766497462
0.813510941960038
0.813570069752695
0.8136291600633915
0.8136882129277566
0.8137472283813747
0.8138062064597846
0.8138651471984806
0.8139240506329114
0.8139829167984814
0.8140417457305503
0.8141005374644324
0.8141592920353983
0.814218009478673
0.8142766898294378
0.8143353331228291
0.8143939393939394
0.8144525086778164
0.8145110410094637
0.8145695364238411
0.8146279949558638
0.8146864166404034
0.8147448015122873
0.8148031496062992
0.8148614609571788
0.8149197355996223
0.8149779735682819
0.8150361748977666
0.8150943396226416
0.8151524677774284
0.8152105593966059
0.8152686145146089
0.8153266331658291
0.8153846153846154
0.815442561205273
0.8155004706620647
0.8155583437892095
0.8156161806208843
0.8156739811912226
0.8157317455343153
0.8157894736842105
0.8158471656749139
0.8159048215403882
0.815962441314554
0.8160200250312891
0.8160775727244292
0.8161350844277674
0.8161925601750547
0.81625
0.8163074039362699
0.816364772017489
0.81642210427724
0.8164794007490637
0.8165366614664586
0.8165938864628821
0.8166510757717493
0.816708229426434
0.816765347460268
0.8168224299065421
0.8168794767985051
0.8169364881693649
0.8169934640522876
0.8170504044803982
0.8171073094867807
0.8171641791044776
0.8172210133664906
0.81727781230578
0.8173345759552656
0.8173913043478261
0.8174479975162993
0.8175046554934823
0.8175612783121315
0.8176178660049628
0.8176744186046512
0.8177309361438314
0.8177874186550976
0.8178438661710037
0.8179002787240631
0.8179566563467492
0.8180129990714949
0.818069306930693
0.8181255799566965
0.8181818181818182
0.8182380216383307
0.8182941903584673
0.8183503243744208
0.8184064237183447
0.8184624884223526
0.8185185185185185
0.8185745140388769
0.8186304750154226
0.818686401480111
0.8187422934648582
0.8187981510015409
0.8188539741219963
0.8189097628580227
0.8189655172413793
0.8190212373037857
0.819076923076923
0.819132574592433
0.8191881918819188
0.8192437749769443
0.819299323909035
0.8193548387096774
0.8194103194103194
0.8194657660423703
0.8195211786372008
0.819576557226143
0.8196319018404908
0.8196872125114996
0.8197424892703863
0.8197977321483297
0.8198529411764706
0.8199081163859112
0.8199632578077158
0.820018365472911
0.8200734394124847
0.8201284796573876
0.8201834862385321
0.8202384591867931
0.8202933985330073
0.8203483043079743
0.8204031765424558
0.8204580152671755
0.8205128205128205
0.8205675923100396
0.8206223306894448
0.8206770356816102
0.8207317073170731
0.8207863456263335
0.8208409506398537
0.8208955223880597
0.8209500609013398
0.8210045662100457
0.8210590383444918
0.8211134773349559
0.8211678832116789
0.8212222560048646
0.8212765957446808
0.821330902461258
0.8213851761846902
0.821439416945035
0.8214936247723132
0.8215477996965098
0.8216019417475728
0.821656050955414
0.821710127349909
0.8217641709608973
0.8218181818181818
0.8218721599515298
0.8219261053906723
0.8219800181653043
0.8220338983050848
0.822087745839637
0.822141560798548
0.8221953432113698
0.8222490931076178
0.8223028105167725
0.8223564954682779
0.8224101479915433
0.822463768115942
0.822517355870812
0.8225709112854557
0.8226244343891402
0.8226779252110977
0.8227313837805246
0.8227848101265823
0.8228382042783972
0.8228915662650602
0.8229448961156278
0.822998193859121
0.8230514595245261
0.8231046931407943
0.8231578947368421
0.8232110643415514
0.8232642019837692
0.8233173076923077
0.8233703814959448
0.8234234234234235
0.8234764335034525
0.8235294117647058
0.8235823582358236
0.823635272945411
0.823688155922039
0.8237410071942446
0.8237938267905304
0.8238466147393649
0.8238993710691824
0.8239520958083832
0.8240047889853337
0.8240574506283662
0.8241100807657792
0.8241626794258373
0.8242152466367713
0.8242677824267782
0.8243202868240215
0.8243727598566308
0.8244252015527023
0.8244776119402986
0.8245299910474485
0.8245823389021479
0.824634655532359
0.8246869409660107
0.8247391952309985
0.8247914183551848
0.8248436103663985
0.824895771292436
0.8249479011610599
0.825
0.8250520678369533
0.8251041046995836
0.8251561106155219
0.8252080856123662
0.825260029717682
0.8253119429590018
0.8253638253638254
0.8254156769596199
0.8254674977738201
0.8255192878338279
0.8255710471670128
0.8256227758007118
0.8256744737622295
0.8257261410788381
0.8257777777777778
0.8258293838862559
0.825880959431448
0.8259325044404974
0.825984018940515
0.8260355029585799
0.8260869565217391
0.8261383796570076
0.8261897723913686
0.8262411347517731
0.8262924667651403
0.826343768458358
0.8263950398582817
0.8264462809917356
0.8264974918855119
0.8265486725663717
0.826599823061044
0.8266509433962265
0.8267020335985853
0.8267530936947555
0.8268041237113402
0.8268551236749117
0.8269060936120106
0.8269570335491465
0.8270079435127978
0.8270588235294117
0.8271096736254043
0.8271604938271605
0.8272112841610344
0.827262044653349
0.8273127753303965
0.8273634762184381
0.8274141473437041
0.8274647887323944
0.8275154004106776
0.827565982404692
0.8276165347405453
0.8276670574443142
0.8277175505420451
0.827768014059754
0.8278184480234261
0.8278688524590164
0.8279192273924495
0.8279695728496197
0.8280198888563908
0.8280701754385965
0.8281204326220404
0.8281706604324957
0.8282208588957055
0.8282710280373832
0.8283211678832116
0.8283712784588442
0.8284213597899037
0.8284714119019837
0.8285214348206474
0.8285714285714286
0.828621393179831
0.8286713286713286
0.8287212350713662
0.8287711124053582
0.8288209606986899
0.8288707799767171
0.8289205702647657
0.8289703315881326
0.8290200639720849
0.8290697674418605
0.8291194420226679
0.8291690877396862
0.8292187046180657
0.8292682926829268
0.8293178519593614
0.8293673824724318
0.8294168842471714
0.8294663573085846
0.8295158016816468
0.8295652173913044
0.8296146044624746
0.8296639629200464
0.8297132927888793
0.8297625940938043
0.8298118668596237
0.8298611111111112
0.8299103268730113
0.8299595141700404
0.8300086730268864
0.8300578034682081
0.8301069055186362
0.830155979202773
0.8302050245451921
0.8302540415704388
0.8303030303030303
0.8303519907674553
0.8304009229881743
0.8304498269896193
0.8304987027961949
0.8305475504322767
0.8305963699222126
0.8306451612903226
0.8306939245608984
0.8307426597582038
0.8307913669064748
0.8308400460299195
0.8308886971527178
0.8309373202990225
0.8309859154929577
0.8310344827586207
0.8310830221200805
0.8311315336013785
0.8311800172265289
0.8312284730195177
0.8312769010043042
0.8313253012048193
0.8313736736449671
0.8314220183486238
0.8314703353396389
0.8315186246418338
0.8315668862790031
0.8316151202749141
0.8316633266533067
0.8317115054378935
0.8317596566523605
0.8318077803203662
0.8318558764655419
0.8319039451114922
0.8319519862817948
0.832
0.8320479862896315
0.8320959451741862
0.8321438766771339
0.8321917808219178
0.8322396576319544
0.8322875071306332
0.8323353293413174
0.8323831242873432
0.8324308919920205
0.8324786324786325
0.8325263457704358
0.8325740318906606
0.8326216908625107
0.8326693227091634
0.8327169274537696
0.8327645051194539
0.8328120557293147
0.8328595793064241
0.8329070758738278
0.8329545454545455
0.8330019880715706
0.8330494037478705
0.8330967925063866
0.8331441543700341
0.8331914893617022
0.8332387975042541
0.8332860788205274
0.8333333333333334
0.8333805610654577
0.8334277620396601
0.8334749362786746
0.8335220838052095
0.8335692046419474
0.833616298811545
0.8336633663366336
0.833710407239819
0.833757421543681
0.8338044092707745
0.8338513704436281
0.8338983050847457
0.8339452132166055
0.83399209486166
0.834038950042337
0.8340857787810384
0.834132581100141
0.8341793570219966
0.8342261065689315
0.8342728297632469
0.834319526627219
0.8343661971830986
0.8344128414531118
0.8344594594594594
0.8345060512243174
0.8345526167698368
0.8345991561181435
0.8346456692913385
0.8346921563114984
0.8347386172006745
0.8347850519808935
0.8348314606741573
0.8348778433024431
0.8349241998877035
0.8349705304518664
0.835016835016835
0.835063113604488
0.8351093662366798
0.8351555929352397
0.8352017937219731
0.8352479686186607
0.8352941176470589
0.8353402408288995
0.8353863381858903
0.8354324097397146
0.8354784555120314
0.8355244755244755
0.8355704697986577
0.8356164383561644
0.8356623812185578
0.8357082984073764
0.8357541899441341
0.8358000558503211
0.8358458961474037
0.8358917108568239
0.8359375
0.8359832635983263
0.8360290016731734
0.836074714245888
0.8361204013377926
0.8361660629701867
0.8362116991643455
0.8362573099415205
0.8363028953229399
0.836348455329808
0.8363939899833055
0.8364394993045897
0.8364849833147943
0.8365304420350292
0.8365758754863813
0.8366212836899138
0.8366666666666667
0.8367120244376562
0.8367573570238757
0.8368026644462948
0.8368479467258602
0.8368932038834952
0.8369384359400999
0.8369836429165511
0.8370288248337029
0.8370739817123857
0.8371191135734072
0.8371642204375519
0.8372093023255814
0.8372543592582341
0.8372993912562258
0.837344398340249
0.8373893805309734
0.8374343378490462
0.8374792703150912
0.8375241779497099
0.8375690607734807
0.8376139188069595
0.8376587520706792
0.8377035605851504
0.8377483443708609
0.8377931034482758
0.8378378378378378
0.8378825475599669
0.8379272326350606
0.8379718930834941
0.8380165289256198
0.8380611401817681
0.8381057268722467
0.838150289017341
0.8381948266373143
0.8382393397524072
0.8382838283828383
0.8383282925488039
0.8383727322704783
0.8384171475680132
0.8384615384615385
0.8385059049711617
0.8385502471169687
0.8385945649190227
0.8386388583973655
0.8386831275720165
0.8387273724629731
0.8387715930902111
0.8388157894736842
0.8388599616333242
0.838904109589041
0.8389482333607231
0.8389923329682366
0.8390364084314262
0.8390804597701149
0.8391244870041039
0.8391684901531729
0.8392124692370796
0.8392564242755605
0.8393003552883301
0.839344262295082
0.8393881453154876
0.8394320043691972
0.8394758394758395
0.8395196506550219
0.8395634379263301
0.839607201309329
0.8396509408235615
0.8396946564885496
0.8397383483237939
0.8397820163487738
0.8398256605829474
0.8398692810457516
