0.9115721095916542
0.9115767417494048
0.9115813734217941
0.9115860046096265
0.9115906353111415
0.9115952655282186
0.9115998952603445
0.9116045245076011
0.9116091532698187
0.9116137815476234
0.9116184093407537
0.911623036649439
0.9116276634733563
0.9116322898128747
0.9116369156675946
0.9116415410387312
0.911646165925126
0.9116507903278542
0.9116554142460005
0.9116600376803201
0.9116646606314921
0.9116692830975277
0.9116739050810789
0.9116785265803291
0.9116831475957569
0.9116877681282114
0.9116923881764989
0.9116970077424312
0.9117016268241437
0.9117062454228924
0.9117108635386497
0.9117154811718009
0.911720098321416
0.9117247149877057
0.9117293311722335
0.9117339468731418
0.9117385620918294
0.9117431768276135
0.9117477910802739
0.9117524048518464
0.9117570181398855
0.9117616309461855
0.9117662432699074
0.9117708551117928
0.9117754664712693
0.9117800773494181
0.9117846877452295
0.9117892976590066
0.9117939070912174
0.9117985160415418
0.9118031245099424
0.9118077324973607
0.9118123400030701
0.9118169470276963
0.9118215535704944
0.9118261596320945
0.911830765213052
0.9118353703124968
0.911839974930569
0.9118445790680995
0.9118491827248147
0.9118537859010835
0.9118583885955597
0.9118629908105603
0.9118675925445181
0.911872193797443
0.9118767945709412
0.9118813948632835
0.9118859946753877
0.9118905940079962
0.9118951928596954
0.9118997912317256
0.9119043891235519
0.9119089865359162
0.911913583467951
0.9119181799205526
0.9119227758936573
0.9119273713869529
0.9119319664004764
0.9119365609347451
0.9119411549899447
0.9119457485653619
0.9119503416620143
0.9119549342792722
0.9119595264169873
0.9119641180766739
0.9119687092569547
0.911973299958179
0.9119778901810479
0.911982479924746
0.9119870691901242
0.9119916579771475
0.911996246285719
0.9120008341151271
0.9120054214666767
0.9120100083402566
0.9120145947352388
0.9120191806527618
0.91202376609142
0.9120283510529006
0.9120329355356516
0.9120375195412395
0.9120421030695185
0.9120466861196384
0.9120512686919345
0.912055850786537
0.9120604324043861
0.9120650135446375
0.9120695942076819
0.9120741743932613
0.9120787541020314
0.9120833333330113
0.9120879120876212
0.9120924903658999
0.9120970681666111
0.9121016454908016
0.9121062223378134
0.9121107987088626
0.9121153746027959
0.9121199500208538
0.9121245249625375
0.9121290994271418
0.9121336734165739
0.9121382469287911
0.9121428199657392
0.9121473925263927
0.9121519646108227
0.9121565362199267
0.912161107352663
0.9121656780102145
0.9121702481920869
0.9121748178978083
0.9121793871285913
0.9121839558841897
0.9121885241640902
0.9121930919686794
0.91219765929744
0.9122022261518742
0.912206792531442
0.9122113584354085
0.912215923864642
0.9122204888192602
0.9122250532996261
0.9122296173048452
0.9122341808347856
0.9122387438909897
0.9122433064723168
0.9122478685796408
0.9122524302128996
0.9122569913714054
0.9122615520558818
0.9122661122663525
0.9122706720024079
0.9122752312646496
0.9122797900536604
0.9122843483686546
0.9122889062091489
0.9122934635766734
0.912298020470452
0.912302576891313
0.912307132837875
0.9123116883117944
0.9123162433123929
0.9123207978389466
0.9123253518933179
0.9123299054739523
0.9123344585825384
0.9123390112175935
0.912343563379212
0.9123481150691903
0.912352666286151
0.912357217029819
0.9123617673014649
0.9123663171008192
0.9123708664277408
0.9123754152822164
0.9123799636646449
0.912384511574486
0.9123890590129525
0.9123936059786165
0.9123981524731469
0.9124026984949315
0.9124072440453563
0.9124117891239031
0.9124163337310892
0.9124208778662402
0.9124254215301991
0.9124299647227904
0.9124345074439966
0.9124390496942507
0.9124435914727731
0.9124481327800799
0.9124526736166377
0.9124572139821464
0.9124617538760892
0.9124662933003364
0.9124708322531049
0.9124753707354015
0.9124799087466398
0.9124844462875907
0.9124889833587112
0.9124935199581975
0.9124980560885816
0.9125025917482953
0.9125071269370723
0.9125116616563127
0.9125161959059599
0.9125207296851477
0.9125252629941042
0.9125297958333359
0.9125343282031169
0.9125388601038286
0.9125433915343197
0.912547922494921
0.9125524529869444
0.9125569830089866
0.9125615125615665
0.9125660416448562
0.912570570259691
0.9125750984050794
0.9125796260810032
0.9125841532887092
0.9125886800265085
0.9125932062967959
0.9125977320974874
0.9126022574296876
0.9126067822938481
0.9126113066887118
0.9126158306154424
0.9126203540738116
0.9126248770638715
0.9126293995860261
0.9126339216393565
0.9126384432250731
0.9126429643431024
0.9126474849927377
0.9126520051749922
0.9126565248890403
0.9126610441349694
0.9126655629138819
0.9126700812253518
0.9126745990685848
0.9126791164452932
0.9126836333540983
0.9126881497959825
0.9126926657699829
0.9126971812778081
0.9127016963176339
0.9127062108907388
0.9127107249971398
0.9127152386368532
0.9127197518100006
0.9127242645154672
0.9127287767550342
0.9127332885278389
0.9127377998348242
0.9127423106746918
0.9127468210479359
0.9127513309558339
0.9127558403969677
0.912760349371961
0.9127648578808931
0.9127693659243977
0.9127738735011122
0.9127783806130352
0.9127828872581928
0.9127873934386834
0.9127918991531608
0.9127964044018939
0.9128009091846502
0.9128054135024419
0.9128099173557885
0.9128144207424744
0.9128189236648093
0.9128234261220936
0.9128279281142151
0.9128324296410901
0.9128369307035301
0.912841431300802
0.9128459314334542
0.9128504311009783
0.9128549303045788
0.9128594290431385
0.9128639273176588
0.9128684251280988
0.9128729224733664
0.9128774193552773
0.9128819157723567
0.912886411725626
0.9128909072141638
0.9128954022398353
0.912899896801217
0.912904390898059
0.9129088845317833
0.9129133777023403
0.9129178704087088
0.9129223626513082
0.9129268544313129
0.9129313457474278
0.9129358366001274
0.9129403269895273
0.9129448169162784
0.912949306378972
0.9129537953799081
0.9129582839166303
0.9129627719916582
0.9129672596031605
0.9129717467516564
0.912976233438032
0.9129807196621695
0.9129852054228567
0.9129896907213665
0.9129941755582212
0.9129986599318325
0.9130031438439185
0.9130076272934449
0.9130121102805813
0.913016592806125
0.9130210748697593
0.9130255564718158
0.9130300376117836
0.9130345182893586
0.9130389985057937
0.9130434782605994
0.9130479575542768
0.9130524363860508
0.9130569147565781
0.9130613926661846
0.9130658701137
0.9130703471009856
0.9130748236266221
0.9130792996913999
0.9130837752946173
0.9130882504377839
0.9130927251199515
0.9130971993412659
0.9131016731014853
0.9131061464014311
0.9131106192415055
0.9131150916202172
0.9131195635388677
0.9131240349971594
0.9131285059952038
0.9131329765335007
0.913137446611623
0.9131419162291897
0.9131463853875377
0.91315085408491
0.9131553223236908
0.9131597901017666
0.9131642574204896
0.9131687242798987
0.9131731906796726
0.9131776566194976
0.9131821221007217
0.9131865871215931
0.9131910516844683
0.9131955157872687
0.91319997943105
0.9132044426163353
0.9132089053419692
0.9132133676095777
0.9132178294173331
0.913222290767392
0.9132267516574041
0.913231212090341
0.9132356720633438
0.9132401315790609
0.9132445906357298
0.9132490492343527
0.9132535073742913
0.9132579650562915
0.91326242228056
0.9132668790460063
0.9132713353544386
0.913275791204414
0.9132802465968074
0.9132847015308659
0.9132891560077749
0.9132936100265763
0.9132980635880316
0.9133025166927513
0.9133069693386651
0.9133114215284569
0.9133158732603714
0.9133203245354136
0.9133247753529217
0.9133292257136087
0.9133336756177803
0.9133381250640187
0.9133425740537296
0.913347022587065
0.9133514706639437
0.9133559182833364
0.9133603654470632
0.9133648121535088
0.9133692584040749
0.9133737041980359
0.9133781495358947
0.9133825944173222
0.9133870388425765
0.9133914828114499
0.9133959263248164
0.9134003693822154
0.9134048119835997
0.9134092541296932
0.9134136958197516
0.913418137053407
0.9134225778326602
0.9134270181560133
0.9134314580233307
0.9134358974357527
0.913440336393074
0.9134447748952159
0.9134492129413966
0.9134536505328953
0.9134580876696234
0.9134625243516525
0.913466960578688
0.9134713963499678
0.9134758316671946
0.9134802665301616
0.9134847009382291
0.9134891348912481
0.9134935683904072
0.9134980014350214
0.9135024340249857
0.913506866161448
0.91351129784266
0.9135157290703451
0.9135201598440884
0.9135245901638346
0.9135290200293621
0.9135334494414784
0.9135378783994952
0.913542306904766
0.9135467349550018
0.9135511625526774
0.9135555896959172
0.9135600163862987
0.9135644426241389
0.9135688684073683
0.9135732937378753
0.9135777186152839
0.913582143039951
0.9135865670116237
0.9135909905294786
0.9135954135958099
0.9135998362083952
0.9136042583686002
0.9136086800759665
0.9136131013305153
0.9136175221331102
0.9136219424829852
0.9136263623806008
0.9136307818255336
0.9136352008189218
0.913639619359346
0.9136440374483135
0.913648455084606
0.9136528722697912
0.9136572890023331
0.9136617052838515
0.9136661211131183
0.9136705364904902
0.9136749514165508
0.9136793658907542
0.9136837799143007
0.9136881934856776
0.9136926066055997
0.9136970192751803
0.9137014314930596
0.9137058432595216
0.9137102545751458
0.9137146654402948
0.9137190758534621
0.913723485816232
0.913727895328524
0.9137323043901737
0.9137367130007906
0.9137411211613713
0.9137455288707601
0.9137499361301166
0.913754342938864
0.9137587492976915
0.9137631552056518
0.9137675606645566
0.9137719656726844
0.913776370230614
0.9137807743384158
0.9137851779969921
0.9137895812054146
0.9137939839643099
0.9137983862729316
0.913802788132884
0.9138071895428412
0.9138115905027724
0.9138159910142198
0.9138203910757138
0.9138247906878302
0.9138291898517745
0.9138335885658864
0.9138379868309321
0.9138423846463798
0.9138467820141034
0.9138511789322327
0.9138555754017867
0.9138599714224476
0.9138643669951061
0.9138687621188394
0.913873156793808
0.9138775510205082
0.9138819447983945
0.913886338128927
0.9138907310104551
0.9138951234441048
0.9138995154298847
0.9139039069669656
0.9139082980566015
0.913912688698669
0.9139170788920837
0.9139214686386249
0.9139258579367819
0.9139302467878373
0.9139346351912154
0.9139390231463335
0.9139434106555154
0.9139477977164514
0.9139521843297336
0.913956570496306
0.9139609562156198
0.9139653414884792
0.9139697263134079
0.9139741106923316
0.9139784946240006
0.9139828781087193
0.9139872611468366
0.9139916437380946
0.9139960258829485
0.9140004075812947
0.9140047888331193
0.9140091696385972
0.9140135499972905
0.9140179299106563
0.9140223093769256
0.9140266883973515
0.9140310669721076
0.9140354451007545
0.9140398227832793
0.9140442000201707
0.9140485768113196
0.9140529531566222
0.9140573290564554
0.9140617045110904
0.9140660795190705
0.9140704540827719
0.914074828200738
0.9140792018735111
0.9140835751009111
0.914087947882925
0.9140923202200635
0.914096692112224
0.9141010635592384
0.9141054345614988
0.9141098051186589
0.9141141752314415
0.9141185448997688
0.9141229141231394
0.9141272829020002
0.9141316512362639
0.9141360191260652
0.9141403865715018
0.9141447535728894
0.9141491201305362
0.9141534862435298
0.9141578519124958
0.9141622171374346
0.9141665819177883
0.9141709462553075
0.9141753101482257
0.9141796735977509
0.9141840366038839
0.9141883991664163
0.9141927612849124
0.9141971229606907
0.91420148419198
0.9142058449811108
0.9142102053260026
