0.9081803005006893
0.9053634292813815
0.9024302522737189
0.8996174445296002
0.8963142972861949
0.8932556035785556
0.8903583191933343
0.8871550998167576
0.8847572672275069
0.8822150600643388
0.8794608223427657
0.8769919599443577
0.8746174445298043
0.8720615472289668
0.8696410885255135
0.8674659298458887
0.8654946281570466
0.8630440809540174
0.8603946764573409
0.8581718714380371
0.8562499999999533
0.8540129566314855
0.8514232092587253
0.8490901020863247
0.8471952725350277
0.84492048889501
0.8432208922738734
0.8413790120252314
0.8387706855794611
0.8364226531136681
0.8346490111196992
0.8330169977644563
0.8305454240554732
0.8285559536703034
0.8264938506772691
0.8249989710665692
0.8233730110035665
0.8220008133389866
0.8204164139882729
0.8184010611357243
0.8164235764231543
0.8149133958367228
0.8128973660311191
0.8111503729874626
0.8097840940148864
0.8083165087745463
0.8066085076819652
0.8049585508133154
0.8034732824427837
0.8024218038259974
0.800838020459342
0.799264181401551
0.7979013406030285
0.79659820997498
0.7952942045581197
0.7941511444208627
0.7929119473880429
0.7917514534882839
0.7907405399542525
0.7897537300014019
0.7885475160060148
0.7873029429558117
0.7860101242523108
0.7847508364147876
0.7832439819194094
0.7819963044314504
0.7808228682438341
0.7796914368550382
0.7785483760213834
0.7774134043862618
0.7762254402068545
0.7751014884978087
0.774037166711688
0.7731962216116346
0.7722514834324172
0.7712314225056729
0.770289902925269
0.7691903259730941
0.7680609608531938
0.7672450275074594
0.7662649040951444
0.765149804882794
0.7640507141707747
0.7633773120791688
0.7625377643502308
0.761537000695954
0.7605633802817854
0.7594178350745665
0.7584538046021055
0.7577396493843808
0.7564356435640739
0.7555904638696911
0.754737229410574
0.7536470731854621
0.7530912957613617
0.7520116159474051
0.7509787387823715
0.7502473837293909
0.7490000596982848
0.7480460043387313
0.7470111268934942
0.7463539671787641
0.7454748144457822
0.7444502862487109
0.7435658824557723
0.7426379035756593
0.7417820069201504
0.7410193826271726
0.740435752272915
0.7400689124922494
0.7393795020134519
0.7384906513021829
0.7377717773466421
0.7370868347342422
0.7361579872252135
0.7355277777775276
0.7347977646211347
0.7340202777163963
0.7335418896296243
0.7324751988190756
0.7319217265871557
0.7311737598266538
0.7304265658748738
0.7298300344230877
0.7293742633667571
0.7287303577623618
0.728301886792608
0.7276529288755916
0.7271576615773859
0.7265397242282727
0.7258765044480023
0.725280166797125
0.7248201905852906
0.7241120624982833
0.7232759509327801
0.7224832473237582
0.7220431757720605
0.7212722036752015
0.7206834395386505
0.7202195745110507
0.7195745860528024
0.7191713747644012
0.7186061636985732
0.7180848412344442
0.7175602850970015
0.7168695566110274
0.7162508628342439
0.7156015129933172
0.7149640217340147
0.7144424934152289
0.7136330498174908
0.7132999200986428
0.7129864176975518
0.7127061198975604
0.7122939823690819
0.7116325702421724
0.7112274024739812
0.7106254888482793
0.7102503542747314
0.7096622337297911
0.7091924096356816
0.7086557116475349
0.708229484521661
0.7077626630761645
0.7073249733936733
0.7069537950748295
0.706440568920588
0.7061463772102488
0.7057669047674525
0.7052200614122593
0.704764927234247
0.7043262171016946
0.7038796694510132
0.7032273992283414
0.7028363083250461
0.7023610460833157
0.7020666666668022
0.7018161683277777
0.7012826456498725
0.7007679950704587
0.7004759920152666
0.6999693868621026
0.6994049565157283
0.6991982966524459
0.6987396049899277
0.6984305174762081
0.6981643676428166
0.6976853937400952
0.6972353482005741
0.6969051069996564
0.6966471188169915
0.6962848428365482
0.6960111493547946
0.6956951899805681
0.695445960125504
0.6951464435145146
0.6947399157384565
0.6945310875436884
0.694284944342444
0.6940357113338056
0.6940621394426018
0.6938624599457088
0.6934592070774337
0.6930709240127145
0.6928556889883369
0.6925278025813915
0.692424426369018
0.6922239031767816
0.6919859225743845
0.6918295739348528
0.6915403989921288
0.6913294797690865
0.6910709672290943
0.6906889650660678
0.6902894398897864
0.6899527186762612
0.6897357823391963
0.6896963761023167
0.689361535907168
0.6888352256126351
0.6884612397075963
0.6880106881460598
0.6877304759144344
0.6873760613005819
0.6870488404239635
0.6868574710443044
0.6866469409188265
0.6864697148517159
0.6861286158989214
0.6858213616483645
0.6852893435505495
0.6851813510517052
0.6848674825433598
0.6845119988021909
0.6843166542192552
0.684148793565375
0.6841069439287518
0.6839591201960085
0.6835604298214347
0.6832452538346511
0.6831261362176738
0.6828745673316537
0.6826898491430773
0.6825127952932151
0.682453176377133
0.6824522627627927
0.6821705426360726
0.6819910252477933
0.6815959741190328
0.6813651681367855
0.6812786041186524
0.6810085052510666
0.6807220345017028
0.6804782007170872
0.6801648798778072
0.6800119984475771
0.6798064232289673
0.6796019376578769
0.6795455341201988
0.6792966772009371
0.6791542574496935
0.6791161449469373
0.6790559858600489
0.6788115526212756
0.678700112058853
0.6783822821374463
0.6782547550032098
0.6779518937966349
0.6778437595986773
0.677593954248656
0.6772090654440376
0.6769910755109361
0.676863049793639
0.6767247915086458
0.6764814628082031
0.6763172453100397
0.676276798555238
0.6760084075671875
0.6760350106492736
0.6759403738253252
0.6758515623709249
0.6756917485753035
0.675482393263786
0.675367369078854
0.6753353228606496
0.6751504841669449
0.6748902703665771
0.6747127185126666
0.6745148981081696
0.6743609680244363
0.6741543981000581
0.6740129298528146
0.6739203860066865
0.6737798029711847
0.6737519407145257
0.6735537849880961
0.6734098982140294
0.6733091787441783
0.6732037542011479
0.6729829334261574
0.6727786281231032
0.6728225958809879
0.6727452643475768
0.6725637369352365
0.6723105545388436
0.6720375598569731
0.6719267939679229
0.6718165302857302
0.6714947407550568
0.6713033801642846
0.6711441481736963
0.6709647638101568
0.670760539163115
0.670669505414737
0.6706148461734309
0.6704886788140065
0.6702825236956632
0.6702741264692397
0.6702005209904656
0.6701523210835172
0.6700390513101141
0.6698307634452247
0.6697636022515167
0.669606888805673
0.6695007695403703
0.6693405299015798
0.669344520812336
0.6692643391522616
0.6690661334515432
0.6688587093052611
0.668681893920843
0.6685353579941443
0.6684824102897204
0.6683710844786538
0.6684015848180318
0.668164444314515
0.6679816006287606
0.6678238387129859
0.6676571196659663
0.667693553752999
0.6674796513310768
0.6673195178494714
0.6672366719361092
0.6671207536884035
0.6670816163008897
0.6670902522949242
0.6670133793087363
0.6668467597463386
0.6667234235768768
0.6665817121168915
0.6663699559175215
0.6663799788505704
0.6661976389146921
0.6662360639166957
0.6660921956007533
0.6659535794179399
0.6657504429967369
0.6656827390313672
0.6656014227948631
0.6655434918250741
0.6654582186002718
0.6653042061362938
0.6653574775365422
0.665309715039801
0.6653308813437268
0.6652879545302688
0.6651221912418204
0.6650525167104158
0.6649513307471429
0.6649547566637699
0.6649311911051972
0.6648715936464608
0.6647041348200249
0.6645688179718485
0.6644519166110222
0.6643802518193015
0.6643937465671473
0.6642912533096413
0.6642826643895589
0.6643584792594431
0.6642700511666972
0.6642040480670508
0.6640545370311812
0.6639540260262028
0.6638847137624038
0.6639164133531139
0.6639699508818998
0.6639185257032317
0.6637973888704473
0.6638073975433995
0.6639563217488201
0.6639484978538946
0.6638931436436865
0.6638034902253781
0.6637831826932983
0.6638146857655364
0.6637942138758509
0.6637655074882686
0.6638778390858178
0.6638661919515734
0.6638970202870781
0.663753397042738
0.663856449702534
0.6637389734851361
0.6637274803348454
0.6636359031515251
0.6635530556781608
0.6636430157452098
0.6636740244535243
0.6636838930216048
0.6637063796688198
0.6637368691232831
0.6637631532908025
0.6637477234734966
0.6636869560890866
0.6636595215904192
0.6636650045897478
0.6636416535633692
0.663688269316534
0.6636853727438792
0.6636209147103613
0.6636429563526978
0.6634970491884095
0.6634171432772171
0.6633417678200393
0.6632461320712976
0.6632604591680646
0.6631897589267909
0.6632566380275933
0.6633313143546156
0.6633413141795026
0.6633231942833718
0.663325180427532
0.6633552623662031
0.6632731463689411
0.6631753031967212
0.6630939279392651
0.6631120133751802
0.6629671574185922
0.6629142619145327
0.6628297874876518
0.6628007636927956
0.66283529439531
0.6628184525216202
0.6628488522971853
0.6626632284202405
0.662638706037523
0.6624661198914787
0.6625202052141157
0.6625780500924783
0.6624995622796864
0.6624874740751512
0.6624831340434806
0.6624477473285623
0.6624939147376844
0.662458633217991
0.6624195728261559
0.6624113475171542
0.6624569724742191
0.6624028869575593
0.6624407705272156
0.6623485212923774
0.6623139021666051
0.6623060854079076
0.6621578503549969
0.6620972879506517
0.6620633262164268
0.6619766215803414
0.6620220496689996
0.6620448843995679
0.6619058900516085
0.6619101250142395
0.6618921805613533
0.6618218141826118
0.6618375350133707
0.6618416931398308
0.6618832778693385
0.661724045665329
0.6616949756237906
0.6616695930471589
0.6616779089374144
0.661663879136028
0.6617128324210406
0.6617137305984201
0.6616559582984993
0.6617155180001113
0.6617164072536426
0.6616076324156928
0.66170706606203
0.6616825698709821
0.6617086984519011
0.6615679609527552
0.6615690838489441
0.6615232593495501
0.6614482257665352
0.6613664408030905
0.6614074522346398
0.6614196165589175
0.6614065512671342
0.6614398485722468
0.6614160546322575
0.6614960764978
0.661465022690737
0.6614344025814944
0.66144605306754
0.6614576675609838
0.6614371716061963
0.6615693395782389
0.6615916368041622
0.6615503498507874
0.6615584607739947
0.6615173578141017
0.6614342453198712
0.6614949299448204
0.6614644597555515
0.6613432601057094
0.6612852566112496
0.661241258193691
0.6612428505819322
0.6612930118170987
0.6612458511513822
0.6612710517292745
0.6612794473087547
0.6613394373777861
0.6612821493938748
0.6613387851185732
0.6612853343235398
0.6612214227623325
0.661274409043976
0.661245138582879
0.6613081699147098
0.6612550126854205
0.6611918040490978
0.6611934362029845
0.6612425282331271
0.6612370232544938
0.6611639051334436
0.6611215862789389
0.661150081484147
0.6611987062866361
0.6612001453251246
0.6612347321318468
0.6612429310305316
0.6612744408498574
0.6612723606194169
0.661310680584074
0.6613554982086952
0.6614467337134797
0.6614843033235657
0.6614853023189985
0.6615858811838878
0.6615668715188743
0.661577809940748
0.6615654170916602
0.661582713902248
0.6616723913305849
0.6616894828662964
0.6616411124459116
0.6616681734213202
0.6617051129831402
0.6617416522961541
0.6617878701896249
0.6617201695934342
0.6617596847049205
0.6617767387488861
0.661816342609229
0.6618719709405123
0.6618755273648126
0.6618565686886164
0.6619471765257566
0.6620377970698553
0.6621182460767042
0.6620797904602422
0.6620639255357698
0.6621024734985628
0.6621537399437938
0.6621985197659943
0.6621824474856824
0.6623256346853181
0.6623064602248054
0.6623032910958091
0.6622842041227973
0.6622270742355072
0.6621827868312918
0.6622300898348986
0.6622992352271555
0.6623083603952943
0.6623396212192145
0.6623739727190942
0.6624018801407804
0.662498709248247
0.6625451136639696
0.6626131565892561
0.6626125326037189
0.6626895212487204
0.6627603438316064
0.6627659079273246
0.6628426933901092
0.6628047308715839
0.6628533286356427
0.6628865025002145
0.6629564574281398
0.6630323396627482
0.663089574806204
0.6631375437309849
0.6632129592166506
0.6632575305483358
0.663207209850823
0.6632820296833245
0.6632532709176492
0.6632274794114976
0.663268562675821
0.6632063015075851
0.663247303614466
0.6632730905467653
0.6632776150268425
0.6633184490117213
0.6633440369053383
0.6633364648076273
0.6634041171267832
0.6633184389752097
0.6634188034189638
0.6634890114830835
0.6635202067331862
0.6635363274676666
0.6635494782804054
0.6634880915147763
0.6634834218382425
0.6634371128315055
0.663438429083082
0.6635346199314688
0.6635416944091201
0.6635370675736546
0.6636473109132507
0.6636335499851507
0.6635787205480214
0.663591543705639
0.6636925732813755
0.6637199278707571
0.6638496745235752
0.6637773722638264
0.6638134204773266
0.6638288564185106
0.6638821411725332
0.6638886464778357
0.6639038505110371
0.6639945687653439
0.6640096660355523
0.6640334733853087
0.6640281594890451
0.6640980129016228
0.6641043156452515
0.6640586543697603
0.6641224007529581
0.6642002532459889
0.6642235298157708
0.6642152651295696
0.6642612597927029
0.6642786137867488
0.6643358438899245
0.6643388920691791
0.6642907141525657
0.6643221906774692
0.6643109540639578
0.6643592730854379
0.6643338825557595
0.6642265802588526
0.6643313396933769
0.6643569047490491
0.6643880758433284
0.6643769145721427
0.6644752922540491
0.6644976640436439
0.664458418805074
0.6645284254535696
0.6646344531477485
0.6646341974111422
0.6647036188120082
0.6648035357708003
0.6648142585365285
0.6648693695577227
0.6648605007334112
0.6648738517804162
0.6648954718306895
0.6648700641789749
0.6650020290360631
0.6650482224693705
0.6649979347368828
0.6650054868435058
0.6649745774575326
0.6649766664743981
0.6650006987208932
0.665016420362001
0.6650157438986477
0.6650641681884638
0.6651452316101705
0.6651498317055874
0.6651653121844884
0.6652105880830633
0.6651689417426896
0.665189749926954
0.6652457046339201
0.6652177438965864
0.6652681030299822
0.6652024075334222
0.6652364676512699
0.665305463643892
0.6654118974679935
0.6653812092415988
0.6653640179466342
0.6653308061749861
0.6653992395430139
0.6654915753968896
0.6655063417749191
0.6656036446476283
0.6656661131690907
0.6657577062294769
0.6657322162401642
0.6657678081371071
0.6657741689434573
0.6658598908060679
0.6659295542454473
0.6659937617749062
0.6660841925490609
0.6661217462719358
0.6661670860516915
0.6662228175219725
0.6662862988898934
0.6662631661695969
0.666263641360102
0.6663503764118538
0.6663846919035483
0.6664397868886316
0.6664660972574157
0.6665157664693925
0.6665341347612271
0.6665628431041877
0.6666459265034711
0.6666925616629956
0.6666666666676241
0.6667725884696075
0.6668060103575136
0.6667929576054065
0.6668520234781702
0.6668852307256256
0.666944046352877
0.6670052949142713
0.6671150741795969
0.6671094457832627
0.6670808215617737
0.6670522711069911
0.6671053940513741
0.6670947030495351
0.6671425735613764
0.667142029162867
0.6670576854237148
0.6671257056772691
0.6671555923720248
0.6671904414897177
0.6672782967353955
0.6672725620287235
0.6672819705852158
0.6673190563263498
0.667328376798559
0.6673628179796869
0.6674549083099836
0.6674565204300204
0.6674255744395795
0.6674597515672888
0.6675363427125884
0.6675952760744308
0.667631636034499
0.6676554759362598
0.6676518883422339
0.6677128841308454
0.6677663179051437
0.6677626195762784
0.6678258026642478
0.6678591308863666
0.6679665201240101
0.6679551833164492
0.6679167961163994
0.6678956974060405
0.6679361705276716
0.6679961957272249
0.668036469150211
0.6680766542826159
0.6681118100041848
0.6681615995530011
0.6682357081582486
0.6681632413910196
0.668200607235603
0.6682013505206305
0.668275127021469
0.6682831140810299
0.6682813125979596
0.6683183445376256
0.6682899174336302
0.668348640505742
0.6684072728330316
0.6684825917500864
0.6685144445077332
0.6684787323260765
0.6684863846100215
0.6684844550235707
0.6684752846227905
0.668461322527725
0.6684402390003648
0.6684167809862944
0.6685463794013115
0.6685945260262247
0.6686473561363789
0.6687048121680412
0.6688359931978041
0.668905080318387
0.6688884294856058
0.6689857508079279
0.669054410687512
0.6690494631594228
0.6691107577875981
0.6691153008924625
0.6691293137657892
0.6691785716820423
0.6692348471475078
0.66928149800828
0.66938214134597
0.6694098416090333
0.6694726173453628
0.66945553743077
0.6695041438411705
0.6695035361466316
0.6695029893543124
0.669495382332745
0.6695599868508444
0.669575484880407
0.6696980694881931
0.6697971790541326
0.6698356317030502
0.6698694088268106
0.6698753144930301
0.6699228648991727
0.6699333485917441
0.6700153809928836
0.6700418728585114
0.670109792858965
0.670163685337059
0.6702014626741014
0.670207046756376
0.6702470461858068
0.6702685228498881
0.6703725589908005
0.6704784915606864
0.6705567745469836
0.6706556063222107
0.6707107616713481
0.6707476296914371
0.670743365974958
0.6708074110461886
0.6708689963479026
0.670944156631446
0.6709669960488652
0.6710057000776017
0.6710352176250304
0.6710806449419126
0.6710513838269077
0.6711214567499857
0.671146202308004
0.6711867153798493
0.6712653138329945
0.6713010075137726
0.6713658641675425
0.6714327988810367
0.6714861596339649
0.6714835124266432
0.6715122906293202
0.6715341179309477
0.6715827651059679
0.6716936734592583
0.6717286052952787
0.6717792024981492
0.6718517778012896
0.6718908122496824
0.6719565810206715
0.6720264712337671
0.6720323400760151
0.6721639776929487
0.6721387497684378
0.6721707478488742
0.6722026816166696
0.6722676864752674
0.6723390497056919
0.6724037916436038
0.6724837341616688
0.6724648359889471
0.6725292636903739
0.6725759008305215
0.6726399748114851
0.6727147631227222
0.6727655980982663
0.6728270323652724
0.6728841907189718
0.6729584377619137
0.673004446877046
0.6730481116223633
0.673083305674452
0.673083549505121
0.6730815445086128
0.6731272101998013
0.6732224001254123
0.6732244966682446
0.6732181327674825
0.6732311709457398
0.6733258863726668
0.673381712626459
0.6733752215232737
0.6734286578794421
0.6735184780233501
0.6736016962770754
0.673663534124141
0.6736633510965913
0.6736864360623952
0.6737353500310977
0.6737498401338482
0.6738004126938236
0.6738572686787843
0.6739288446808047
0.6739941906393913
0.6740635619644718
0.6741455165043724
0.6742252456538219
0.674275162292291
0.6743270486517279
0.674368377382714
0.6744643693284047
0.6744778497018478
0.6744955634845833
0.6745575570213673
0.6746006732127062
0.674694090901345
0.67478278376404
0.6748422296547043
0.674866081801281
0.6748520914232621
0.67494264689283
0.6749597660471924
0.6749415047359969
0.6750021875265247
0.6750443339906356
0.6751111970602539
0.6751903972480668
0.6752322482641392
0.6752657804210632
0.6753053043733134
0.675367574010875
0.6754523630807765
0.6754569174427565
0.6754818855599727
0.6755273739552307
0.6755458866126282
0.675669167360157
0.6757390317326865
0.6758044337063718
0.6758718782338473
0.6759496785704886
0.6759756622204695
0.6759793687828509
0.6760343050652455
0.6761032115710477
0.6761494798344456
0.6762122083431886
0.6762786035600449
0.6763267324932233
0.6764174770318309
0.6765302826209781
0.6765719574719196
0.6765568344976461
0.6765883990495528
0.6766157975613252
0.6766693766618332
0.6766984288606807
0.6767518334386655
0.676785033610652
0.6768322170351303
0.6768873052286088
0.6769059040048812
0.676920572915518
0.6769915501777225
0.6770422162318472
0.6770828949817604
0.6771554701337935
0.6771959723023863
0.6772205401830237
0.6772808136712897
0.677310864021335
0.6773510789055378
0.6773613533727229
0.6774133866475992
0.6774155079070866
0.6775050637426592
0.6775328246453824
0.677548835965234
0.6776579627500781
0.6777270595792664
0.6777763281190384
0.677870999086459
0.6778669697623998
0.6779024445061945
0.6779534817747002
0.6780002243484501
0.6780843734527595
0.6781016477701743
0.678203218378799
0.6782398964632025
0.678276508585791
0.6783193376013924
0.6783522453905136
0.6784453953927351
0.6784367239852485
0.6784694426895493
0.6785447019474006
0.6786123183335785
0.6786679350793343
0.6787682296060932
0.6788254828289024
0.6788576950167798
0.6789322166961221
0.6790300649640295
0.6790095503496183
0.6791071615025318
0.6791911534570464
0.6791916384363935
0.6792078405973884
0.6792605523903809
0.6793016217703153
0.6793657022175037
0.6794333683115854
0.6794704886128932
0.6795285017039374
0.6796266691209408
0.6797379987929048
0.6798374273112916
0.6798871242501169
0.6799481957330223
0.6799480120923017
0.6800510279971616
0.6801040237780833
0.6801820580333848
0.6802311980422336
0.6802615601241169
0.680280246070345
0.6802970804185904
0.6803288942448478
0.6803624691091499
0.6804677300335361
0.6804975017157345
0.6805705089683688
0.6805867732570605
0.6806485006541505
0.680696538783303
0.6807655167348432
0.6807497432788387
0.68083727013294
0.6809302797162302
0.6809988237883667
0.6810631789659738
0.6811335277230612
0.6812037587988807
0.6812983414566559
0.6813571100340851
0.6813803993600216
0.6814372195546053
0.6814266148654065
0.6815183453687493
0.6816137241339384
0.6816509055232027
0.6816976422856352
0.6817445517547573
0.6817946707167205
0.6818078254655472
0.6818489727940774
0.6818804680081093
0.6819104001056425
0.6819843370965359
0.6819897292860821
0.6820526714481316
0.6821298153161892
0.682157662603813
0.6822403618124615
0.6822901167214145
0.6823105090709662
0.6823818745994845
0.6824623706749956
0.6824878059486645
0.6825316678009704
0.6826098400947949
0.6826276108461101
0.6826597759817177
0.6827411167526494
0.6828280509591187
0.6828947296565966
0.6829268292698749
0.682947972151022
0.682999771210089
0.6830786982849076
0.6831288477029499
0.6831517456845462
0.6832303532455865
0.6832277244913445
0.6833298098967241
0.6833849686940366
0.6834688112222433
0.6835286292879394
0.68357439635206
0.6836146906875538
0.6836512320354043
0.6836913988815251
0.6837368863233101
0.6837500134549115
0.6837543418174199
0.683769132823632
0.6838000042960123
0.6838291298806181
0.6838745638637955
0.6838982279328348
0.683953682497056
0.6840197394077141
0.6840806252550871
0.6841287719035334
0.6842071577150989
0.6842321241097602
0.6842960067728273
0.6843987102691512
0.6844198237085799
0.6844515272239722
0.6845239674950286
0.6845678161167437
0.6846009951919967
0.6847121616461891
0.6847911199530744
0.6848012264736636
0.6848463399439789
0.6848672300142753
0.6849055708200593
0.6849541013676603
0.6850153227260447
0.6850406957455071
0.6851294021156464
0.6851775977815516
0.6852467104404638
0.6852930841881852
0.6853327883366459
0.6853790207299723
0.6853937875079822
0.6854764929450691
0.6855299587324772
0.6856163024974596
0.685693720757013
0.6857967781771479
0.6858098079959724
0.6858882297837556
0.6859200332740296
0.685942727706422
0.6859708775665855
0.6860181030689398
0.6860477772523312
0.686127266417301
0.6861843058500194
0.6861846799807922
0.6862745098043582
0.6863316038116872
0.6863831455595036
0.6864400663937582
0.6864901337626835
0.6865639378696924
0.6866257302743746
0.6866543681222455
0.6866932295459425
0.6867406829763408
0.6867970183837177
0.6868651165647321
0.6868972789241956
0.6869821395706375
0.6870620703756726
0.6871230498165098
0.6871871284445492
0.6872648099599759
0.6873028893438334
0.6873698625935867
0.6874316439553045
0.6874866571112623
0.687530157505445
0.6875764450320735
0.6876096680298097
0.6876764114191063
0.6877345067309353
0.6878216123512024
0.6879066874974872
0.6879663731402269
0.6880228184869801
0.6880788555070192
0.6881433165650195
0.6882293980476617
0.6882615544885282
0.6882804681160257
0.6883910489316106
0.6884195514860333
0.688492840013949
0.6885215490445321
0.6885871743463062
0.6886389122502173
0.6887190287300773
0.6887809169611839
0.6888342773791705
0.6889106281880181
0.6889653624611506
0.6890330811642297
0.6890776807794324
0.6890892624330289
0.6891352990891313
0.6891899949317898
0.68926721976255
0.6892950521200168
0.6893320840593496
0.6893789659833292
0.6894481266789896
0.6894887052192121
0.6895193377016011
0.6895795571856893
0.6895986734319455
0.6896424185922064
0.6896694459217477
0.6896718122950117
0.6897203251378337
0.6898035243689452
0.6898417003213269
0.6898865923721759
0.689947998429293
0.6899440656113656
0.6899673268233516
0.6900206078586145
0.6900945495819909
0.6901473161469952
0.6902259384781737
0.690288291189721
0.6903246572722941
0.6903722258496764
0.6903990844689702
0.6904413160173221
0.6904826741107015
0.6905490767720522
0.6905850934708118
0.6906095040312433
0.6906499236372733
0.6906936295761512
0.6907033825669988
0.6907548146439295
0.6907726815673872
0.6908131817160382
0.6908514304734794
0.6909270692644064
0.6909399385925707
0.6909961372103032
0.6910459542177182
0.6910424431878117
0.6911254433411729
0.691147726781187
0.6912113330314548
0.69127005059314
0.6913353075912742
0.6913658281981205
0.6914209974778976
0.6914734909337369
0.6915365833838855
0.6915683475225924
0.6916268661713353
0.6916915389686109
0.6917513542865434
0.6917682346202964
0.691796072161752
0.6918619024052147
0.6918786669509683
0.6919147562475202
0.6919486138256257
0.6919984640675081
0.6920387687238225
0.6920629961516196
0.6920777279512673
0.6921302533133902
0.6921827027524985
0.6922180108639308
0.692227871743575
0.6923261831697952
0.6923837784360992
0.6924655471042385
0.6925287491488681
0.6925773961422503
0.6926014118030729
0.6926174496644172
0.692688303159827
0.6927716772364284
0.6928887889784199
0.6928952183949408
0.6929779024914187
0.6930202126409419
0.6930606602613457
0.6931071495249684
0.6931474779891944
0.6932139095764401
0.6932773891907825
0.6932910173067582
0.6933743791970228
0.6934365589805362
0.6934750607181638
0.693544944079612
0.6936082990527661
0.6936587083875583
0.6937414619487653
0.6937778230269844
0.6938215886027217
0.6939030138331879
0.6939608596459854
0.694006571174865
0.6941213904312435
0.6941637289450806
0.6942003757752935
0.6942507788798978
0.6942975396644053
0.6943364491140067
0.6943710935859222
0.6944300393305407
0.6944645723479487
0.6944835266580641
0.6945404917738232
0.6945730970607664
0.6946485984652349
0.6947039359447295
0.6947409285013073
0.6947550500656687
0.6947631991842801
0.6948302029518906
0.6948974990782844
0.6949765828771783
0.6950500093260321
0.6951103111633974
0.6951950110584226
0.6952373603718165
0.6952719619717421
0.6953309491758717
0.6953630685184182
0.6954327358311756
0.6954806783294366
0.6955153849268212
0.6955983593215388
0.6956627724309138
0.6957784855240913
0.6957823178297188
0.6958388330552157
0.6958970341956946
0.6959105632513897
0.6959893540983313
0.696071560142718
0.6961339361463479
0.6961827677176281
0.6962225659655698
0.6962350295037887
0.6962940078174491
0.6963247006617916
0.69637731057067
0.6964333589545274
0.6964786468268094
0.6965520011078117
0.6966087712658631
0.6966583038833758
0.6967033162758431
0.6967616182547676
0.6967922120103736
0.6968161698066189
0.6968902942699903
0.6969558444341075
0.6970403913598985
0.6970968885740273
0.6971338468286647
0.6971786722864971
0.6972257117084147
0.697249653000141
0.6972846661140262
0.6973213733930084
0.6973730065950818
0.6973730035229223
0.6974082444512613
0.6974566458701924
0.6975137817717071
0.6975391420175808
0.6975701920111144
0.6975964029473855
0.6976388041745313
0.6976824749494384
0.6977804071073631
0.6978138439033765
0.6978708505633092
0.6979593086316577
0.6979820892416165
0.6980297266274977
0.6980873482135476
0.6981627525583594
0.6982071322416561
0.6983093965478856
0.6983958383215119
0.6984878277983675
0.6985422943299712
0.6985949637653951
0.6986249625518125
0.6986718617788689
0.698782015983271
0.6988174731426762
0.6988481357967933
0.6989194265199843
0.6989339849073546
0.6990008038506346
0.6990498401999261
0.6990905991169035
0.6991451221938719
0.6991844686994004
0.6992138534107762
0.6992767972460846
0.6993202839342282
0.6993779046508898
0.699456932699485
0.6995483156278904
0.6995936686108254
0.6996376733893239
0.6997017585955569
0.6997559095578106
0.699765485251201
0.6998024171845723
0.6998602450652982
0.699890232392491
0.6999342672507545
0.7000008531210064
0.7000635169625843
0.7001376043219227
0.7001924354142933
0.7002408182732115
0.7003282536228052
0.7003556571572471
0.700408502975645
0.7004409212261372
0.7004618457713333
0.700519188793465
0.7005527435978306
0.7006184205503563
0.7006531358135706
0.7007427636569616
0.7008111533602459
0.7008790225176402
0.7009510227512887
0.7009731990753939
0.7009966077420942
0.7010435617545964
0.7011098064483153
0.7012070995965077
0.7012382729751393
0.7012509136141234
0.7012992464779684
0.7013554728619025
0.7014275831694122
0.7014555784612129
0.7015007243987706
0.7015190191226118
0.7015970860195041
0.7016487305415727
0.7017241235268364
0.7017881441557201
0.7018466685297674
0.7018872014662932
0.7018939141445814
0.7019651927738246
0.7020376234218164
0.7021028863220772
0.7021289858736669
0.7022078062329982
0.7021947737181179
0.7022332094505712
0.7022571351570934
0.7023013029001575
0.702382233851211
0.7024506497977352
0.7024826536793984
0.7025484629480071
0.7026125166249977
0.7026191537468833
0.7026930041305806
0.702726766833585
0.7027922190274024
0.7028135266675087
0.702830693270156
0.7029054037409191
0.7029307099929882
0.7029683046810463
0.7030427894838619
0.7030667448682525
0.7031041846872795
0.7032169791596651
0.7032817220843395
0.7032891049141805
0.7033578122690317
0.70340070449535
0.7034377986338642
0.7034899619226707
0.7035298244479158
0.7035981721745431
0.7036611547714025
0.7036890768939765
0.7037177186694573
0.7037434633748691
0.7038114705825375
0.7038420924393749
0.7038880072107014
0.7039395758598949
0.7040239670478176
0.7040680314555916
0.7041205932470465
0.7041718933356482
0.7042093471845923
0.7042305889224393
0.7042824658397169
0.7043214311688878
0.7043425643943486
0.7043847412920364
0.7044110299923286
0.7044538488464896
0.7045018289834376
0.7045843002109541
0.7046482184863118
0.7046976361169934
0.7047132356794955
0.7047460483006212
0.7047828300837786
0.7048280394119415
0.7048366944847972
0.7048898209453257
0.7049652425014727
0.7049737979240236
0.705014301462217
0.7050719025251819
0.705145853036329
0.7051723244171786
0.705221754190447
0.7052790887533658
0.7053606967153068
0.7053734098175813
0.7054059856261653
0.7054509045129902
0.7054850276592095
0.7055408279875556
0.7056009899508644
0.7056634137459142
0.7056877782900745
0.7056906899760041
0.7057308358827123
0.7057993135431335
0.7058439967411352
0.7058958277366914
0.7059222887067796
0.7059396684029235
0.7059846244844549
0.7060622059724538
0.7061267242373787
0.7061714888372633
0.7062173557344518
0.7062682530904397
0.7062853551243407
0.7063024368781085
0.706304955995147
0.7063667592130953
0.7064218026180867
0.7064488964598452
0.7065088896377769
0.7065849288377014
0.7066408617304187
0.7067118893102525
0.70673253407205
0.7067859916731787
0.7068256017619886
0.70688351278183
0.7069413547643357
0.7070185958154326
0.7070701174800568
0.7071087725016028
0.7071597088099667
0.7072309515008937
0.7072623442762289
0.7073119631265224
0.7073460129139242
0.7073977911282402
0.7074666057308195
0.7075496893823164
0.7075917293642423
0.7076641743138986
0.7077144800064359
0.7077840334241009
0.707821979345908
0.7078510404417092
0.7078795915453087
0.707940054703836
0.7079855228714756
0.7079820372400991
0.708038488756547
0.7080794997232498
0.7081539129319501
0.7082063251944023
0.7082426879385907
0.7082949874237969
0.7083718167360371
0.7084474404896952
0.7085076655107159
0.7085459818031291
0.7085941293667242
0.7086667430955111
0.7087338596047298
0.7087387163900953
0.7087778994198057
0.7088033793762363
0.7088740712500488
0.7089294486344366
0.7089478110932967
0.7089981704685216
0.7090495776677599
0.7091155004935584
0.7091895627360528
0.7092499478223524
0.7092972981204899
0.7093575519584963
0.7094025836282434
0.7094611222785057
0.709467104095182
0.7095417638919482
0.7095979257531839
0.7096735201115136
0.7097268625974933
0.7097828219562962
0.7098413943405485
0.7098972250393981
0.7099534813663919
0.7099861089642172
0.7100304751893148
0.710083401641714
0.7101314202172997
0.7102094319501328
0.7102460631748945
0.71031799627528
0.7103781084048157
0.7104777965164505
0.7105752016841101
0.7106617605752681
0.7107295173975302
0.7107678732360363
0.7108099220502461
0.7108497630290627
0.7108981034591649
0.7109090841268594
0.7109318201321789
0.7109480673850495
0.7110015380756952
0.7110741390035283
0.711091933073828
0.7111611773468024
0.7112404180909399
0.711269723967025
0.7113186258496835
0.7113886580829725
0.7114618204992992
0.7114882990216245
0.7115078395216319
0.7115427319450346
0.7115748823708328
0.7116049346221971
0.7116328219692487
0.7117071207290318
0.7117665729214604
0.7118285836548992
0.7118684057215054
0.7119276668937733
0.7119747535593951
0.7120159874605201
0.7120430210375086
0.712113079922884
0.7121856767047487
0.7122062279699131
0.7122640124508497
0.7123033922201594
0.7123610581559274
0.712440643684439
0.7124751445580727
0.712526351229811
0.7125753978817639
0.7126494770391348
0.7127125115536295
0.7127467663850275
0.712779430283669
0.7128256008621194
0.7128920419552555
0.7129365469773661
0.7130064928669322
0.7130669927654766
0.7130863694557109
0.7131493512403317
0.7131811112877278
0.7132232245298681
0.7132943277356179
0.7133135268298143
0.7133673902257256
0.7134284658248297
0.713485323145696
0.7135400642101412
0.7135880182315697
0.7136178413496018
0.7136662257967881
0.713730546559631
0.7137793243343599
0.7138435118890616
0.7138880575740598
0.7139351262917123
0.7139425241415859
0.7139838516303967
0.7140328406727601
0.71404273986517
0.7140849727259534
0.7141158722777317
0.7141575034370861
0.7142416338068819
0.7143087669974408
0.7143737791868533
0.7143844767844895
0.7143966977049603
0.7144569561752826
0.7145013106919682
0.7145742114229794
0.7146291711736336
0.7146733600150182
0.7147353433405184
0.714780443963748
0.7148478993961349
0.7149152808080933
0.7149581794822494
0.7150025623480093
0.7150296110576299
0.7150708501323169
0.7151328669354124
0.7151871988167967
0.715247559893897
0.7152880747500673
0.715369588418163
0.7154550479779861
0.7155136082744846
0.7155311557551226
0.7155744548407983
0.71563133125807
0.7156826020595489
0.7157161576557225
0.7157506804167304
0.7157801518504994
0.7158131186472791
0.7158561041531859
0.715873384903389
0.7159047300497009
0.7159511166927577
0.7159733554655576
0.7159875004813442
0.7160106941720938
0.7160363776793819
0.7160660202204994
0.716107149493191
0.7161577563527649
0.7162083089533895
0.7162648176380338
0.7163037657480644
0.7163566653513187
0.7164050208043613
0.7164707979102889
0.7165235249549619
0.7165752066562466
0.7166268339065532
0.7166485332853281
0.7166896119024002
0.7167575287796071
0.7167900340537718
0.7168617680227289
0.7168862425421435
0.7169533886961496
0.7170383598465384
0.7171003743314569
0.7171559066248197
0.7171979603858348
0.717234541193024
0.7172701032916153
0.7173081118928868
0.717362935582393
0.7174285328769574
0.7174614371238939
0.7175042249402539
0.7175553007181472
0.7176275633513717
0.717638168583407
0.7176861715864662
0.7177203365590261
0.7177707190679566
0.7178510677851896
0.7178806807409396
0.7179127323996727
0.7179717260037135
0.7180586767831048
0.7181121616630809
0.7181543256684789
0.7182165010683786
0.7182644596915877
0.7183215891640468
0.7183723383826787
0.7183838784984607
0.7184286618674626
0.7184616436927396
0.7185053770070972
0.7185500264796257
0.718631230644745
0.7186713947794773
0.7187198318954916
0.7187877176102153
0.7188175157623053
0.7188594160850964
0.7189071239171743
0.7189547820747763
0.718996544971456
0.7190586571841744
0.7190872680227249
0.7191347335701307
0.719193818230333
0.7192436190983
0.7192715413626282
0.7193033578393326
0.7193428654644695
0.7193958718359267
0.7194454405805433
0.7194746701456454
0.7195164402841145
0.7195716795023731
0.7196398306519557
0.7196809156823222
0.7197359856177109
0.7197780527004347
0.7198070074373404
0.7198393000884786
0.7198869086693336
0.7199421381970595
0.7199939478521645
0.7200294387458891
0.7200591159513523
0.7200825863650377
0.720139988724191
0.7201839169864398
0.7202296754625215
0.720299376523607
0.7203455665689928
0.7203548945275768
0.7203794639874732
0.720468070877249
0.7205083307135869
0.72056578881344
0.7206298655319925
0.7206614438029882
0.7207129993998161
0.7207735716357518
0.7208450075496435
0.7209015806606693
0.7209556963718705
0.7209993912613915
0.7210700250695382
0.7211387327974117
0.7211818864239241
0.7212286997563457
0.721300542166888
0.7213268067481766
0.7213777147232331
0.7213831123026633
0.7214173838481538
0.7214644818122807
0.7215100681104623
0.7215366913316064
0.7215921108311475
0.7216162830651641
0.7216664685781631
0.7217263328812326
0.7217791674070696
0.7218394593721875
0.7218687499381649
0.7218945434044797
0.7219199410179141
0.721979128281193
0.7220283916972032
0.7220856395391634
0.7221455697063448
0.7221937653108756
0.7222371728777204
0.7222772569508493
0.7223214900440722
0.7223367337250158
0.722405277225685
0.7224335596607008
0.7224612666274085
0.7225103836239058
0.7225567301503961
0.7225950417524198
0.7226483794584149
0.7226945886966333
0.722735680705075
0.7227640447250308
0.7228166461909187
0.7228339120837828
0.7228450030131702
0.7228904292357509
0.7229396113703971
0.7229813422273392
0.7230058847788975
0.7230610833037525
0.7231086367272461
0.7231413673713588
0.7231758612769155
0.7232232864952028
0.7232924466599477
0.7233306024116215
0.723402533674247
0.7234650335938148
0.7235163257507189
0.7235657797389046
0.7236128473740493
0.7236525186747992
0.7236950383234745
0.7237296226782269
0.7238034135668986
0.7238083576054399
0.723857498526698
0.7239012580988357
0.7239303285671861
0.7239954201349584
0.7240522442998305
0.7240988204915928
0.7241491158796284
0.7241932739936386
0.7242324104051091
0.7242820128024706
0.7243198543523282
0.7243821801360621
0.724405692035163
0.7244309453115146
0.7244844099360548
0.724505847970439
0.7245501901478943
0.7245802775128474
0.7246405036802325
0.7246719511854128
0.7247338304797695
0.7247788315952925
0.7248069796400834
0.7248191758018607
0.7248831701356764
0.7249193409806296
0.7249583381032367
0.7250007946842012
0.7250559184589155
0.7251187693732081
0.7251711649332959
0.7252174795834644
0.7252412375955087
0.7253056192120264
0.7253229761297229
0.7253777563886108
0.7254347791712233
0.7254578181028685
0.7254871582474758
0.7255207460937171
0.725574989499655
0.7256358039308491
0.7256836291874966
0.7257408721737567
0.7257880433059172
0.7258208357878237
0.7258530377975945
0.7258860715673228
0.7259376504537863
0.7259608731201014
0.7260172339522503
0.7260829672671341
0.7261083681930204
0.726140023734384
0.7261554005474643
0.7261735999557507
0.7261952156914021
0.7262196459350864
0.7262622846085418
0.7262949317100196
0.7263451676558269
0.7264064498543108
0.7264364151317242
0.7264626670781703
0.7265050684232786
0.7265349439677562
0.7265750039789223
0.7266334447651895
0.7266547183031683
0.7266796479452495
0.726723528552051
0.7267495424626286
0.7267831643505177
0.7268317407423844
0.7268568160716531
0.726919145945188
0.7269613764052705
0.7270001769057205
0.7270403494269666
0.7270830232693312
0.7271355164232355
0.7271516326815632
0.7272003864219921
0.7272490939853464
0.7272898815250368
0.7273272586181438
0.7273834248148385
0.7274033115001417
0.7274534928594135
0.7274966129550398
0.7275551154770724
0.7275939469418553
0.7276330184719574
0.7276639394748271
0.727721141325569
0.7277617746287449
0.7277951065233546
0.7278608280687083
0.7279127944118922
0.7279423735603534
0.7279964875447844
0.7280497161278179
0.7281081959859541
0.7281543574804407
0.7281806898474198
0.7281986405673374
0.7282355102435962
0.7282664912071034
0.7283149648667421
0.7283595049422323
0.7284009473626633
0.7284645624812741
0.7285006396332361
0.7285733031809725
0.72859792217221
0.7286618921706133
0.7286875803740493
0.7287157243245327
0.7287643288852798
0.7288145393479639
0.7288525358119706
0.7289040504461028
0.7289579889145515
0.7289853619700218
0.7290461067619115
0.7290814406592491
0.729101575536258
0.7291475904882048
0.7292078952888964
0.7292576683750206
0.7292991316317882
0.7293556880413502
0.7294075297479499
0.7294502530760323
0.7295209542863492
0.7295515029971673
0.7295836566566776
0.729632256410255
0.7296832579210126
0.7297386123483629
0.7297870737350267
0.7298264534273653
0.729868237222781
0.7299091691573272
0.7299719331775902
0.730023754396261
0.7300558733079403
0.7300687956223197
0.7301071103633616
0.7301303831080298
0.7301716353212263
0.7302242733386203
0.7302730569796057
0.730321795900998
0.7303653084304604
0.7303998012558299
0.7304290851654085
0.7304776629133153
0.7304933164375581
0.7305171136280015
0.7305647800812398
0.7305920807190892
0.7306328993040989
0.7306747148928603
0.7307319690556477
0.7307683139752574
0.7307972945965392
0.730867122913542
0.7309212092382209
0.7309522534866881
0.7309941346622205
0.731018949109152
0.7310385999948511
0.7310895180777565
0.7311350289470434
0.7311494665424259
0.7311905743106467
0.731232441527937
0.7312740489307141
0.7313112890248796
0.7313420026145917
0.7313835058421693
0.7314354313174205
0.7314888976263483
0.7315283378342433
0.7315580910562913
0.7316082607465461
0.7316452185798842
0.7316821435016135
0.7317176695264118
0.7317472710426824
0.7317656413333119
0.7317951948406665
0.7318557225778394
0.7318873612203319
0.731937397475802
0.7319881762494582
0.7320426330534686
0.7320999759312771
0.7321408135808753
0.732161293346827
0.7322001301668644
0.7322395083904102
0.7322614849258969
0.7323111515823741
0.7323592072726096
0.7323822533974907
0.7324392126609532
0.732473316891375
0.7325089536586292
0.7325554572480216
0.7325910251735421
0.7326244238262669
0.7326758657715933
0.7327089946145254
0.7327589974250749
0.7327973068612815
0.7328530469076583
0.7329042732410148
0.7329453745953585
0.732966090608985
0.7330243640262432
0.7330624526247814
0.7331005071688168
0.7331247932535607
0.7332012657576321
0.733257954631639
0.733300297614048
0.7333410575441685
0.7334062949685999
0.733433852615299
0.7334787425779552
0.7335324579970792
0.7336009664857853
0.7336255012339429
0.7337006427891448
0.7337245314733841
0.7337685942753024
0.7338003149083103
0.7338435374121428
0.7338851880851802
0.7339246885994347
0.7339618567845015
0.7339940033220916
0.7340347506415924
0.7340670208606311
0.7341105743641954
0.7341634710627833
0.7342006207494091
0.7342490364179839
0.7342981726339421
0.7343459223566318
0.7343722233980923
0.7344399529051057
0.7344839534580522
0.7345206710705804
0.7345502925527699
0.7345962889214332
0.7346287106051983
0.7346647197785302
0.7347027959512699
0.7347859353422321
0.7347832166675001
0.7347890578175039
0.7348085674236362
0.7348444041677311
0.7348853241711107
0.7349417831503592
0.7349790232917391
0.7350261027925354
0.735062519732226
0.7350875347891462
0.7351274868005562
0.7351766757335579
0.7352186403556654
0.7352634058005793
0.7353081321432797
0.7353371436373565
0.7353725476853362
0.7354205851047648
0.7354614206291598
0.7355108763933389
0.7355482253919527
0.7355840468764858
0.7356333859982935
0.7356700494974296
0.7357213862873955
0.7357613874993321
0.7358282402493674
0.7358922144907059
0.7359110259060776
0.735969272738611
0.7360141288251251
0.736054643944851
0.7361086095132635
0.736158972441675
0.7362246791625241
0.7362854492793378
0.7363336011660214
0.7363647085893295
0.7363881083810646
0.7364429392739898
0.7364859179834538
0.7365462680523738
0.736580021068902
0.7366279004600954
0.7366468531200995
0.7366931884049467
0.736740808296772
0.736785591452002
0.7368296009787807
0.736857545180207
0.7368986944046342
0.7369343717766894
0.7369761874192563
0.7370207567465829
0.7370541364855889
0.7371090495107372
0.7371529170588925
0.7371793086893491
0.737219593652797
0.7372695102515766
0.7372943571239696
0.7373121633090984
0.7373627075844484
0.7374026890174241
0.7374391320549316
0.7374756839693838
0.7375122048640965
0.7375749661070026
0.737619001424043
0.737642880488936
0.7376779528203589
0.7377336868970261
0.7377700061102799
0.7378035289596705
0.7378396534398397
0.737881999230777
0.7379264816341784
0.7379882160027361
0.7380381355611125
0.7380527409090705
0.738086768530016
0.7381281836404678
0.738161429414943
0.7381911720581056
0.7382408809340775
0.7382795408919928
0.7383070372292846
0.738347667336392
0.738394479149985
0.7384220213699852
0.7384612427413678
0.7385222637576507
0.7385524615430407
0.738590861717254
0.7386407873431396
0.7387030653155313
0.7387167020446282
0.7387522314847985
0.7388047446777236
0.7388497219129663
0.7388783758624393
0.738891910878113
0.7389546162496775
0.738979032781794
0.7390130440270201
0.7390483311562392
0.7390576156125271
0.7390764952094184
0.739112422972137
0.7391482023332391
0.7391909371908552
0.7392315062860586
0.7392774834663639
0.7393050928100257
0.739346980940383
0.7393826905471268
0.7394462417701896
0.7394873103767896
0.7395229164621692
0.7395590860526194
0.7396047739514334
0.7396517232198743
0.7397027543351523
0.7397259531867024
0.7397727949587519
0.739785825048315
0.739828601112319
0.7398611193694332
0.7399024232049137
0.7399519074931973
0.7399837417230304
0.7400135519243812
0.7400392359030725
0.7400702935572778
0.7400898398927119
0.7401330329142851
0.7401647139363344
0.7402132260466141
0.7402448478540629
0.7402737529220923
0.7403153837632396
0.7403637536845379
0.7404006363756777
0.7404441531285931
0.7405037458673216
0.7405358542453307
0.7405959561233612
0.7406239272256498
0.740669251017079
0.7407039188754254
0.7407331015392689
0.7407790204821719
0.7408102306635607
0.740844784038918
0.7408832716429353
0.7409230160534434
0.7409559998488793
0.7409950878698536
0.741036718216899
0.741073072829567
0.7411180919620732
0.7411476695157206
0.7412019981813117
0.7412335862879184
0.7412591323965843
0.7413086192305057
0.7413367752898885
0.7413742651131503
0.7414223604987507
0.7414962189184929
0.7415228793218496
0.741577450278214
0.7416040566050701
0.7416532430390611
0.7417023895390648
0.7417554298702896
0.7417892764288383
0.7418349746843789
0.74186602680987
0.7418897954694333
0.741905691884684
0.7419261830018847
0.741960560343081
0.7419895387567691
0.7420343461016823
0.7420593524925801
0.742087659417954
0.7421284568327354
0.7421685412187254
0.7422052770818621
0.7422624711048231
0.7422794214480134
0.7423029013391702
0.7423276384026293
0.7423477711720692
0.7423718737865316
0.7424163145545425
0.7424489323925999
0.7424848277836755
0.742496382451738
0.742540702592324
0.7425863385540353
0.7426312628061807
0.7426852898187676
0.7427255714995119
0.7427624512026785
0.7428013230606633
0.7428415105967267
0.7428725444756745
0.7429205183354018
0.7429500772672201
0.7429934266447449
0.7430386824081279
0.7430532341619199
0.7430841079990546
0.7431338216512581
0.7431802175453749
0.7432200937083577
0.7432606072261722
0.7432971453393407
0.7433199645780307
0.7433688677133247
0.7434189982478863
0.7434600187790719
0.7435256736899108
0.7435737491917925
0.7436230521042392
0.7436444144339426
0.7436871931808817
0.743731867700841
0.7437596138121959
0.7437996385472095
0.7438319203188042
0.7438570036930262
0.7439054394583534
0.7439350517878189
0.743981429961386
0.744020673489909
0.7440605477657808
0.7441164991344259
0.7441498143569221
0.7441940949167143
0.744229274831233
0.7442605266737653
0.7443150305036503
0.7443636748057298
0.7443987916062362
