0.8666666666666666
1.0000000000000007
0.6666666666666666
1.0
0.0
0.9999999999999996
0.875
0.9285714285714283
0.0
1.0
0.9999999999999999
0.7419354838709672
0.9814814814814804
0.8400000000000002
1.0
0.9655172413793099
0.6666666666666666
0.9230769230769229
0.8421052631578941
0.8421052631578945
0.8965517241379307
0.9166666666666663
1.0
0.9230769230769229
0.8999999999999999
1.0000000000000004
0.0
0.8055555555555558
0.6000000000000001
0.0
0.6666666666666666
0.9999999999999999
0.8888888888888891
0.0
1.0
0.0
0.9772727272727266
0.9999999999999999
0.8999999999999999
0.75
0.0
1.0
0.9433962264150942
1.0
0.0
0.0
1.0
0.999999999999999
0.9999999999999993
0.5
0.0
0.0
0.6666666666666666
1.0
1.0
0.0
0.869565217391304
1.0
1.0000000000000002
1.000000000000002
1.0
0.9864864864864851
0.5
1.0
0.0
1.0000000000000002
0.5
0.75
0.9729729729729721
0.0
0.7142857142857142
1.0
0.0
0.9090909090909093
0.0
0.7692307692307689
1.0000000000000004
0.6666666666666666
0.75
1.0
0.0
1.0
1.0
0.9999999999999986
0.9677419354838703
0.9516129032258057
1.0
0.9999999999999999
0.0
0.0
0.0
0.0
0.9459459459459452
1.0
0.8888888888888892
0.75
0.7931034482758619
1.0
0.8000000000000002
0.9999999999999984
0.35135135135135137
0.9999999999999999
0.8333333333333333
0.9999999999999997
0.9999999999999999
0.0
0.0
1.0
0.3333333333333333
0.65
0.0
0.0
0.9999999999999999
0.9999999999999997
1.0000000000000002
1.0
0.6666666666666666
1.0
0.990566037735849
0.0
0.9999999999999999
0.857142857142857
0.7446808510638299
0.869565217391304
1.0
0.0
0.9999999999999994
0.9090909090909088
1.0000000000000002
1.0
1.0
0.8888888888888892
0.9444444444444448
1.0
0.9411764705882354
1.0
0.9285714285714293
0.9999999999999996
1.0
0.0
1.0000000000000002
1.0
1.0
0.973684210526315
0.8333333333333333
0.8888888888888891
0.9436619718309851
1.0000000000000007
1.0
0.0
0.6000000000000001
0.0
0.9032258064516123
0.9999999999999999
0.9516129032258057
0.9166666666666667
0.9552238805970159
0.5
1.0
1.0
1.0
0.0
1.0
0.9890109890109875
0.0
0.8888888888888884
0.9999999999999996
1.0
1.0
0.9600000000000003
0.9615384615384611
0.6428571428571427
1.0
0.0
0.0
0.0
0.9200000000000003
0.8823529411764707
0.9642857142857153
1.0
1.0
0.777777777777778
0.9649122807017558
0.0
0.8333333333333333
1.0000000000000002
0.0
0.0
1.0
0.0
0.9607843137254909
1.0
0.9130434782608691
1.0000000000000002
1.0
1.0
0.0
0.0
0.5499999999999999
0.75
0.0
0.7222222222222224
1.0
1.0000000000000002
1.0000000000000002
1.0000000000000004
1.0
1.0000000000000004
0.3333333333333333
0.9999999999999999
1.0
0.0
0.9999999999999999
1.0
1.0
0.0
0.9999999999999999
0.8200000000000004
1.0
1.0
1.0
1.0
0.9230769230769229
0.0
1.0
0.9824561403508787
0.9999999999999996
0.9999999999999999
0.0
0.0
1.0
1.0000000000000002
0.43902439024390255
1.0
1.0000000000000002
1.0000000000000002
0.9999999999999998
1.0
0.8888888888888891
0.9999999999999998
0.8888888888888891
1.0
1.0
1.0
1.0
0.3333333333333333
1.0000000000000002
0.0
0.6
0.9999999999999999
1.0000000000000004
0.0
1.0
0.6666666666666667
0.0
0.9999999999999991
0.0
1.0
1.0
1.0
0.652173913043478
1.0
0.875
1.0
1.0
1.0
0.9999999999999999
0.9999999999999999
0.2857142857142857
0.9767441860465123
0.75
1.0000000000000004
1.0000000000000002
0.5
1.0
0.0
1.0
1.0
0.75
1.0
0.0
0.9285714285714283
1.0
0.9999999999999973
1.0
1.0
0.0
0.9999999999999999
0.0
1.0
1.0
1.0000000000000002
0.8571428571428578
0.9285714285714283
1.0
1.0
0.8333333333333333
1.0
0.9999999999999997
1.0
0.9999999999999999
0.9083969465648868
0.5
1.0000000000000004
0.4705882352941177
0.9999999999999998
0.0
0.9565217391304344
0.8461538461538466
0.9090909090909093
0.0
0.9722222222222225
1.0
1.0
0.9999999999999996
1.0
0.0
0.857142857142857
0.1875
0.0
0.0
0.9999999999999999
1.0000000000000002
0.0
0.5
0.8333333333333333
1.0
0.9863013698630156
0.833333333333333
1.0
1.0
1.0
0.875
1.0
1.0
1.0000000000000002
0.857142857142857
0.0
0.9444444444444448
0.8999999999999999
0.9555555555555559
0.9999999999999996
1.0
0.41666666666666663
0.6666666666666666
0.8
1.0
0.0
0.0
1.0
1.0
1.0
0.9999999999999999
0.9629629629629624
1.0
1.0000000000000002
0.75
0.7777777777777779
0.971428571428569
0.9999999999999992
0.9000000000000002
0.0
0.9999999999999996
1.0
0.9444444444444434
0.8999999999999987
0.936507936507935
1.0
0.0
0.9375
0.0
1.0
0.5636363636363637
0.7575757575757571
0.8749999999999997
1.0000000000000004
0.7
0.9333333333333332
1.0
0.0
1.0000000000000004
0.25
1.0
0.9878048780487811
0.9791666666666673
1.0
0.9411764705882354
1.0
0.0
0.9230769230769229
0.5714285714285714
0.0
0.8999999999999999
1.0
0.9999999999999997
0.8333333333333333
0.75
1.0
0.3333333333333333
0.9787234042553196
0.0
1.0
0.9694656488549632
0.0
0.0
0.41935483870967727
1.0
1.0
0.25
0.6000000000000001
1.0
0.0
0.9541284403669699
0.9999999999999998
0.6666666666666666
0.0
1.0
1.0
0.90625
0.9999999999999993
1.0
0.8333333333333333
0.5833333333333333
1.0
1.0
0.0
1.0
0.6666666666666666
0.8888888888888892
0.0
1.0
1.0
1.0
1.0
1.0
0.9999999999999999
0.9999999999999993
0.7959183673469393
0.9428571428571431
0.9302325581395354
0.8333333333333334
0.9166666666666667
1.0
0.9800000000000005
0.8947368421052628
0.9518072289156638
0.9607843137254909
1.0
0.9999999999999996
0.9180327868852466
0.7999999999999999
1.0000000000000002
1.0
0.9523809523809528
1.0
0.9166666666666667
1.0
0.9661016949152532
0.7692307692307692
1.0
0.9629629629629624
1.0000000000000002
0.9999999999999999
0.0
0.8928571428571426
0.75
1.0
0.36363636363636365
1.0
0.4166666666666667
0.0
0.9749999999999985
0.875
0.0
0.6666666666666665
0.9999999999999991
1.0
0.8
0.8472222222222211
1.0
1.0000000000000002
0.989361702127658
0.7142857142857141
0.9487179487179492
0.0
1.0
0.9999999999999997
0.0
1.0
0.9999999999999999
1.0
0.7142857142857144
0.0
0.9230769230769229
0.9999999999999999
0.9999999999999998
0.9999999999999997
0.8571428571428569
0.6666666666666667
0.0
0.939024390243903
1.0000000000000002
1.0
0.90625
1.0
1.0
1.0000000000000002
0.0
0.9999999999999999
1.0
0.0
0.0
0.75
0.9500000000000003
0.9999999999999993
1.0
0.8
1.0000000000000004
0.0
0.9999999999999999
1.0
0.7755102040816332
1.0
1.0
1.0
0.9285714285714295
0.7419354838709672
1.0
0.3333333333333333
1.0
1.0000000000000002
0.0
0.9999999999999999
1.0
0.875
0.0
1.0
0.9473684210526309
1.0
0.0
0.8888888888888891
0.9999999999999999
1.0
1.0
0.9999999999999992
0.0
1.0
1.0
0.9999999999999993
1.0
1.0
1.0
0.75
0.9047619047619051
0.7142857142857142
1.0
1.0000000000000002
1.0
1.0
0.0
0.0
0.0
0.8333333333333333
1.0
0.8333333333333334
1.0000000000000007
0.8076923076923074
0.7272727272727274
1.0
0.857142857142857
1.0
1.0000000000000002
0.9999999999999996
0.7999999999999999
0.0
0.9999999999999999
1.0
0.5882352941176471
0.9565217391304344
0.0
1.0
0.9999999999999998
0.8
0.9130434782608684
0.9500000000000005
0.9999999999999998
1.0
0.0
1.0
1.0
0.944444444444443
0.9999999999999998
0.7142857142857141
0.8108108108108097
1.0
1.0
1.0000000000000002
1.0
0.9999999999999996
0.9016393442622957
1.0
0.9710144927536218
1.0
0.9772727272727267
0.9705882352941178
0.0
0.0
0.8999999999999987
0.875
1.0
0.9999999999999998
0.9333333333333332
0.7
1.0
0.9090909090909093
1.0
0.8809523809523816
0.0
1.0000000000000002
0.5
0.0
0.0
0.0
0.846153846153846
1.0
1.0
1.0
0.875
0.964285714285714
0.9090909090909085
0.7142857142857142
0.07692307692307693
1.0
0.9999999999999998
1.0
0.9583333333333329
0.9999999999999997
0.9473684210526312
0.9795918367346946
1.0
0.6792452830188679
0.0
1.0
1.0
0.8999999999999999
0.9411764705882354
0.8703703703703695
0.0
0.9629629629629624
1.0
0.875
0.7333333333333333
0.857142857142857
1.0
1.0
0.0
0.9375000000000006
0.4545454545454546
0.9500000000000003
0.7222222222222224
1.0
0.6666666666666666
1.0
0.9999999999999999
0.9999999999999997
1.0
1.0000000000000002
0.0
0.0
1.0
0.9615384615384623
0.9534883720930238
1.0
0.99609375
0.8452380952380943
0.8421052631578945
1.0
0.9999999999999999
0.8947368421052628
0.25
1.0
1.0
1.0
0.9000000000000002
0.0
0.0
1.0
0.0
0.0
1.0
1.0000000000000002
1.0
1.0
0.875
0.5555555555555556
0.9186991869918717
1.0
1.0000000000000002
0.8333333333333333
1.0
0.7692307692307692
0.743589743589744
0.5
0.0
0.0
1.0
0.8
0.947368421052633
0.8888888888888891
1.0
0.8846153846153842
0.6666666666666666
0.9999999999999999
1.0
0.9999999999999998
0.942528735632183
0.9999999999999999
1.0
0.9999999999999998
0.9666666666666666
1.0
0.9487179487179492
0.0
0.25
1.0
0.0
1.0
1.0
1.0000000000000002
0.8571428571428569
0.9999999999999993
1.0
0.9999999999999996
0.9393939393939388
1.0
1.0
0.8113207547169811
0.0
0.9999999999999997
1.0
1.0
0.8333333333333333
0.9210526315789467
0.8437499999999991
0.6538461538461536
1.0
0.9230769230769229
0.0
0.9411764705882354
0.875
0.9999999999999999
0.8000000000000004
0.9999999999999998
0.0
1.0000000000000002
0.9444444444444448
0.0
0.8888888888888892
1.0
1.0
0.9714285714285699
0.0
0.9999999999999999
0.9285714285714272
1.0
0.9999999999999999
1.0
0.857142857142857
1.0
0.8
1.0
0.9999999999999998
0.9814814814814804
0.7499999999999998
0.6666666666666666
0.6666666666666666
0.9999999999999999
0.9473684210526309
0.8888888888888891
0.8823529411764707
0.857142857142857
1.0000000000000002
0.0
0.0
0.9890109890109875
0.9574468085106387
0.9999999999999997
0.0
1.0
0.0
0.9999999999999999
0.9999999999999999
0.0
1.0
1.0
0.9259259259259254
0.9999999999999999
1.0
0.0
0.9565217391304344
0.9818181818181791
0.8333333333333333
0.8571428571428569
0.8148148148148144
0.0
1.0
0.9444444444444448
1.0
1.0000000000000004
1.0000000000000002
0.9999999999999999
1.0
1.0000000000000002
0.0
1.0
0.0
1.0
0.6000000000000001
1.0
1.0
1.0
0.875
0.9375
0.0
0.0
0.9310344827586203
0.0
1.0000000000000004
0.9268292682926834
0.9230769230769229
1.0000000000000002
0.9264705882352926
0.0
0.857142857142857
1.0000000000000002
0.0
0.8958333333333338
0.8837209302325586
0.7272727272727274
0.7325581395348845
0.9615384615384611
0.9999999999999996
0.906976744186047
0.8928571428571426
1.0
0.9999999999999998
0.5
0.9696969696969691
1.0
0.7500000000000003
0.0
0.8800000000000002
0.0
1.0
1.0
1.0
0.5
1.0
0.25
0.0
0.9999999999999999
1.0
1.0
1.0
1.0
0.9545454545454543
0.9230769230769229
0.9999999999999999
1.0
0.7
0.0
1.0
0.9999999999999996
0.0
1.0
0.9999999999999996
1.0000000000000004
0.9999999999999999
1.0
0.9473684210526312
0.0
0.0
0.0
0.9557522123893818
1.0
0.9591836734693885
0.9500000000000005
1.0
0.9999999999999999
0.966666666666668
0.5714285714285713
0.8518518518518514
0.9200000000000003
1.0
1.0000000000000002
1.0
0.4999999999999999
1.0
0.75
0.0
1.0
1.0
0.9302325581395354
0.9999999999999997
1.0
0.9166666666666667
1.0
1.0
0.014925373134328358
1.0000000000000004
0.0
0.9651162790697686
0.0
0.0
0.7333333333333333
0.9999999999999998
0.9166666666666667
0.0
0.9166666666666667
0.0
0.9999999999999999
0.9999999999999999
0.7027027027027024
0.8571428571428569
0.9444444444444448
0.8
0.0
0.0
0.0
1.0
0.0
0.9512195121951225
0.954545454545454
0.9375
0.9444444444444448
1.0
0.9600000000000003
0.9999999999999999
0.9411764705882354
1.0
0.0
1.0
0.9761904761904769
1.0
0.6666666666666666
0.969696969696969
0.0
0.857142857142857
0.7142857142857142
0.0
1.0
0.0
0.962025316455695
0.6666666666666666
0.981132075471698
1.0
0.0
0.0
0.9193548387096767
0.9999999999999999
0.6666666666666666
1.0000000000000002
1.0
1.0
0.0
1.0
1.0
0.8461538461538466
1.0
0.8571428571428569
0.6666666666666666
1.0
1.0
1.0
1.0000000000000002
1.0
0.8474576271186434
1.0
0.8823529411764707
0.7692307692307692
1.0
0.9756097560975615
0.9827586206896559
0.7272727272727274
0.9666666666666666
1.0
1.0
1.0
0.9565217391304344
0.9512195121951225
0.851851851851851
1.0
0.0
1.0
0.9999999999999997
0.0
0.8983050847457619
0.9130434782608692
0.0
1.0
0.9090909090909093
0.875
0.9333333333333332
0.9375
1.0
1.0
0.9999999999999996
0.9999999999999999
0.9178082191780839
1.0
0.9999999999999998
0.8214285714285712
1.0
0.9999999999999997
0.9333333333333332
0.9411764705882354
0.8333333333333333
1.0
0.875
0.8888888888888891
1.0
1.0
0.6666666666666666
1.0
1.0
1.0000000000000002
0.0
0.9999999999999999
1.0
1.0
0.9545454545454543
0.8
0.857142857142857
1.0
0.9999999999999997
0.9583333333333329
0.8666666666666666
0.9629629629629624
1.0000000000000002
1.0
1.0
0.0
0.9411764705882354
0.7647058823529412
0.9999999999999998
1.0
0.0
1.0
1.0
1.0
0.9166666666666667
0.8333333333333333
0.0
0.9999999999999999
0.9999999999999999
0.9999999999999999
0.5
1.0
0.0
1.0
1.0
1.0
1.0000000000000002
0.9411764705882354
1.0000000000000002
0.9666666666666666
1.0
0.8333333333333333
1.0
0.8529411764705883
0.9090909090909093
1.0
0.954545454545454
0.9999999999999993
1.0
1.0
0.8000000000000002
0.823529411764706
0.8571428571428573
0.8115942028985499
1.0
0.0
1.0
0.9600000000000003
0.9999999999999996
0.7777777777777779
0.0
1.0
1.0
0.9999999999999996
1.0
1.0
0.75
0.0
1.0
0.9473684210526312
1.0
1.0000000000000002
1.0
1.0
0.9583333333333339
0.9411764705882354
0.0
0.6666666666666666
1.0
1.0
0.6666666666666667
1.0
0.8500000000000004
1.0
0.9393939393939388
0.9999999999999993
1.0
0.9999999999999998
1.0
1.0
1.0
0.8888888888888891
0.9999999999999998
1.0
0.9999999999999999
0.9411764705882354
0.0
1.0
1.0
0.0
0.682926829268293
0.6923076923076923
0.9999999999999999
0.9708737864077667
1.0
0.9999999999999997
1.0
0.9999999999999998
1.0
0.0
0.6842105263157894
1.0
0.833333333333333
0.9999999999999998
1.0
1.0
1.0
0.9999999999999999
0.6538461538461536
0.9999999999999996
0.8888888888888891
1.0
1.0
0.9999999999999997
1.0000000000000002
1.0000000000000013
0.7777777777777779
0.9285714285714295
1.0
0.9130434782608692
0.8636363636363634
0.9999999999999999
1.0
1.0
0.0
1.0
0.9999999999999998
0.9375
0.9375
1.0000000000000002
1.0000000000000004
0.9130434782608692
0.9999999999999998
0.7971014492753615
0.0
0.84375
0.8181818181818177
1.0000000000000002
1.0000000000000002
1.0
1.0
1.0000000000000002
0.9090909090909093
0.8823529411764707
1.0
0.5217391304347824
1.0
0.8125
1.0
0.8571428571428569
0.9375
0.8571428571428569
0.0
0.0
1.0000000000000002
1.0
1.0000000000000002
0.0
1.0
0.9999999999999999
1.0000000000000002
1.0
0.89795918367347
1.0000000000000002
0.8030303030303024
0.7083333333333331
0.0
1.0
1.0
0.0
0.9999999999999999
1.0
0.7058823529411765
0.0
1.0
0.8999999999999999
0.0
0.8888888888888884
0.9012345679012363
1.0
0.9111111111111114
1.0
1.0
1.0
0.9999999999999999
1.0
1.0
1.0
1.0
1.0
1.0
1.0
1.0
1.0
1.0
1.0
1.0
1.0
1.0
1.0
1.0
1.0
1.0
1.0
1.0
1.0
1.0
1.0
1.0
1.0
1.0
1.0
1.0
1.0
1.0
1.0
1.0
1.0
1.0
1.0
1.0
1.0
1.0
1.0
1.0
1.0
1.0
1.0
1.0
1.0
1.0
1.0
1.0
1.0
1.0
1.0
1.0
1.0
1.0
1.0
1.0
1.0
1.0
1.0
1.0
1.0
1.0
1.0
1.0
1.0
1.0
1.0
1.0
1.0
1.0
1.0
1.0
1.0
1.0
1.0
1.0
1.0
1.0
1.0
1.0
1.0
1.0
1.0
1.0
1.0
1.0
1.0
1.0
1.0
1.0
1.0
1.0
1.0
1.0
1.0
1.0
1.0
1.0
1.0
1.0
1.0
1.0
1.0
1.0
1.0
1.0
1.0
1.0
1.0
1.0
1.0
1.0
1.0
1.0
1.0
1.0
1.0
1.0
1.0
1.0
1.0
1.0
1.0
1.0
1.0
1.0
1.0
1.0
1.0
1.0
1.0
1.0
1.0
1.0
1.0
1.0
1.0
1.0
1.0
1.0
1.0
1.0
1.0
1.0
1.0
1.0
1.0
1.0
1.0
1.0
1.0
1.0
1.0
1.0
1.0
1.0
1.0
1.0
1.0
1.0
1.0
1.0
1.0
1.0
1.0
1.0
1.0
1.0
1.0
1.0
1.0
1.0
1.0
1.0
1.0
1.0
1.0
1.0
1.0
1.0
1.0
1.0
1.0
1.0
1.0
1.0
1.0
1.0
1.0
1.0
1.0
1.0
1.0
1.0
1.0
1.0
1.0
1.0
1.0
1.0
1.0
1.0
1.0
1.0
1.0
1.0
1.0
1.0
1.0
1.0
1.0
1.0
1.0
1.0
1.0
1.0
1.0
1.0
1.0
1.0
1.0
1.0
1.0
1.0
1.0
1.0
1.0
1.0
1.0
1.0
1.0
1.0
1.0
1.0
1.0
1.0
1.0
1.0
1.0
1.0
1.0
1.0
1.0
1.0
1.0
1.0
1.0
1.0
1.0
1.0
1.0
1.0
1.0
1.0
1.0
1.0
1.0
1.0
1.0
1.0
1.0
1.0
1.0
1.0
1.0
1.0
1.0
1.0
1.0
1.0
1.0
1.0
1.0
1.0
1.0
1.0
1.0
1.0
1.0
1.0
1.0
1.0
1.0
1.0
1.0
1.0
1.0
1.0
1.0
1.0
1.0
1.0
1.0
1.0
1.0
1.0
1.0
1.0
1.0
1.0
1.0
1.0
1.0
1.0
1.0
1.0
1.0
1.0
1.0
1.0
1.0
1.0
1.0
1.0
1.0
1.0
1.0
1.0
1.0
1.0
1.0
1.0
1.0
1.0
1.0
1.0
1.0
1.0
1.0
1.0
1.0
1.0
1.0
1.0
1.0
1.0
1.0
1.0
1.0
1.0
1.0
1.0
1.0
1.0
1.0
1.0
1.0
1.0
1.0
1.0
1.0
1.0
1.0
1.0
1.0
1.0
1.0
1.0
1.0
1.0
1.0
1.0
1.0
1.0
1.0
1.0
1.0
1.0
1.0
1.0
1.0
1.0
1.0
1.0
1.0
1.0
1.0
1.0
1.0
1.0
1.0
1.0
1.0
1.0
1.0
1.0
1.0
1.0
1.0
1.0
1.0
1.0
1.0
1.0
1.0
1.0
1.0
1.0
1.0
1.0
1.0
1.0
1.0
1.0
1.0
1.0
1.0
1.0
1.0
1.0
1.0
1.0
1.0
1.0
1.0
1.0
1.0
1.0
1.0
1.0
1.0
1.0
1.0
1.0
1.0
1.0
1.0
1.0
1.0
1.0
1.0
1.0
1.0
1.0
1.0
1.0
1.0
1.0
1.0
1.0
1.0
1.0
1.0
1.0
1.0
1.0
1.0
1.0
1.0
1.0
1.0
1.0
1.0
1.0
1.0
1.0
1.0
1.0
1.0
1.0
1.0
1.0
1.0
1.0
1.0
1.0
1.0
1.0
1.0
1.0
1.0
1.0
1.0
1.0
1.0
1.0
1.0
1.0
1.0
1.0
1.0
1.0
1.0
1.0
1.0
1.0
1.0
1.0
1.0
1.0
1.0
1.0
1.0
1.0
1.0
1.0
1.0
1.0
1.0
1.0
1.0
1.0
1.0
1.0
1.0
1.0
1.0
1.0
1.0
1.0
1.0
1.0
1.0
1.0
1.0
1.0
1.0
1.0
1.0
1.0
1.0
1.0
1.0
1.0
1.0
1.0
1.0
1.0
1.0
1.0
1.0
1.0
1.0
1.0
1.0
1.0
1.0
1.0
1.0
1.0
1.0
1.0
1.0
1.0
1.0
1.0
1.0
1.0
1.0
1.0
1.0
1.0
1.0
1.0
1.0
1.0
1.0
1.0
1.0
1.0
1.0
1.0
1.0
1.0
1.0
1.0
1.0
1.0
1.0
1.0
1.0
1.0
1.0
1.0
1.0
1.0
1.0
1.0
1.0
1.0
1.0
1.0
1.0
1.0
1.0
1.0
1.0
1.0
1.0
1.0
1.0
