0.9115197234006542
0.9114719748557433
0.9114242313129471
0.9113764927722074
0.9113287592309028
0.9112810306900497
0.9112856768785692
0.9112379555926453
0.9112426035499678
0.9111948895170444
0.9111995392428428
0.9112041884818994
0.9112088372338921
0.9111611349599793
0.9111134376798441
0.9111180904524662
0.9111227427374788
0.911127394535956
0.9110797090070831
0.9110843625704189
0.9110890156474526
0.9110936682361991
0.9110983203393067
0.9110506488072019
0.911055302673453
0.9110599560532924
0.9110646089455288
0.9110692613519727
0.9110216038079805
0.911026257976507
0.910978607667527
0.9109832635985788
0.9109879190420891
0.91099257399827
0.9109972284686821
0.9109495921356388
0.910901960784639
0.9109066192619953
0.9108589951373669
0.9108113759936276
0.9107637618274804
0.9107684265551765
0.9107730907948671
0.9107254860965305
0.9107301520929708
0.9106825546150179
0.9106872223676482
0.9106396321071665
0.910644301614914
0.9105967185705415
0.910549140498239
0.9105015673980922
0.910506243142927
0.9105109183995483
0.9104633547510826
0.9104157960717104
0.9103682423611319
0.9103729238484826
0.9103253773434807
0.91033006058053
0.9103347433285025
0.9103394255877668
0.9103441073569835
0.9103487886384629
0.9103012582887866
0.9103059413175443
0.9103106238583321
0.9102631029443023
0.9102677872316338
0.9102724710306486
0.91022495954898
0.9101774530271327
0.9101821408066586
0.9101868280973398
0.9101393310022625
0.9101440200374394
0.9100965301331562
0.9101012209121527
0.9101059112014374
0.9100584307177172
0.9100109551881811
0.9099634846112681
0.9099160189871396
0.909868558314323
0.9098211025918186
0.9098258057787701
0.9097783572360939
0.9097309136419507
0.9096834749961907
0.9096881843777658
0.9096928932685446
0.9096976016684925
0.9096501746523306
0.9096027525803565
0.9095553354530198
0.9095600500416745
0.9095126400831689
0.9095173564059145
0.9095220722362062
0.9094746716699513
0.9094793892330837
0.9094319958309754
0.909384607368406
0.9093893288874555
0.9093419475852801
0.9093466708344692
0.909351393592195
0.9093040216713301
0.9092566546858795
0.909261381393989
0.9092661076100255
0.9092708333330138
0.9092755585643685
0.9092282053955829
0.9092329323544965
0.9092376588213553
0.9091903150220106
0.9091429761534094
0.9090956422135639
0.9090483132028612
0.9090530480506719
0.9090057261840405
0.908958409245004
0.9089631480322692
0.9089158382346193
0.9088685333611988
0.90882123341124
0.9087739383847874
0.9087786855386453
0.9087834321989958
0.9087881783653519
0.9087929240372488
0.9087456427864657
0.908698366455407
0.9087031160592126
0.9086558468583974
0.908608582574425
0.9085613232079454
0.9085660789515798
0.9085188267108414
0.9084715793849535
0.9084763390532729
0.9084810982270841
0.9084858569055088
0.9084386211197153
0.9084433815118695
0.9083961528461177
0.9083489290911821
0.9083017102461657
0.908306476764895
0.9083112427882475
0.9082640332642719
0.9082688009977827
0.9082215985861357
0.9081744010810463
0.9081272084808952
0.9081319823328206
0.9081367556893228
0.9080895724006248
0.9080423940151671
0.9079952205307451
0.9080000000001037
0.9080047789728739
0.908009557448341
0.908014335428349
0.9079671756515809
0.9079719553366259
0.9079248026592182
0.9079295840470252
0.9079343649393734
0.907939145334904
0.9078920041533932
0.9078448678673776
0.9077977364757575
0.9078025229713744
0.9078073089699251
0.9077601868673443
0.9077649745662891
0.9077697617689594
0.9077745484739468
0.9077274378538066
0.9076803321223325
0.9076332312800619
0.9075861353256482
0.9075390442587706
0.9075438414441195
0.9075486381320191
0.9075015563393098
0.9074544794313397
0.9074592800085963
0.9074640800873266
0.9074170124481297
0.9074218142213752
0.9074266154965087
0.9074314162730241
0.9074362165527703
0.9073891625616345
0.9073939645340109
0.9073987660080087
0.9074035669843992
0.907408367463639
0.9074131674439462
0.907417966927831
0.9074227659137472
0.907427564401439
0.9073805328079693
0.9073335060899409
0.9072864842456746
0.9072912888012254
0.9072442740176093
0.9071972641065371
0.9071502590675554
0.9071032588987012
0.9070562635994709
0.9070610785891771
0.9070140903442495
0.9070189070189606
0.9070237231946355
0.9069767441862443
0.9069297700437736
0.9069345900874257
0.9068876229935231
0.9068406607628824
0.9068454846729312
0.9068503080825756
0.9068551309929076
0.9068599534043789
0.906864775315757
0.9068695967281933
0.9068226524483878
0.9068274755420572
0.9068322981367475
0.906785363076138
0.9067901873509445
0.90674325932835
0.9067480852825329
0.9067529107377317
0.9067577356931332
0.9067108190612402
0.906715645695339
0.9067204718301402
0.9066735644074385
0.9066266618386986
0.9066314918270959
0.9066363213161762
0.9066411503050027
0.9066459787952579
0.9066508067851565
0.9066556342759642
0.9066604612676978
0.9066652877603868
0.906618407445983
0.906623235613141
0.9066280632817657
0.9066328904510207
0.9066377171218357
0.9066425432929387
0.9066473689648238
0.9066521941387553
0.9066570188133413
0.9066101607317246
0.9065633074933008
0.906568136013797
0.9065729640343962
0.9065777915570705
0.9065826185798859
0.9065874451049141
0.9065922711308355
0.9065970966579191
0.9065502634567898
0.9065550906551931
0.90650826446322
0.9065130933317027
0.9065179217022029
0.9064711046842963
0.9064242925017363
0.9064291247095126
0.9063823195293048
0.9063355191822486
0.9062887236680666
0.9062935618769661
0.9062467733608515
0.9062516132360093
0.9062564526118989
0.9062096732569345
0.9062145142974609
0.9062193548391412
0.9062241948805289
0.9062290344226313
0.9061822685517678
0.90618710975828
0.9061403508775775
0.9060935968213886
0.9060984418530144
0.9060516947843144
0.9060049525382962
0.9060098013926056
0.9059630661304713
0.9059163356891359
0.9059211883641036
0.9058744649027771
0.9058277462612949
0.9058326027535819
0.9057858910894719
0.9057391842414927
0.9057440445501779
0.9057489043569614
0.9057537636623626
0.9057586224672676
0.9057634807715584
0.905768338574054
0.9057216494842594
0.9057265089430951
0.9057313679000845
0.9056846879350361
0.9056895485467906
0.905694408657294
0.9056477378128293
0.9056525995773433
0.905657460841145
0.9056623216037388
0.9056671818648369
0.9056720416256762
0.9056253863586863
0.9056302477721715
0.9056351086843928
0.9056399690960069
0.9056448290073396
0.9056496884172527
0.9056545473275754
0.9056594057369206
0.9056127703402083
0.9056176303999173
0.9056224899599739
0.905627349019446
0.9056322075784953
0.9055855855854001
0.9055389683925805
0.90549235599962
0.9054972205063622
0.9055020845126714
0.9055069480182667
0.9055118110232593
0.9055166735281491
0.9055215355325256
0.905526397036024
0.9054798044768055
0.9054332167109715
0.9053866337400555
0.9053915011831545
0.905344925150316
0.9052983539095277
0.9053032251429153
0.9053080958747202
0.905261533714153
0.9052664060888919
0.9052198508616289
0.9052247248791131
0.9052295983954176
0.905183052241999
0.9051879273996641
0.905141388175123
0.9051462649733475
0.905099732675671
0.9050532051607285
0.905058085740997
0.9050629658181709
0.9050164473685299
0.9050213290846174
0.9050262102992092
0.9050310910116848
0.90503597122279
0.9050408509327316
0.9050457301404546
0.9049992293070648
0.9050041101522102
0.9049576162346108
0.9049111270933853
0.9049160117122952
0.9048695294841527
0.9048744157376089
0.9048279404215561
0.9047814698779368
0.9047863599015006
0.9047398962665856
0.9047447879224922
0.9047496790756441
0.904754569726754
0.9047594598761277
0.9047130095490812
0.9047179013292658
0.9047227926076018
0.9046763513168845
0.9046812442252338
0.9046861366321923
0.9046397043727662
0.9046445984092051
0.9046494919430812
0.9046543849748975
0.9046592775043436
0.9046128585357314
0.9045664443301847
0.9045200348877483
0.9045249333058774
0.9044785307544464
0.9044321329642
0.9043857399336226
0.9043393516615366
0.9042929681491133
0.9042465893940846
0.9042515000767712
0.9042564102562711
0.9042613199323789
0.9042662291050358
0.9042711377734799
0.9042247744049262
0.9041784157906212
0.9041833282068706
0.9041882401193558
0.9041418905062152
0.9041468040389281
0.9041517170683411
0.9041566295938549
0.9041615416153205
0.9041152052478816
0.9040688736293407
0.904073789392657
0.9040274646447348
0.9039811446428934
0.9039860641456674
0.9039397510116708
0.903944672131053
0.9038983658620644
0.9038520643374994
0.9038569891919032
0.9038106945302421
0.9038156209985381
0.9038205469632047
0.9037742612788637
0.9037791888566081
0.9037841159304946
0.903789042498517
0.9037939685625216
0.9037988941221534
0.9037526237648784
0.9037063581450281
0.9037112874324826
0.9037162162166024
0.9037211444952292
0.903674889958314
0.9036286401558032
0.903633572159585
0.9035873292054168
0.9035922628186708
0.9035460267105364
0.9035509619319656
0.903504732668495
0.9035096694974832
0.9034634470763836
0.9034683855122805
0.9034733234437585
0.9034782608693481
0.9034320495117644
0.9034369885435569
0.9033907840228391
0.9033957246598774
0.9033495269748854
0.9033544692168138
0.9033082783657721
0.9033132222104778
0.9032670381922998
0.9032208588959189
0.9031746843208174
0.9031796339842048
0.9031845831420675
0.9031384175013889
0.9031433682593794
0.9031483185115983
0.903153268257904
0.9031071136549201
0.9031120650011075
0.9031170158406114
0.9031219661745683
0.9031269160024246
0.9031318653248692
0.9030857259627826
0.903090676884213
0.9030445443404294
0.903049496858796
0.9030033711307355
0.9029572501150755
0.9029622063330944
0.9029671620450979
0.902921049943653
0.9029260072514973
0.9029309640526393
0.9028848608627487
0.9028898192588803
0.9028947771481087
0.9028486828667256
0.9028025932924755
0.902807554875219
0.9027614721047741
0.9027664352793028
0.9027203593121116
0.9027253240787073
0.902730288338762
0.9027352520919818
0.9027402153392334
0.9027451780796424
0.9027501403133692
0.9027551020409101
0.902760063261744
0.9027140087747761
0.9027189715858835
0.9027239338909536
0.9027288956900194
0.9026828521878253
0.9026368133827645
0.9026417788659451
0.9026467438418565
0.9026517083122535
0.9026566722756746
0.9026616357333777
0.9026665986848117
0.9026205771383916
0.9025745602858886
0.9025285481242715
0.9025335168474553
0.9024875114688896
0.902441510780078
0.902446483180622
0.9024514550734184
0.9024054632557762
0.9024104367327445
0.9024154097026806
0.9024203821659338
0.9024253541222711
0.9024303255721478
0.9023843488896196
0.9023893219219075
0.9023942944475529
0.9023483266260943
0.9023023634884828
0.90230733968305
0.9022613833143381
0.9022663610897617
0.9022713383580382
0.9022763151191804
0.902281291373677
0.9022353480318521
0.9021894093684378
0.9021943892876063
0.9021993687000619
0.9022043476043998
0.9022093260029445
0.902214303894291
0.9022192812789817
0.9022242581568364
0.9022292345278681
0.9021833172173621
0.9021882951656499
0.9021932726071169
0.9021982495421553
0.9022032259704447
0.9021573216647384
0.90211142203026
0.9021164021166187
0.9020705092335823
0.9020246210195512
0.9020296047611438
0.9019837232958238
0.9019887086107895
0.9019428338931123
0.9018969638410417
0.9019019528075202
0.9019069412665857
0.9019119292177069
0.9018660700667606
0.9018202155783708
0.9017743657529299
0.9017793594305247
0.901784352600398
0.9017385115899171
0.9017435063287529
0.9017485005587706
0.9017026683610265
0.9017076641591044
0.9017126594504113
0.9016668360601535
0.9016210173284572
0.9016260162598615
0.9016310146843522
0.9016360126001819
0.9016410100083722
0.9015952042270179
0.9015494030986095
0.901554404144786
0.9015594046835822
0.9015136123528934
0.901518614454872
0.901472828847403
0.9014778325125052
0.9014828356692002
0.9014878383185206
0.901442063572897
0.9013962934750881
0.9013505280257439
0.9013555363764012
0.9013605442175177
0.9013655515508785
0.9013705583755166
0.9013248058476728
0.9013298142317329
0.9013348221080593
0.9013398294760498
0.9013448363358421
0.9012990967220318
0.9013041051400944
0.9012583722343563
0.9012633822111481
0.9012683916795983
0.9012734006393249
0.9012276785717608
0.9012326890882287
0.9011869737241578
0.9011919857978905
0.9011462771355103
0.9011512907645522
0.9011563038850786
0.9011613164965842
0.9011156186608488
0.9011206328280446
0.9011256464862728
0.9010799574099736
0.9010849726218054
0.9010899873261625
0.9010950015210479
0.9011000152073906
0.9011050283860885
0.9011100410561921
0.9011150532183717
0.901120064872923
0.9011250760184208
0.9011300866571053
0.9011350967876801
0.9011401064103687
0.9010944466960903
0.9010994578708096
0.9011044685375172
0.901109478696686
0.9011144883483344
0.9010688414971054
0.9010738526997952
0.9010282125311802
0.901033225283821
0.9010382375285101
0.9010432492652912
0.9009976198919457
0.9009519951391225
0.9009570104812533
0.9009113924049956
0.900916409295633
0.9009214256782552
0.9009264415533691
0.900880834261458
0.9008858516830365
0.900890868596993
0.9008958850029686
0.9009009009012351
0.9009059162913148
0.9009109311743687
0.9009159455491142
0.9009209594168993
0.9008753731717878
0.9008803885851544
0.900834809005436
0.9008398259639621
0.9008448424140675
0.9008498583572974
0.9008548737921788
0.9008598887201681
0.9008143240102372
0.9008193404811828
0.9008243564455188
0.9008293719027998
0.9007838179522596
0.9007382686088142
0.9007432876570362
0.900697744968878
0.9007027655590861
0.9006572295250238
0.9006116980942039
0.9006167222731679
0.900621745943286
0.9006267691067779
0.9005812484202224
0.9005357323361081
0.9005407590840566
0.9004952496462472
0.900500277932455
0.9005053057101002
0.9005103329793732
0.9005153597414169
0.9004698630831421
0.9004243710218363
0.9003788835565851
0.900383915942402
0.9003889478204861
0.9003939791896618
0.9003485024498216
0.9003535353536237
0.9003585677488672
0.9003130996867196
0.9002676362165458
0.9002726721874811
0.9002272153497174
0.9002322528527866
0.9002372898474472
0.900242326332533
0.900247362309853
0.9002523977785436
0.9002069557316635
0.9001615182714626
0.9001160853982523
0.900070657110821
0.9000757002269049
0.9000807428342682
0.9000857849319351
0.9000908265211032
0.9000454109692275
0.9000000000001317
0.900005045153967
0.8999596408033061
0.8999646874844258
0.8999192897495943
0.8998738965953678
0.8998789468378071
0.8998839965705193
0.8998890457934507
0.8998940945081352
0.8998991427130697
0.8999041904088688
0.8999092375955181
0.8999142842736846
0.8999193304429534
0.8999243761025751
0.8999294212539023
0.8999344658972988
0.8999395100315141
0.899944553656984
0.8998991935480914
0.899853838012526
0.8998084870475181
0.8997631406543926
0.8997681918969545
0.8997228521035064
0.8997279048675948
0.8997329571218354
0.8997380088677963
0.8997430601039853
0.8997481108314682
0.8997531610498103
0.8997078380010922
0.8997128897397858
0.8997179409686833
0.8997229916895598
0.8997280419013377
0.8996827315308248
0.8996374257228813
0.8995921244773794
0.8995971802621239
0.8996022355367288
0.8995569429060687
0.8995116548357955
0.8995167136524964
0.8995217719604592
0.8995268297591592
0.8995318870488267
0.8994866116367982
0.8994916704414637
0.8994464016108152
0.8994514619291181
0.8994565217387762
0.899461581039834
0.8994163228336582
0.8994213836480023
0.8994264439525158
0.8994315037478601
0.8993862561630285
0.8993913174704261
0.899396378269501
0.8993511392790368
0.8993059048386484
0.8993109691693063
0.8992657412993287
0.8992708071412432
0.8992758724726977
0.899280937295914
0.8992860016092389
0.8992910654126803
0.8992961287078903
0.899250917500521
0.8992559823046422
0.8992610465989437
0.8992158439727854
0.8992209097761181
0.8992259750705407
0.8992310398555916
0.899185847824214
0.8991406603346862
0.8990954773871315
0.899050298979793
0.8990553713190822
0.8990604431494241
0.8990655144692441
0.8990705852801022
0.8990756555812084
0.8990304917870005
0.8990355635924102
0.8990406348889892
0.8990457056753062
0.8990507759529689
0.8990558457212121
0.899010696530017
0.8989655518731602
0.8989706251565927
0.8989254870454437
0.8989305618319537
0.8989356361078897
0.8989407098753426
0.8988955823290605
0.8989006575977196
0.8988555365926174
0.8988606133614659
0.8988154988959272
0.8987703889584278
0.8987252835492905
0.8987303658356077
0.8987354476115123
0.8986903507454598
0.898645258404178
0.8986503436854698
0.8986554284569244
0.8986103446544849
0.8985652653753851
0.8985703536489702
0.8985754414128004
0.8985805286651618
0.8985856154075347
0.8985405486735532
0.8984954864590509
0.8984504287649963
0.8984555210108434
0.8984606127465236
0.8984657039713184
0.8984707946855538
0.8984758848891972
0.8984809745823138
0.8984860637659965
0.8984911524384414
0.8984962406012763
0.8985013282543092
0.8985064153972964
0.8985115020299459
0.8984664728877978
0.898471561012337
0.898476648626812
0.898431627999948
0.8984367171062015
0.8984418057015501
0.8984468937871822
0.898451981363601
0.8984570684302642
0.8984621549869277
0.8984672410334367
0.8984723265713249
0.8984774115994798
0.8984824961186316
0.89843750000034
0.898442586008599
0.8984476715070661
0.8984527564971645
0.8984578409774839
0.8984629249484687
0.8984680084111423
0.8984730913644369
0.8984281137366972
0.8983831406117461
0.898338171989354
0.8983432604236432
0.8983483483486789
0.8983534357639549
0.8983084776300582
0.8983135665314467
0.8983186549236936
0.8982737052790998
0.8982787951567248
0.8982838845251494
0.8982889733842782
0.898294061733656
0.898299149574904
0.898304236906284
0.8983093237298146
0.8983144100432071
0.8983194958484245
0.8982745686420398
0.8982296459294629
0.8982347352101506
0.8982398239821047
0.8981949097453086
0.8981999999999093
0.89820508974586
0.8981601839817245
0.8981652752084153
0.8981203759246441
0.8981254686330729
0.8980805758268693
0.8980356875095675
0.8980407836866323
0.8980458793544842
0.8980009994999649
0.8980060966472027
0.8979612232663533
0.897966321891121
0.8979214549813199
0.8979265550839194
0.8978816946445006
0.8978867962228534
0.8978419422518008
0.8978470453072995
0.89785214785187
0.8978572498872893
0.8978623514136854
0.8978674524299777
0.8978725529367185
0.8978277153561386
0.8977828822532817
0.8977879862188396
0.8977930896746422
0.897748265015875
0.8977533699448507
0.8977584743645817
0.897763578274415
0.8977187640396196
0.8976739542779638
0.897679061641831
0.8976841684969392
0.8976892748416911
0.8976943806765137
0.8976994860025574
0.8976546906188677
0.8976597974150072
0.8976649037024105
0.8976700094798142
0.8976751147473183
0.8976802195063249
0.8976354384914665
0.897640544719467
0.8976456504389544
0.8976008778490664
0.8976059850376594
0.8976110917159603
0.8976161978853587
0.8976213035459532
0.8976264086962121
0.8976315133380759
0.8975867570804508
0.8975918631895771
0.8975969687902919
0.8976020738821338
0.8975573280157506
0.897562434574251
0.8975675406243485
0.8975726461646452
0.8975777511961972
0.8975828557186996
0.8975381241904082
0.8975432301791665
0.8974985050828217
0.8975036125364189
0.8975087194815734
0.8975138259176597
0.8975189318455488
0.8975240372642701
0.8974793264922214
0.8974346201742764
0.8974397290298398
0.8973950291376444
0.8973503336984219
0.8973554459881866
0.8973605577687495
0.8973656690400134
0.8973209839655976
0.8972763033407977
0.897281418044525
0.8972865322377315
0.8972916459229193
0.8972967590981337
0.8972520908000695
