0.9115197234006542
0.9115243583025741
0.9114766120158961
0.9114288707315622
0.9113811344469506
0.911385775636106
0.9113380466088651
0.911342689568347
0.9113473320413538
0.9113519740285115
0.9113566155295594
0.9113612565447268
0.9113658970736912
0.9113705371168217
0.9113751766737194
0.9113274706869722
0.911279769693773
0.9112320736943357
0.9112367195267879
0.9111890307722191
0.911141347009638
0.9111459968599562
0.9111506462249224
0.9111029719549625
0.911107623083645
0.9111122737262023
0.9111169238814429
0.9110692613519727
0.9110216038079805
0.911026257976507
0.9110309116583215
0.911035564853809
0.9109879190420891
0.9109402782133104
0.9109449354184285
0.9108973018198052
0.910901960784639
0.9109066192619953
0.9108589951373669
0.9108113759936276
0.9108160384755017
0.9107684265551765
0.9107208196119703
0.9107254860965305
0.9107301520929708
0.9106825546150179
0.9106349621115729
0.9105873745820828
0.9105397920261592
0.9104922144426284
0.910496891164418
0.9104493207941214
0.9104017553941156
0.9104064361092965
0.9103588779188202
0.9103635603842888
0.9103160094021348
0.9103206936176249
0.9102731498404777
0.9102778358050966
0.9102825212803538
0.9102349869454691
0.9102396741681161
0.9102443609024562
0.9102490471469289
0.910201524485551
0.9102062124774914
0.9101586970140455
0.9101633867513916
0.9101680759998519
0.9101727647580201
0.9101252609603269
0.9101299514637224
0.910134641477989
0.9100871471062129
0.9100918388644067
0.9100965301331562
0.9101012209121527
0.9100537381957505
0.9100062604339109
0.9100109551881811
0.9100156494521653
0.9099681811070082
0.9099207177134467
0.9099254159491439
0.9099301136957411
0.9099348109518697
0.9099395077178789
0.90994420399447
0.9099488997808317
0.909953595077815
0.9099582898853851
0.9099108492782626
0.9099155458240222
0.9099202418805857
0.9099249374478463
0.9099296325251806
0.9099343271137224
0.9098869025900915
0.9098915989161471
0.9098962947518703
0.9098488796246177
0.9098014694391687
0.9097540641938335
0.909706663888099
0.9096592685212462
0.9096639749936016
0.909616586789063
0.9096212949942613
0.9096260027087095
0.9096307099330633
0.9096354166663468
0.9095880422891743
0.9095406728468902
0.9095453835339999
0.9095500937307495
0.909554803436486
0.9095595126524204
0.9095121570258717
0.9094648063307246
0.9094695194963486
0.9094221759497874
0.9093748373330788
0.9093275036433455
0.9092801748816812
0.9092328510462203
0.9091855321361944
0.9091382181516485
0.9091429463493856
0.9091476740555886
0.9091524012697695
0.9091050988551466
0.9090578013630226
0.9090625325151306
0.9090672631746476
0.9090199750315147
0.9089726918071946
0.9089254135023382
0.908930150309566
0.9088828791343903
0.9088876176604744
0.9088923556939381
0.9088970932351443
0.9089018302832128
0.908854572869312
0.9088593116356087
0.9088640499087636
0.9088168018297972
0.9087695586632789
0.9087743008630343
0.908779042569941
0.9087318087320475
0.9086845798034581
0.908637355783932
0.9086421036222302
0.9086468509668651
0.9085996362689075
0.9085524264780579
0.9085571777417167
0.908561928512258
0.9085666787883165
0.9085714285715326
0.9085242325077557
0.9084770413461175
0.9084817950450323
0.9084346109896921
0.9083874318362366
0.9083402575823594
0.9082930882273229
0.9082459237720664
0.9082506879902862
0.9082035306331439
0.9082082965574766
0.9082130619871267
0.9081659139281308
0.9081706810629483
0.9081754477030567
0.9081802138479248
0.9081330772825319
0.9081378451316174
0.9081426124866369
0.9081473793459961
0.9081002542679711
0.9080531340803181
0.9080579048409322
0.9080107917398544
0.9080155642020576
0.9080203361691499
0.9079732323493248
0.9079780060175187
0.9079827791899773
0.9079356846472998
0.9078885949900078
0.9078933720570318
0.9078981486279477
0.9079029247046063
0.9079077002852539
0.9078606242871998
0.907813553170346
0.9077664869346271
0.9077194255796638
0.9076723691028366
0.9076771551503183
0.9076301057437287
0.9075830612137543
0.9075878511452761
0.9075926405807418
0.9075974295193067
0.9075503964345363
0.9075551870655932
0.9075599772004794
0.9075129533680738
0.9075177451947484
0.907470728421769
0.9074237165211051
0.9074285122257252
0.907433307433361
0.9074381021441847
0.9074428963590315
0.9074476900769209
0.9074524832978457
0.9074572760230417
0.907462068250842
0.9074668599836193
0.9074198726245939
0.9074246660452011
0.9074294589700019
0.9073824808448521
0.9073355075839162
0.907288539186145
0.9072933381643459
0.907246376811696
0.9072511774749784
0.9072559776418043
0.9072090255137252
0.9072138273649175
0.9072186287196207
0.9072234295770206
0.9072282299372166
0.9072330298012993
0.9072378291688542
0.9072426280390989
0.9072474264137339
0.9072522242914038
0.9072570216730794
0.9072100962034196
0.9071631755886382
0.9071162598261163
0.9070693489162907
0.9070741545141554
0.9070789596151879
0.9070320579113401
0.9070368646912648
0.9070416709748687
0.9069947784725269
0.9069995864353181
0.9070043939003308
0.9069575105961685
0.9069623197396237
0.9069154434567153
0.9069202542766105
0.9069250645992437
0.9068781975093271
0.9068313352621761
0.9068361494344024
0.9067892942024961
0.9067424438132583
0.9067472618313936
0.906700418453652
0.9066535799151015
0.9066067462159142
0.906611570248344
0.9065647435563812
0.9065695692592735
0.9065227495740344
0.9065275769470988
0.9065324038213123
0.9065372301974862
0.906490421851738
0.9064952498968977
0.906448448551549
0.9064532782653429
0.9064064839189889
0.9064113153003152
0.9064161461831721
0.9063693609992262
0.9063741935488188
0.9063790255989435
0.9063322495746157
0.9063370832901307
0.9063419165078543
0.9063467492263909
0.9063515814455049
0.9063564131666041
0.9063096527887514
0.9063144861742848
0.9063193190609057
0.9063241514497742
0.9063289833396236
0.9062822364350754
0.9062870699881348
0.9062403300673809
0.906193594966464
0.9061984323435978
0.9062032692206087
0.9062081055999873
0.9062129414799314
0.9061662198388937
0.9061195030158058
0.906124342716089
0.9061291819164942
0.9060824742265271
0.9060357713522494
0.9060406143695205
0.9060454568882909
0.9059987631417197
0.9060036073174329
0.9060084509943193
0.9059617663728293
0.9059666117067675
0.9059714565411393
0.9059247810405194
0.9059296275305754
0.905934473521266
0.9058878071396057
0.9058411455649944
0.9058459953643561
0.9057993407502322
0.9058041922025953
0.9058090431561882
0.9058138936096227
0.9058187435636894
0.9057721023632559
0.9057254659665643
0.9056788343718633
0.9056836902803075
0.9056885456883602
0.9056934005968428
0.9056982550061574
0.9057031089148447
0.9057079623241903
0.905661348430001
0.9056662034889068
0.9056710580485279
0.9056244532498107
0.9056293094575533
0.9056341651662834
0.9056390203742766
0.9055924268151186
0.9055458380490872
0.9055506970521626
0.9055041152264002
0.9055089758759024
0.9054624009873629
0.9054158308905147
0.9054206953297886
0.9054255592699603
0.905430422709001
0.9054352856479501
0.905388728918264
0.9053935935007489
0.9053984575838636
0.9054033211658311
0.9054081842487743
0.9054130468303935
0.9054179089136096
0.9054227704956314
0.9053762335527407
0.9053810967774786
0.9053859595026217
0.9053908217275488
0.9053956834530057
0.9053491598582751
0.9053026410437531
0.9053075065510663
0.905260994656937
0.905265861803581
0.9052707284495961
0.9052755945961501
0.9052804602423197
0.905285325388849
0.9052901900363486
0.9052950541828
0.9052485620379018
0.9052020746674483
0.9052069425902545
0.9052118100127429
0.9052166769356265
0.9052215433592108
0.90517506930881
0.9051799373680763
0.9051848049279302
0.9051896719883081
0.905143209115902
0.9050967510139614
0.9051016218435114
0.9051064921736394
0.9050600431080202
0.9050649150718856
0.9050697865355426
0.9050746574992495
0.9050795279628164
0.9050843979270995
0.9050892673916561
0.9050428358896228
0.9050477069869767
0.9050012823804041
0.9050061551083971
0.9050110273377069
0.9049646117553528
0.904969485614491
0.9049743589742194
0.9049279524127646
0.9049328274026467
0.9049377018918202
0.904942575881546
0.904947449371754
0.9049523223625155
0.9049571948535546
0.904910805823008
0.9048644215487948
0.9048180420298997
0.9048229204041673
0.9047765477653816
0.9047814277662031
0.904735062006916
0.9046887009991132
0.9046935847513147
0.9046472306192211
0.9046521159952416
0.9046057687379886
0.90461065573761
0.9046155422362249
0.9046204282346406
0.9046253137321882
0.904630198730202
0.9045838668372063
0.9045887534571104
0.9045936395755803
0.9045985251941738
0.9045522044142886
0.9045058883766527
0.9045107777376784
0.9044644685640942
0.9044181641324615
0.9044230572337967
0.904427949833301
0.9044328419332288
0.9043865486002611
0.9043914423178192
0.9043451558423791
0.9043500511769851
0.9043037715573949
0.9042574966739569
0.9042623957429268
0.9042672943101887
0.9042210283963029
0.9041747672156863
0.9041285107690222
0.9041334151828344
0.9041383190957104
0.9040920716110357
0.90409697713695
0.9041018821605784
0.9041067866822775
0.9041116907026308
0.904065456404698
0.9040703620374317
0.9040752671677356
0.9040801717963243
0.904033948566041
0.9040388548059396
0.9040437605439143
0.9040486657805445
0.9040024536118327
0.9039562461662835
0.9039611551236771
0.9039660635795732
0.903919865079083
0.903873671300055
0.9038785834742035
0.903832396525333
0.9038373103061917
0.903791130185952
0.9037960455731706
0.9038009604575202
0.903805874840791
0.9037597057625797
0.9037135414008609
0.9037184594952261
0.9037233770878527
0.9036772216548514
0.9036821408510836
0.9036359922375962
0.9036409130371283
0.9036458333336854
0.9036507531272363
0.9036046155419399
0.9036095369377651
0.9036144578309887
0.9036193782227939
0.9036242981115647
0.9035781736514032
0.9035830951404697
0.903588016128322
0.9035929366131565
0.9035978565959704
0.9036027760764677
0.9036076950555171
0.9035615879173816
0.9035665084954198
0.9035204081633595
0.9035253303399539
0.9034792368127317
0.9034841605875665
0.9034890838603475
0.9034429992350336
0.9034479241045849
0.9034018462791787
0.903355773153991
0.9033607017183415
0.9033146353902753
0.9032685737595356
0.9032735060168777
0.9032274511806055
0.9032323850307128
0.9032373183791852
0.9032422512237828
0.9032471835650977
0.9032011418083733
0.9031551047451115
0.9031600407749141
0.9031649763006744
0.9031189481197047
0.9030729246296005
0.9030778638404714
0.9030828025481
0.9030877407522522
0.9030417282317496
0.9030466680255484
0.9030516073159678
0.9030565461031826
0.9030105445467299
0.903015484922876
0.9029694901440082
0.902974432107248
0.9029793735674796
0.9029333876552473
0.9029383307020085
0.9029432732455576
0.9029482152857855
0.9029022403256678
0.9028562700472417
0.9028612157624798
0.9028661609730295
0.9028711056812181
0.902825146347842
0.9028300926400733
0.9028350384286342
0.9028399837135362
0.90284492849529
0.9028498727737929
0.9028039285533795
0.9028088744149422
0.9028138197729172
0.9027678844000594
0.9027219537015909
0.9027269027271198
0.9027318512491496
0.902685929392733
0.9026908794953622
0.902695829094399
0.9026499160773472
0.902654867256962
0.9026598179324828
0.9026139137513777
0.9026188660059711
0.9026238177563009
0.9026287690040672
0.9026337197475793
0.9026386699880199
0.9026436197253899
0.9026485689595058
0.9026535176899576
0.9026584659180381
0.9026125851374015
0.9026175349429839
0.9026224842444872
