0.8666666666666666
1.0000000000000007
0.6666666666666666
1.0
0.0
0.9999999999999996
0.875
0.9285714285714283
0.0
1.0
0.9999999999999999
0.7419354838709672
0.9814814814814804
0.8400000000000002
1.0
0.9655172413793099
0.6666666666666666
0.9230769230769229
0.8421052631578941
0.8421052631578945
0.8965517241379307
0.9130434782608692
1.0
0.9230769230769229
0.8999999999999999
1.0000000000000004
0.0
0.8055555555555558
0.6000000000000001
0.0
0.6666666666666666
0.9999999999999999
0.8888888888888891
0.0
1.0
0.0
0.9772727272727266
0.9999999999999999
0.8999999999999999
0.75
0.0
1.0
0.9433962264150942
1.0
0.0
0.0
1.0
0.999999999999999
0.9999999999999993
0.5
0.0
0.0
0.6666666666666666
1.0
1.0
0.0
0.869565217391304
1.0
1.0000000000000002
1.000000000000002
1.0
0.9864864864864851
0.5
1.0
0.0
1.0000000000000002
0.5
0.75
0.9729729729729721
0.0
0.7142857142857142
1.0
0.0
0.9090909090909093
0.0
0.7692307692307689
1.0000000000000004
0.6666666666666666
0.75
1.0
0.0
1.0
1.0
0.9999999999999986
0.9677419354838703
0.9516129032258057
1.0
0.9999999999999999
0.0
0.0
0.0
0.0
0.9459459459459452
1.0
0.8888888888888892
0.75
0.7931034482758619
1.0
0.8000000000000002
0.9999999999999984
0.35135135135135137
0.9999999999999999
0.8333333333333333
0.9999999999999997
0.9999999999999999
0.0
0.0
1.0
0.3333333333333333
0.65
0.0
0.0
0.9999999999999999
0.9999999999999997
1.0000000000000002
1.0
0.6666666666666666
1.0
0.990566037735849
0.0
0.9999999999999999
0.857142857142857
0.7446808510638299
0.869565217391304
1.0
0.0
0.9999999999999994
0.9090909090909088
1.0000000000000002
1.0
1.0
0.8888888888888892
0.9444444444444448
1.0
0.9411764705882354
1.0
0.9285714285714293
0.9999999999999996
1.0
0.0
1.0000000000000002
1.0
1.0
0.973684210526315
0.8333333333333333
0.8888888888888891
0.9436619718309851
1.0000000000000007
1.0
0.0
0.6000000000000001
0.0
0.9032258064516123
0.9999999999999999
0.9516129032258057
0.9166666666666667
0.9552238805970159
0.5
1.0
1.0
1.0
0.0
1.0
0.9890109890109875
0.0
0.8888888888888884
0.9999999999999996
1.0
1.0
0.9600000000000003
0.9615384615384611
0.6428571428571427
1.0
0.0
0.0
0.0
0.9200000000000003
0.8823529411764707
0.9642857142857153
1.0
1.0
0.777777777777778
0.9649122807017558
0.0
0.8333333333333333
1.0000000000000002
0.0
0.0
1.0
0.0
0.9607843137254909
1.0
0.9130434782608691
1.0000000000000002
1.0
1.0
0.0
0.0
0.5499999999999999
0.75
0.0
0.7222222222222224
1.0
1.0000000000000002
1.0000000000000002
1.0000000000000004
1.0
1.0000000000000004
0.3333333333333333
0.9999999999999999
1.0
0.0
0.9999999999999999
1.0
1.0
0.0
0.9999999999999999
0.8200000000000004
1.0
1.0
1.0
1.0
0.9230769230769229
0.0
1.0
0.9824561403508787
0.9999999999999996
0.9999999999999999
0.0
0.0
1.0
1.0000000000000002
0.43902439024390255
1.0
1.0000000000000002
1.0000000000000002
0.9999999999999998
1.0
0.8888888888888891
0.9999999999999998
0.8888888888888891
1.0
1.0
1.0
1.0
0.3333333333333333
1.0000000000000002
0.0
0.6
0.9999999999999999
1.0000000000000004
0.0
1.0
0.6666666666666667
0.0
0.9999999999999991
0.0
1.0
1.0
1.0
0.652173913043478
1.0
0.875
1.0
1.0
1.0
0.9999999999999999
0.9999999999999999
0.2857142857142857
0.9767441860465123
0.75
1.0000000000000004
1.0000000000000002
0.5
1.0
0.0
1.0
1.0
0.75
1.0
0.0
0.9285714285714283
1.0
0.9999999999999973
1.0
1.0
0.0
0.9999999999999999
0.0
1.0
1.0
1.0000000000000002
0.8571428571428578
0.9285714285714283
1.0
1.0
0.8333333333333333
1.0
0.9999999999999997
1.0
0.9999999999999999
0.9083969465648868
0.5
1.0000000000000004
0.4705882352941177
0.9999999999999998
0.0
0.9565217391304344
0.8461538461538466
0.9090909090909093
0.0
0.9722222222222225
1.0
1.0
0.9999999999999996
1.0
0.0
0.857142857142857
0.1875
0.0
0.0
0.9999999999999999
1.0000000000000002
0.0
0.5
0.8333333333333333
1.0
0.9863013698630156
0.833333333333333
1.0
1.0
1.0
0.875
1.0
1.0
1.0000000000000002
0.857142857142857
0.0
0.9444444444444448
0.8999999999999999
0.9555555555555559
0.9999999999999996
1.0
0.41666666666666663
0.6666666666666666
0.8
1.0
0.0
0.0
1.0
1.0
1.0
0.9999999999999999
0.9629629629629624
1.0
1.0000000000000002
0.75
0.7777777777777779
0.971428571428569
0.9999999999999992
0.9000000000000002
0.0
0.9999999999999996
1.0
0.9444444444444434
0.8999999999999987
0.936507936507935
1.0
0.0
0.9375
0.0
1.0
0.5636363636363637
0.7575757575757571
0.8749999999999997
1.0000000000000004
0.7
0.9333333333333332
1.0
0.0
1.0000000000000004
0.25
1.0
0.9878048780487811
0.9791666666666673
1.0
0.9411764705882354
1.0
0.0
0.9230769230769229
0.5714285714285714
0.0
0.8999999999999999
1.0
0.9999999999999997
0.8333333333333333
0.75
1.0
0.3333333333333333
0.9787234042553196
0.0
1.0
0.9694656488549632
0.0
0.0
0.41935483870967727
1.0
1.0
0.25
0.6000000000000001
1.0
0.0
0.9541284403669699
0.9999999999999998
0.6666666666666666
0.0
1.0
1.0
0.90625
0.9999999999999993
1.0
0.8333333333333333
0.5833333333333333
1.0
1.0
0.0
1.0
0.6666666666666666
0.8888888888888892
0.0
1.0
1.0
1.0
1.0
1.0
0.9999999999999999
0.9999999999999993
0.7959183673469393
0.9428571428571431
0.9302325581395354
0.8333333333333334
0.9166666666666667
1.0
0.9800000000000005
0.8947368421052628
0.9518072289156638
0.9607843137254909
1.0
0.9999999999999996
0.9180327868852466
0.7999999999999999
1.0000000000000002
1.0
0.9523809523809528
1.0
0.9166666666666667
1.0
0.9661016949152532
0.7692307692307692
1.0
0.9629629629629624
1.0000000000000002
0.9999999999999999
0.0
0.8928571428571426
0.75
1.0
0.36363636363636365
1.0
0.4166666666666667
0.0
0.9749999999999985
0.875
0.0
0.6666666666666665
0.9999999999999991
1.0
0.8
0.8472222222222211
1.0
1.0000000000000002
0.989361702127658
0.7142857142857141
0.9487179487179492
0.0
1.0
0.9999999999999997
0.0
1.0
0.9999999999999999
1.0
0.7142857142857144
0.0
0.9230769230769229
0.9999999999999999
0.9999999999999998
0.9999999999999997
0.8571428571428569
0.6666666666666667
0.0
0.939024390243903
1.0000000000000002
1.0
0.90625
1.0
1.0
1.0000000000000002
0.0
0.9999999999999999
1.0
0.0
0.0
0.75
0.9500000000000003
0.9999999999999993
1.0
0.8
1.0000000000000004
0.0
0.9999999999999999
1.0
0.7755102040816332
1.0
1.0
1.0
0.9285714285714295
0.7419354838709672
1.0
0.3333333333333333
1.0
1.0000000000000002
0.0
0.9999999999999999
1.0
0.875
0.0
1.0
0.9473684210526309
1.0
0.0
0.8888888888888891
0.9999999999999999
1.0
1.0
0.9999999999999992
0.0
1.0
1.0
0.9999999999999993
1.0
1.0
1.0
0.75
0.9047619047619051
0.7142857142857142
1.0
1.0000000000000002
1.0
1.0
0.0
0.0
0.0
0.8333333333333333
1.0
0.8333333333333334
1.0000000000000007
0.8076923076923074
0.7272727272727274
1.0
0.857142857142857
1.0
1.0000000000000002
0.9999999999999996
0.7999999999999999
0.0
0.9999999999999999
1.0
0.5882352941176471
0.9565217391304344
0.0
1.0
0.9999999999999998
0.8
0.9130434782608684
0.9500000000000005
0.9999999999999998
1.0
0.0
1.0
1.0
0.944444444444443
0.9999999999999998
0.7142857142857141
0.8108108108108097
1.0
1.0
1.0000000000000002
1.0
0.9999999999999996
0.9016393442622957
1.0
0.9710144927536218
1.0
0.9772727272727267
0.9705882352941178
0.0
0.0
0.8999999999999987
0.875
1.0
0.9999999999999998
0.9333333333333332
0.7
1.0
0.9090909090909093
1.0
0.8809523809523816
0.0
1.0000000000000002
0.5
0.0
0.0
0.0
0.846153846153846
1.0
1.0
1.0
0.875
0.964285714285714
0.9090909090909085
0.7142857142857142
0.07692307692307693
1.0
0.9999999999999998
1.0
0.9583333333333329
0.9999999999999997
0.9473684210526312
0.9795918367346946
1.0
0.6792452830188679
0.0
1.0
1.0
0.8999999999999999
0.9411764705882354
0.8703703703703695
0.0
0.9629629629629624
1.0
0.875
0.7333333333333333
0.857142857142857
1.0
1.0
0.0
0.9375000000000006
0.4545454545454546
0.9500000000000003
0.7222222222222224
1.0
0.6666666666666666
1.0
0.9999999999999999
0.9999999999999997
1.0
1.0000000000000002
0.0
0.0
1.0
0.9615384615384623
0.9534883720930238
1.0
0.99609375
0.8452380952380943
0.8421052631578945
1.0
0.9999999999999999
0.8947368421052628
0.25
1.0
1.0
1.0
0.9000000000000002
0.0
0.0
1.0
0.0
0.0
1.0
1.0000000000000002
1.0
1.0
0.875
0.5555555555555556
0.9186991869918717
1.0
1.0000000000000002
0.8333333333333333
1.0
0.7692307692307692
0.743589743589744
0.5
0.0
0.0
1.0
0.8
0.947368421052633
0.8888888888888891
1.0
0.8846153846153842
0.6666666666666666
0.9999999999999999
1.0
0.9999999999999998
0.942528735632183
0.9999999999999999
1.0
0.9999999999999998
0.9666666666666666
1.0
0.9487179487179492
0.0
0.25
1.0
0.0
1.0
1.0
1.0000000000000002
0.8571428571428569
0.9999999999999993
1.0
0.9999999999999996
0.9393939393939388
1.0
1.0
0.8113207547169811
0.0
0.9999999999999997
1.0
1.0
0.8333333333333333
0.9210526315789467
0.8437499999999991
0.6538461538461536
1.0
0.9230769230769229
0.0
0.9411764705882354
0.875
0.9999999999999999
0.8000000000000004
0.9999999999999998
0.0
1.0000000000000002
0.9444444444444448
0.0
0.8888888888888892
1.0
1.0
0.9714285714285699
0.0
0.9999999999999999
0.9285714285714272
1.0
0.9999999999999999
1.0
0.857142857142857
1.0
0.8
1.0
0.9999999999999998
0.9814814814814804
0.7499999999999998
0.6666666666666666
0.6666666666666666
0.9999999999999999
0.9473684210526309
0.8888888888888891
0.8823529411764707
0.857142857142857
1.0000000000000002
0.0
0.0
0.9890109890109875
0.9574468085106387
0.9999999999999997
0.0
1.0
0.0
0.9999999999999999
0.9999999999999999
0.0
1.0
1.0
0.9259259259259254
0.9999999999999999
1.0
0.0
0.9565217391304344
0.9818181818181791
0.8333333333333333
0.8571428571428569
0.8148148148148144
0.0
1.0
0.9444444444444448
1.0
1.0000000000000004
1.0000000000000002
0.9999999999999999
1.0
1.0000000000000002
0.0
1.0
0.0
1.0
0.6000000000000001
1.0
1.0
1.0
0.875
0.9375
0.0
0.0
0.9310344827586203
0.0
1.0000000000000004
0.9268292682926834
0.9230769230769229
1.0000000000000002
0.9264705882352926
0.0
0.857142857142857
1.0000000000000002
0.0
0.893617021276596
0.8837209302325586
0.7272727272727274
0.7325581395348845
0.9615384615384611
0.9999999999999996
0.906976744186047
0.8928571428571426
1.0
0.9999999999999998
0.5
0.9696969696969691
1.0
0.7500000000000003
0.0
0.8800000000000002
0.0
1.0
1.0
1.0
0.5
1.0
0.25
0.0
0.9999999999999999
1.0
1.0
1.0
1.0
0.9545454545454543
0.9230769230769229
0.9999999999999999
1.0
0.7
0.0
1.0
0.9999999999999996
0.0
1.0
0.9999999999999996
1.0000000000000004
0.9999999999999999
1.0
0.9473684210526312
0.0
0.0
0.0
0.9557522123893818
1.0
0.9591836734693885
0.9500000000000005
1.0
0.9999999999999999
0.966666666666668
0.5714285714285713
0.8518518518518514
0.9200000000000003
1.0
1.0000000000000002
1.0
0.4999999999999999
1.0
0.75
0.0
1.0
1.0
0.9302325581395354
0.9999999999999997
1.0
0.9166666666666667
1.0
1.0
0.014925373134328358
1.0000000000000004
0.0
0.9651162790697686
0.0
0.0
0.7333333333333333
0.9999999999999998
0.9166666666666667
0.0
0.9166666666666667
0.0
0.9999999999999999
0.9999999999999999
0.7027027027027024
0.8571428571428569
0.9444444444444448
0.8
0.0
0.0
0.0
1.0
0.0
0.9512195121951225
0.954545454545454
0.9375
0.9444444444444448
1.0
0.9600000000000003
0.9999999999999999
0.9411764705882354
1.0
0.0
1.0
0.9761904761904769
1.0
0.6666666666666666
0.969696969696969
0.0
0.857142857142857
0.7142857142857142
0.0
1.0
0.0
0.962025316455695
0.6666666666666666
0.981132075471698
1.0
0.0
0.0
0.9193548387096767
0.9999999999999999
0.6666666666666666
1.0000000000000002
1.0
1.0
0.0
1.0
1.0
0.8461538461538466
1.0
0.8571428571428569
0.6666666666666666
1.0
1.0
1.0
1.0000000000000002
1.0
0.8474576271186434
1.0
0.8823529411764707
0.7692307692307692
1.0
0.9756097560975615
0.9827586206896559
0.7272727272727274
0.9666666666666666
1.0
1.0
1.0
0.9565217391304344
0.9512195121951225
0.851851851851851
1.0
0.0
1.0
0.9999999999999997
0.0
0.8983050847457619
0.9130434782608692
0.0
1.0
0.9090909090909093
0.875
0.9333333333333332
0.9375
1.0
1.0
0.9999999999999996
0.9999999999999999
0.9178082191780839
1.0
0.9999999999999998
0.8214285714285712
1.0
0.9999999999999997
0.9333333333333332
0.9411764705882354
0.8333333333333333
1.0
0.875
0.8888888888888891
1.0
1.0
0.6666666666666666
1.0
1.0
1.0000000000000002
0.0
0.9999999999999999
1.0
1.0
0.9545454545454543
0.8
0.857142857142857
1.0
0.9999999999999997
0.9583333333333329
0.8666666666666666
0.9629629629629624
1.0000000000000002
1.0
1.0
0.0
0.9411764705882354
0.7647058823529412
0.9999999999999998
1.0
0.0
1.0
1.0
1.0
0.9166666666666667
0.8333333333333333
0.0
0.9999999999999999
0.9999999999999999
0.9999999999999999
0.5
1.0
0.0
1.0
1.0
1.0
1.0000000000000002
0.9411764705882354
1.0000000000000002
0.9666666666666666
1.0
0.8333333333333333
1.0
0.8529411764705883
0.9090909090909093
1.0
0.954545454545454
0.9999999999999993
1.0
1.0
0.8000000000000002
0.823529411764706
0.8571428571428573
0.8115942028985499
1.0
0.0
1.0
0.9600000000000003
0.9999999999999996
0.7777777777777779
0.0
1.0
1.0
0.9999999999999996
1.0
1.0
0.75
0.0
1.0
0.9473684210526312
1.0
1.0000000000000002
1.0
1.0
0.9583333333333339
0.9411764705882354
0.0
0.6666666666666666
1.0
1.0
0.6666666666666667
1.0
0.8500000000000004
1.0
0.9393939393939388
0.9999999999999993
1.0
0.9999999999999998
1.0
1.0
1.0
0.8888888888888891
0.9999999999999998
1.0
0.9999999999999999
0.9411764705882354
0.0
1.0
1.0
0.0
0.682926829268293
0.6923076923076923
0.9999999999999999
0.9708737864077667
1.0
0.9999999999999997
1.0
0.9999999999999998
1.0
0.0
0.6842105263157894
1.0
0.833333333333333
0.9999999999999998
1.0
1.0
1.0
0.9999999999999999
0.6538461538461536
0.9999999999999996
0.8888888888888891
1.0
1.0
0.9999999999999997
1.0000000000000002
1.0000000000000013
0.7777777777777779
0.9285714285714295
1.0
0.9130434782608692
0.8636363636363634
0.9999999999999999
1.0
1.0
0.0
1.0
0.9999999999999998
0.9375
0.9375
1.0000000000000002
1.0000000000000004
0.9130434782608692
0.9999999999999998
0.7971014492753615
0.0
0.84375
0.8181818181818177
1.0000000000000002
1.0000000000000002
1.0
1.0
1.0000000000000002
0.9090909090909093
0.8823529411764707
1.0
0.5217391304347824
1.0
0.8125
1.0
0.8571428571428569
0.9375
0.8571428571428569
0.0
0.0
1.0000000000000002
1.0
1.0000000000000002
0.0
1.0
0.9999999999999999
1.0000000000000002
1.0
0.89795918367347
1.0000000000000002
0.8030303030303024
0.7083333333333331
0.0
1.0
1.0
0.0
0.9999999999999999
1.0
0.7058823529411765
0.0
1.0
0.8999999999999999
0.0
0.8888888888888884
0.9012345679012363
1.0
0.9111111111111114
1.0
1.0
1.0
0.9999999999999999
1.0
1.0
1.0
0.46896551724137997
0.54054054054054
0.5170068027210888
0.5140845070422531
0.45578231292517035
0.47945205479452147
0.4785714285714278
0.45637583892617406
0.5486111111111102
0.5306122448979596
0.4931506849315078
0.5306122448979596
0.5248226950354615
0.5034482758620696
0.5205479452054805
0.5599999999999997
0.5810810810810808
0.48936170212766006
0.4729729729729723
0.5241379310344835
0.5655172413793111
0.5202702702702696
0.4701986754966882
0.503311258278145
0.5547945205479464
0.503311258278145
0.5810810810810808
0.5454545454545451
0.4285714285714288
0.46979865771812035
0.5540540540540536
0.5714285714285718
0.42361111111111055
0.5100671140939592
0.48979591836734726
0.5810810810810808
0.5599999999999997
0.587412587412587
0.5517241379310353
0.4722222222222215
0.47945205479452147
0.5578231292517011
0.47682119205297957
0.5102040816326534
0.566433566433566
0.5454545454545451
0.5133333333333328
0.5199999999999995
0.5347222222222213
0.6111111111111099
0.5170068027210888
0.5136986301369874
0.5422535211267601
0.5608108108108104
0.5547945205479464
0.5821917808219191
0.5695364238410593
0.5799999999999998
0.6040268456375832
0.6027397260273987
0.5555555555555546
0.5422535211267601
0.54054054054054
0.5410958904109601
0.48611111111111033
0.5347222222222213
0.5454545454545451
0.5578231292517011
0.5620915032679729
0.5540540540540536
0.5347222222222213
0.5422535211267601
0.5555555555555546
0.6066666666666667
0.5763888888888878
0.5616438356164396
0.5704225352112671
0.5410958904109601
0.5310344827586214
0.5915492957746473
0.5586206896551732
0.5244755244755241
0.5337837837837832
0.6216216216216216
0.5774647887323938
0.5503355704697981
0.5454545454545451
0.5069444444444436
0.5479452054794532
0.6000000000000009
0.4729729729729723
0.5684931506849328
0.5675675675675672
0.5197368421052636
0.6308724832214758
0.5034965034965032
0.5202702702702696
0.58041958041958
0.47712418300653525
0.5306122448979596
0.5034965034965032
0.5973154362416101
0.5410958904109601
0.5100671140939592
0.5430463576158936
0.5270270270270264
0.5379310344827594
0.5586206896551732
0.6040268456375832
0.6503496503496498
0.5724137931034491
0.5208333333333325
0.5646258503401365
0.5714285714285718
0.5165562913907279
0.5838926174496638
0.5547945205479464
0.5466666666666663
0.6137931034482768
0.4733333333333327
0.5986842105263158
0.5442176870748303
0.5466666666666663
0.5763888888888878
0.6148648648648648
0.5695364238410593
0.6190476190476195
0.5637583892617444
0.5972222222222211
0.5723684210526317
0.5517241379310353
0.5733333333333331
0.6013986013986009
0.5347222222222213
0.503401360544218
0.5103448275862076
0.6054421768707487
0.5104895104895102
0.5666666666666664
0.5915492957746473
0.5472972972972968
0.6095890410958918
0.5695364238410593
0.575342465753426
0.5724137931034491
0.5302013422818787
0.5472972972972968
0.5399999999999996
0.5347222222222213
0.5684931506849328
0.48630136986301464
0.6225165562913907
0.6266666666666668
0.6357615894039735
0.5915492957746473
0.5238095238095242
0.5973154362416101
0.5430463576158936
0.6040268456375832
0.5379310344827594
0.574324324324324
0.5540540540540536
0.5866666666666666
0.5714285714285718
0.5763888888888878
0.6
0.5570469798657712
0.6190476190476195
0.596026490066225
0.5410958904109601
0.5704697986577175
0.5761589403973507
0.5684931506849328
0.5034482758620696
0.5866666666666666
0.5578231292517011
0.6122448979591841
0.6266666666666668
0.5374149659863949
0.5410958904109601
0.6095890410958918
0.5384615384615381
0.5238095238095242
0.6351351351351352
0.5570469798657712
0.6000000000000009
0.6148648648648648
0.5472972972972968
0.5592105263157897
0.591836734693878
0.6148648648648648
0.5810810810810808
0.6068965517241388
0.5945945945945944
0.6137931034482768
0.6
0.5616438356164396
0.6249999999999988
0.6158940397350993
0.6122448979591841
0.7027027027027032
0.6283783783783784
0.5608108108108104
0.5666666666666664
0.6216216216216216
0.5821917808219191
0.6575342465753441
0.6274509803921556
0.6133333333333334
0.6400000000000002
0.596026490066225
0.6180555555555544
0.6040268456375832
0.5608108108108104
0.5540540540540536
0.5724137931034491
0.6137931034482768
0.6758620689655183
0.5761589403973507
0.506756756756756
0.5578231292517011
0.5333333333333329
0.590604026845637
0.5616438356164396
0.5714285714285718
0.6190476190476195
0.6133333333333334
0.6241610738255027
0.5666666666666664
0.5771812080536907
0.49664429530201293
0.646258503401361
0.5714285714285718
0.5547945205479464
0.6086956521739127
0.6249999999999999
0.6689189189189192
0.6315789473684209
0.5399999999999996
0.5655172413793111
0.6400000000000002
0.5890410958904123
0.6158940397350993
0.6174496644295295
0.6597222222222209
0.6821192052980135
0.573426573426573
0.6148648648648648
0.5364238410596022
0.5945945945945944
0.6486486486486488
0.5782312925170072
0.5714285714285718
0.5878378378378376
0.5608108108108104
0.6216216216216216
0.6026490066225164
0.6026490066225164
0.6575342465753441
0.5838926174496638
0.6232876712328782
0.6644295302013415
0.6551724137931044
0.5821917808219191
0.6351351351351352
0.5562913907284764
0.6291390728476821
0.5578231292517011
0.6351351351351352
0.5799999999999998
0.5294117647058815
0.5890410958904123
0.6274509803921556
0.6225165562913907
0.5782312925170072
0.6107382550335564
0.6598639455782318
0.5675675675675672
0.6866666666666672
0.6369863013698646
0.6394557823129257
0.6095890410958918
0.5921052631578948
0.6291390728476821
0.6621621621621624
0.6
0.5695364238410593
0.6026490066225164
0.591836734693878
0.6107382550335564
0.586206896551725
0.6148648648648648
0.6351351351351352
0.6158940397350993
0.6622516556291392
0.5921052631578948
0.6133333333333334
0.6308724832214758
0.6283783783783784
0.5782312925170072
0.5866666666666666
0.6923076923076916
0.6400000000000002
0.596026490066225
0.5616438356164396
0.5540540540540536
0.6232876712328782
0.6232876712328782
0.5333333333333329
0.5878378378378376
0.5985915492957741
0.591836734693878
0.5810810810810808
0.6308724832214758
0.645833333333332
0.616883116883116
0.5763888888888878
0.6666666666666653
0.6369863013698646
0.6486486486486488
0.6190476190476195
0.5789473684210528
0.6400000000000002
0.6
0.6216216216216216
0.5958904109589055
0.6711409395973147
0.6333333333333335
0.5782312925170072
0.5779220779220774
0.5878378378378376
0.6000000000000009
0.6438356164383577
0.616438356164385
0.6827586206896562
0.5578231292517011
0.5855263157894738
0.5945945945945944
0.5890410958904123
0.684563758389261
0.5695364238410593
0.591836734693878
0.6291390728476821
0.6122448979591841
0.6490066225165564
0.6711409395973147
0.6301369863013714
0.5894039735099336
0.6056338028169008
0.6
0.5666666666666664
0.6711409395973147
0.5763888888888878
0.684563758389261
0.5986842105263158
0.6
0.5695364238410593
0.6333333333333335
0.6266666666666668
0.6369863013698646
0.6249999999999999
0.590604026845637
0.69178082191781
0.641891891891892
0.675324675324674
0.6442953020134221
0.5838926174496638
0.6301369863013714
0.6137931034482768
0.6666666666666672
0.6535947712418287
0.6357615894039735
0.5810810810810808
0.5973154362416101
0.6054421768707487
0.6283783783783784
0.6711409395973147
0.6122448979591841
0.6600000000000004
0.7019867549668878
0.6200000000000001
0.6308724832214758
0.5894039735099336
0.6133333333333334
0.6291390728476821
0.680272108843538
0.6912751677852341
0.6381578947368419
0.6013513513513512
0.6688741721854307
0.7400000000000009
0.6598639455782318
0.6351351351351352
0.6174496644295295
0.6533333333333337
0.6797385620915019
0.6527777777777765
0.6490066225165564
0.7241379310344839
0.657894736842105
0.680272108843538
0.5878378378378376
0.7191780821917827
0.6026490066225164
0.6575342465753441
0.6148648648648648
0.6190476190476195
0.7114093959731536
0.6797385620915019
0.6688741721854307
0.675324675324674
0.680272108843538
0.6778523489932878
0.6554054054054056
0.6322580645161298
0.6493506493506482
0.6666666666666672
0.6510067114093953
0.6896551724137941
0.6620689655172424
0.6275862068965526
0.6754966887417221
0.5821917808219191
0.6200000000000001
0.6233766233766225
0.6107382550335564
0.6711409395973147
0.6249999999999999
0.7006802721088441
0.7054794520547963
0.6689189189189192
0.6533333333333337
0.6644295302013415
0.6800000000000005
0.6174496644295295
0.608108108108108
0.6184210526315789
0.6736111111111097
0.579310344827587
0.6333333333333335
0.6148648648648648
0.645833333333332
0.6821192052980135
0.6533333333333337
0.6800000000000005
0.5570469798657712
0.6482758620689665
0.5677419354838715
0.6938775510204087
0.6959459459459464
0.6174496644295295
0.6556291390728478
0.6600000000000004
0.641891891891892
0.6883116883116869
0.641891891891892
0.6394557823129257
0.6575342465753441
0.6891891891891896
0.6308724832214758
0.684563758389261
0.6068965517241388
0.641891891891892
0.6577181208053684
0.5761589403973507
0.6266666666666668
0.641891891891892
0.6107382550335564
0.6896551724137941
0.675675675675676
0.5782312925170072
0.6644295302013415
0.6516129032258072
0.6209150326797374
0.671052631578947
0.6643835616438373
0.6866666666666672
0.5666666666666664
0.6438356164383577
0.645833333333332
0.6666666666666671
0.6530612244897964
0.6907894736842101
0.6622516556291392
0.6274509803921556
0.6979865771812073
0.6622516556291392
0.596026490066225
0.7229729729729736
0.6470588235294105
0.6780821917808236
0.5761589403973507
0.6622516556291392
0.6339869281045739
0.6137931034482768
0.6107382550335564
0.6866666666666672
0.6688741721854307
0.6533333333333337
0.6827586206896562
0.646666666666667
0.7105263157894731
0.641891891891892
0.6428571428571418
0.6689655172413803
0.6689655172413803
0.6478873239436613
0.7449664429530193
0.6754966887417221
0.6357615894039735
0.6666666666666671
0.6357615894039735
0.6092715231788078
0.7006802721088441
0.641891891891892
0.5838926174496638
0.6241610738255027
0.6326530612244903
0.6622516556291392
0.6933333333333339
0.6308724832214758
0.6785714285714272
0.6666666666666671
0.7006802721088441
0.6241610738255027
0.6973684210526311
0.6274509803921556
0.6190476190476195
0.6953642384105964
0.642384105960265
0.7019867549668878
0.6266666666666668
0.6200000000000001
0.6622516556291392
0.6933333333333339
0.6575342465753441
0.6122448979591841
0.6333333333333335
0.680272108843538
0.6938775510204087
0.6621621621621624
0.6857142857142843
0.6666666666666671
0.6824324324324328
0.6598639455782318
0.6862745098039201
0.6907894736842101
0.7218543046357621
0.6870748299319733
0.6621621621621624
0.7284768211920535
0.6486486486486488
0.6688741721854307
0.6530612244897964
0.6734693877551026
0.7229729729729736
0.6734693877551026
0.6291390728476821
0.6800000000000005
0.6862745098039201
0.6870748299319733
0.6938775510204087
0.6158940397350993
0.6896551724137941
0.6732026143790836
0.6887417218543049
0.7000000000000006
0.6643835616438373
0.6486486486486488
0.7260273972602759
0.7236842105263152
0.7191780821917827
0.6351351351351352
0.6510067114093953
0.6891891891891896
0.6979865771812073
0.6933333333333339
0.6506849315068509
0.7635135135135144
0.6490066225165564
0.660130718954247
0.6490066225165564
0.6216216216216216
0.6308724832214758
0.6959459459459464
0.7123287671232895
0.6689655172413803
0.684563758389261
0.6866666666666672
0.6824324324324328
0.7302631578947362
0.6959459459459464
0.7123287671232895
0.6621621621621624
0.7202797202797195
0.713333333333334
0.6666666666666653
0.7171052631578941
0.6357615894039735
0.6979865771812073
0.6862745098039201
0.713333333333334
0.7181208053691267
0.7046979865771804
0.6973684210526311
0.7171052631578941
0.6953642384105964
0.6266666666666668
0.7191780821917827
0.6428571428571418
0.6442953020134221
0.6938775510204087
0.616438356164385
0.6938775510204087
0.6824324324324328
0.6666666666666672
0.6933333333333339
0.6824324324324328
0.6577181208053684
0.713333333333334
0.6
0.7397260273972622
0.7162162162162168
0.6866666666666672
0.675675675675676
0.6733333333333338
0.6174496644295295
0.6600000000000004
0.6283783783783784
0.6644295302013415
0.7350993377483449
0.6689189189189192
0.660130718954247
0.7499999999999983
0.6530612244897964
0.6225165562913907
0.6734693877551026
0.7385620915032663
0.684563758389261
0.7635135135135144
0.6092715231788078
0.6903225806451622
0.6754966887417221
0.7039473684210521
0.6689189189189192
0.675675675675676
0.7320261437908481
0.6754966887417221
0.6818181818181804
0.6598639455782318
0.7171052631578941
0.6688311688311676
0.6283783783783784
0.713333333333334
0.7260273972602759
0.6821192052980135
0.657894736842105
0.7006802721088441
0.6778523489932878
0.70945945945946
0.6666666666666653
0.6274509803921556
0.6887417218543049
0.6554054054054056
0.7027027027027032
0.6442953020134221
0.5799999999999998
0.7466666666666676
0.684210526315789
0.6883116883116869
0.6556291390728478
0.743243243243244
0.6824324324324328
0.6339869281045739
0.7189542483660115
0.7517241379310357
0.6644295302013415
0.7210884353741502
0.7449664429530193
0.6732026143790836
0.7086092715231792
0.6577181208053684
0.6754966887417221
0.6821192052980135
0.6447368421052629
0.7718120805369119
0.7019867549668878
0.6249999999999999
0.6711409395973147
0.6400000000000002
0.6666666666666671
0.684210526315789
0.6778523489932878
0.664473684210526
0.7046979865771804
0.7302631578947362
0.6688741721854307
0.677631578947368
0.7027027027027032
0.6308724832214758
0.6821192052980135
0.7105263157894731
0.6428571428571418
0.7066666666666673
0.6118421052631579
0.6938775510204087
0.7218543046357621
0.7533333333333343
0.6400000000000002
0.651315789473684
0.6381578947368419
0.7229729729729736
0.7417218543046363
0.677631578947368
0.7466666666666676
0.7181208053691267
0.7402597402597384
0.6438356164383577
0.6953642384105964
0.6711409395973147
0.7368421052631572
0.7236842105263152
0.7200000000000008
0.7402597402597384
0.6973684210526311
0.7046979865771804
0.7142857142857149
0.7200000000000008
0.646666666666667
0.6666666666666671
0.7400000000000009
0.6953642384105964
0.713333333333334
0.6891891891891896
0.7086092715231792
0.6821192052980135
0.6907894736842101
0.7368421052631572
0.7066666666666673
0.6442953020134221
0.7565789473684202
0.6953642384105964
0.6558441558441547
0.7181208053691267
0.6948051948051933
0.7171052631578941
0.7200000000000008
0.7597402597402577
0.6621621621621624
0.641891891891892
0.6413793103448285
0.713333333333334
0.6577181208053684
0.70945945945946
0.6666666666666671
0.5947712418300642
0.7254901960784298
0.6938775510204087
0.696774193548388
0.7434210526315782
0.6621621621621624
0.675675675675676
0.7000000000000006
0.6754966887417221
0.6979865771812073
0.7483443708609278
0.6688741721854307
0.6400000000000002
0.6979865771812073
0.7364864864864872
0.7200000000000008
0.7000000000000006
0.6891891891891896
0.6644295302013415
0.7207792207792191
0.7152317880794706
0.6644295302013415
0.7248322147650998
0.6973684210526311
0.7631578947368413
0.657894736842105
0.6326530612244903
0.6490066225165564
0.7046979865771804
0.7218543046357621
0.7046979865771804
0.7046979865771804
0.6993464052287567
0.713333333333334
0.7350993377483449
0.6000000000000009
0.7019867549668878
0.6688741721854307
0.7364864864864872
0.675675675675676
0.6666666666666653
0.7019867549668878
0.641891891891892
0.7218543046357621
0.7229729729729736
0.7354838709677429
0.6986301369863032
0.6351351351351352
0.6754966887417221
0.6666666666666672
0.6600000000000004
0.6556291390728478
0.6486486486486488
0.646666666666667
0.7857142857142835
0.713333333333334
0.7181208053691267
0.7218543046357621
0.7919463087248313
0.734693877551021
0.6533333333333337
0.760000000000001
0.7333333333333342
0.664473684210526
0.7254901960784298
0.6734693877551026
0.6827586206896562
0.7152317880794706
0.7229729729729736
0.7124183006535932
0.7631578947368413
0.6959459459459464
0.7284768211920535
0.6535947712418287
0.7162162162162168
0.6689189189189192
0.6689655172413803
0.6621621621621624
0.7302631578947362
0.6838709677419363
0.7866666666666678
0.7651006711409387
0.705882352941175
0.7019867549668878
0.6754966887417221
0.7152317880794706
0.6800000000000005
0.7483443708609278
0.6953642384105964
0.7350993377483449
0.7207792207792191
0.7066666666666673
0.675675675675676
0.70945945945946
0.6907894736842101
0.7739726027397281
0.7712418300653577
0.7450980392156846
0.7687074829931979
0.7236842105263152
0.7066666666666673
0.6666666666666653
0.7333333333333342
0.7302631578947362
0.7449664429530193
0.6933333333333339
0.70945945945946
0.7000000000000006
0.7172413793103459
0.641891891891892
0.7414965986394564
0.6953642384105964
0.7114093959731536
0.7483443708609278
0.705882352941175
0.7350993377483449
0.7368421052631572
0.7236842105263152
0.6688741721854307
0.7006802721088441
0.6928104575163384
0.7200000000000008
0.7814569536423849
0.705882352941175
0.7229729729729736
0.7434210526315782
0.7096774193548396
0.7382550335570461
0.7402597402597384
0.6780821917808236
0.8026315789473674
0.646258503401361
0.7039473684210521
0.7039473684210521
0.7382550335570461
0.7434210526315782
0.7382550335570461
0.7533333333333343
0.6533333333333337
0.7382550335570461
0.7189542483660115
0.7368421052631572
0.7467532467532448
0.7248322147650998
0.733766233766232
0.731543624161073
0.7467532467532448
0.7200000000000008
0.7171052631578941
0.710344827586208
0.6733333333333338
0.671052631578947
0.7200000000000008
0.7697368421052623
0.675324675324674
0.6666666666666671
0.6866666666666672
0.7697368421052623
0.7302631578947362
0.6666666666666671
0.7272727272727255
0.7647058823529395
0.7581699346405212
0.7382550335570461
0.6734693877551026
0.6973684210526311
0.7260273972602759
0.6887417218543049
0.7254901960784298
0.7320261437908481
0.7467532467532448
0.743243243243244
0.7466666666666676
0.760000000000001
0.7583892617449656
0.7266666666666675
0.7284768211920535
0.7181208053691267
0.7748344370860935
0.6883116883116869
0.6928104575163384
0.7400000000000009
0.7210884353741502
0.7755102040816333
0.7662337662337642
0.7382550335570461
0.7006802721088441
0.6600000000000004
0.7718120805369119
0.6928104575163384
0.6556291390728478
0.7371794871794856
0.7200000000000008
0.7450980392156846
0.7581699346405212
0.7200000000000008
0.7114093959731536
0.7171052631578941
0.7417218543046363
0.7647058823529395
0.6805555555555541
0.7027027027027032
0.7248322147650998
0.6953642384105964
0.8051948051948028
0.7516778523489924
0.7450980392156846
0.7483443708609278
0.7619047619047625
0.7032258064516138
0.6800000000000005
0.7364864864864872
0.7499999999999992
0.7254901960784298
0.7449664429530193
0.7467532467532448
0.7284768211920535
0.7748344370860935
0.7973856209150308
0.7218543046357621
0.6600000000000004
0.7114093959731536
0.7066666666666673
0.7350993377483449
0.7077922077922062
0.7350993377483449
0.713333333333334
0.7284768211920535
0.7368421052631572
0.696774193548388
0.6928104575163384
0.7549668874172192
0.7320261437908481
0.7218543046357621
0.7565789473684202
0.7218543046357621
0.7046979865771804
0.7434210526315782
0.7096774193548396
0.7218543046357621
0.6887417218543049
0.7350993377483449
0.6797385620915019
0.7763157894736833
0.7077922077922062
0.6953642384105964
0.8000000000000013
0.7532467532467513
0.7320261437908481
0.7828947368421043
0.6733333333333338
0.7181208053691267
0.7350993377483449
0.7290322580645171
0.7712418300653577
0.6973684210526311
0.7908496732026126
0.7189542483660115
0.7189542483660115
0.7278911564625856
0.7162162162162168
0.7828947368421043
0.6688311688311676
0.7162162162162168
0.7631578947368413
0.7567567567567576
0.7417218543046363
0.7933333333333346
0.7434210526315782
0.7162162162162168
0.7631578947368413
0.7919463087248313
0.6556291390728478
0.7919463087248313
0.777027027027028
0.6797385620915019
0.6979865771812073
0.7400000000000009
0.7266666666666675
0.7533333333333343
0.7565789473684202
0.7229729729729736
0.7466666666666676
0.7933333333333346
0.8079470198675506
0.7922077922077899
0.7368421052631572
0.7499999999999992
0.6797385620915019
0.8000000000000013
0.7402597402597384
0.7718120805369119
0.7368421052631572
0.7162162162162168
0.7019867549668878
0.7000000000000006
0.7171052631578941
0.7189542483660115
0.8000000000000012
0.7152317880794706
0.7647058823529395
0.6993464052287567
0.7533333333333343
0.7354838709677429
0.7615894039735106
0.6622516556291392
0.7828947368421043
0.7894736842105253
0.7615894039735106
0.7548387096774204
0.7651006711409387
0.7651006711409387
0.7959183673469394
0.7516778523489924
0.70945945945946
0.7500000000000008
0.6688741721854307
0.7894736842105253
0.7947019867549677
0.7243589743589728
0.7368421052631572
0.7382550335570461
0.7402597402597384
0.6973684210526311
0.731543624161073
0.7189542483660115
0.7181208053691267
0.7697368421052623
0.6883116883116869
0.7583892617449656
0.7727272727272706
0.7162162162162168
0.7814569536423849
0.743243243243244
0.7074829931972795
0.768211920529802
0.7800000000000011
0.713333333333334
0.7364864864864872
0.7763157894736833
0.7039473684210521
0.7207792207792191
0.779220779220777
0.7880794701986763
0.7631578947368413
0.7218543046357621
0.7086092715231792
0.7450980392156846
0.777777777777776
0.7449664429530193
0.7114093959731536
0.777777777777776
0.6800000000000005
0.8079470198675506
0.7516778523489924
0.7866666666666678
0.7548387096774204
0.7400000000000009
0.7333333333333342
0.7284768211920535
0.7333333333333342
0.7400000000000009
0.7000000000000006
0.6891891891891896
0.7019867549668878
0.7218543046357621
0.7200000000000008
0.7414965986394564
0.713333333333334
0.7516339869281029
0.7647058823529395
0.760000000000001
0.7434210526315782
0.7814569536423849
0.7152317880794706
0.7631578947368413
0.8104575163398674
0.7105263157894731
0.7236842105263152
0.7748344370860935
0.7385620915032663
0.7254901960784298
0.825503355704697
0.7828947368421043
0.6973684210526311
0.7402597402597384
0.7114093959731536
0.7333333333333342
0.7450980392156846
0.7635135135135144
0.7161290322580655
0.7960526315789463
0.7450980392156846
0.7712418300653577
0.7434210526315782
0.7364864864864872
0.7434210526315782
0.7039473684210521
0.7894736842105253
0.7551020408163271
0.7972972972972984
0.7852348993288581
0.8157894736842094
0.7027027027027032
0.7843137254901943
0.7266666666666675
0.7142857142857126
0.7218543046357621
0.7466666666666676
0.7236842105263152
0.7857142857142835
0.7581699346405212
0.6866666666666672
0.8013245033112592
0.760000000000001
0.7516339869281029
0.760000000000001
0.7516778523489924
0.7814569536423849
0.7666666666666677
0.7225806451612913
0.7354838709677429
0.7467532467532448
0.760000000000001
0.7748344370860935
0.7284768211920535
0.7960526315789463
0.7919463087248313
0.7666666666666677
0.7697368421052623
0.7880794701986763
0.7354838709677429
0.7727272727272706
0.7662337662337642
0.7581699346405212
0.7449664429530193
0.7467532467532448
0.731543624161073
0.7748344370860935
0.7631578947368413
0.8040540540540552
0.8000000000000013
0.7666666666666677
0.7635135135135144
0.7615894039735106
0.7733333333333344
0.8013245033112592
0.7302631578947362
0.713333333333334
0.8311688311688286
0.7254901960784298
0.7820512820512803
0.7266666666666675
0.777027027027028
0.7565789473684202
0.7947019867549677
0.7718120805369119
0.760000000000001
0.7894736842105253
0.7615894039735106
0.777777777777776
0.7483443708609278
0.7046979865771804
0.7499999999999992
0.7635135135135144
0.7908496732026126
0.7266666666666675
0.7371794871794856
0.7499999999999983
0.7837837837837848
0.7434210526315782
0.7302631578947362
0.7697368421052623
0.7152317880794706
0.7483443708609278
0.7254901960784298
0.6928104575163384
0.7549668874172192
0.8040540540540552
0.7402597402597384
0.7499999999999992
0.7733333333333344
0.684563758389261
0.7207792207792191
0.7635135135135144
0.7894736842105253
0.7615894039735106
0.7960526315789463
0.7748344370860935
0.7400000000000009
0.7549668874172192
0.7278911564625856
0.7467532467532448
0.7482993197278918
0.779220779220777
0.7400000000000009
0.7236842105263152
0.7450980392156846
0.7499999999999992
0.7039473684210521
0.7597402597402577
0.7152317880794706
0.7466666666666676
0.7419354838709687
0.7947019867549677
0.7086092715231792
0.768211920529802
0.760000000000001
0.6862745098039201
0.8039215686274491
0.7218543046357621
0.777777777777776
0.7712418300653577
0.7814569536423849
0.734693877551021
0.7662337662337642
0.7651006711409387
0.777777777777776
0.7364864864864872
0.7733333333333344
0.7814569536423849
0.7748344370860935
0.7152317880794706
0.7302631578947362
0.7828947368421043
0.7152317880794706
0.743243243243244
0.7385620915032663
0.7615894039735106
0.7483443708609278
0.7254901960784298
0.7124183006535932
0.7647058823529395
0.7647058823529395
0.7417218543046363
0.705882352941175
0.8322147651006702
0.7755102040816333
0.8051948051948028
0.7814569536423849
0.7597402597402577
0.7266666666666675
0.7152317880794706
0.7933333333333346
0.8120805369127507
0.8562091503267953
0.7019867549668878
0.8092105263157884
0.7533333333333343
0.7499999999999992
0.7581699346405212
0.7499999999999992
0.7857142857142835
0.7828947368421043
0.7124183006535932
0.8104575163398674
0.7837837837837848
0.7483443708609278
0.7959183673469394
0.7852348993288581
0.7647058823529395
0.8104575163398674
0.7450980392156846
0.7548387096774204
0.8120805369127507
0.7763157894736833
0.760000000000001
0.8600000000000017
0.7549668874172192
0.7482993197278918
0.7687074829931979
0.7615894039735106
0.7499999999999992
0.7449664429530193
0.7800000000000011
0.7449664429530193
0.7218543046357621
0.7763157894736833
0.7417218543046363
0.8053691275167776
0.7748344370860935
0.7483443708609278
0.7152317880794706
0.7066666666666673
0.7908496732026126
0.7933333333333346
0.8092105263157884
0.8040540540540552
0.7806451612903237
0.8169934640522857
0.7565789473684202
0.7450980392156846
0.7814569536423849
0.743243243243244
0.7986577181208044
0.7647058823529395
0.7466666666666676
0.8187919463087239
0.7894736842105253
0.8666666666666684
0.7012987012986998
0.777777777777776
0.7814569536423849
0.7162162162162168
0.8104575163398674
0.8187919463087239
0.7880794701986763
0.768211920529802
0.7549668874172192
0.7142857142857126
0.7828947368421043
0.7417218543046363
0.7727272727272706
0.7800000000000011
0.7631578947368413
0.8039215686274491
0.779220779220777
0.7697368421052623
0.7631578947368413
0.7828947368421043
0.743243243243244
0.7320261437908481
0.8051948051948028
0.7947019867549677
0.8223684210526304
0.7814569536423849
0.7516339869281029
0.7651006711409387
0.7662337662337642
0.7333333333333342
0.7483870967741946
0.7516339869281029
0.7748344370860935
0.6973684210526311
0.7499999999999992
0.7697368421052623
0.7828947368421043
0.7364864864864872
0.7449664429530193
0.7368421052631572
0.7615894039735106
0.7631578947368413
0.8466666666666682
0.7483443708609278
0.7852348993288581
0.8300653594771222
0.7320261437908481
0.7697368421052623
0.7843137254901943
0.8133333333333347
0.7647058823529395
0.8506493506493479
0.8289473684210514
0.8366013071895405
0.7814569536423849
0.777777777777776
0.7449664429530193
0.7697368421052623
0.8636363636363608
0.7533333333333343
0.7450980392156846
0.8079470198675506
0.7207792207792191
0.8013245033112592
0.7727272727272706
0.7615894039735106
0.7806451612903237
0.760000000000001
0.7449664429530193
0.7935483870967753
0.7666666666666677
0.7880794701986763
0.8211920529801334
0.837662337662335
0.767741935483872
0.7662337662337642
0.7973856209150308
0.7828947368421043
0.7142857142857126
0.7565789473684202
0.7870967741935495
0.7466666666666676
0.768211920529802
0.8026315789473674
0.7986577181208044
0.8175675675675688
0.7843137254901943
0.777027027027028
0.8355263157894725
0.7419354838709687
0.7806451612903237
0.7516778523489924
0.7333333333333342
0.7894736842105253
0.7533333333333343
0.8026315789473674
0.7549668874172192
0.8410596026490077
0.8079470198675506
0.8051948051948028
0.8116883116883092
0.7364864864864872
0.7382550335570461
0.7748344370860935
0.8039215686274491
0.8543046357615905
0.7499999999999992
0.7207792207792191
0.778523489932885
0.7894736842105253
0.8175675675675688
0.7450980392156846
0.7733333333333344
0.7302631578947362
0.823529411764704
0.7828947368421043
0.8211920529801334
0.8026315789473674
0.7947019867549677
0.7666666666666677
0.7124183006535932
0.8175675675675688
0.8187919463087239
0.806666666666668
0.7434210526315782
0.8278145695364248
0.6818181818181804
0.7631578947368413
0.7414965986394564
0.7733333333333344
0.8300653594771222
0.8104575163398674
0.7551020408163271
0.8079470198675506
0.8039215686274491
0.713333333333334
0.8211920529801334
0.7565789473684202
0.8079470198675506
0.7368421052631572
0.7302631578947362
0.8223684210526304
0.7434210526315782
0.7631578947368413
0.8223684210526304
0.7417218543046363
0.7631578947368413
0.8866666666666685
0.8079470198675506
0.7152317880794706
0.814569536423842
0.7733333333333344
0.7631578947368413
0.7880794701986763
0.768211920529802
0.814569536423842
0.806666666666668
0.7500000000000008
0.7499999999999992
0.7450980392156846
0.814569536423842
0.7551020408163271
0.777777777777776
0.7880794701986763
0.844594594594596
0.7741935483870979
0.7894736842105253
0.7880794701986763
0.7647058823529395
0.7385620915032663
0.7870967741935495
0.768211920529802
0.7385620915032663
0.7755102040816333
0.7467532467532448
0.7748344370860935
0.7828947368421043
0.837662337662335
0.8092105263157884
0.7866666666666678
0.7302631578947362
0.7581699346405212
0.7647058823529395
0.7800000000000011
0.7189542483660115
0.7933333333333346
0.8289473684210514
0.7189542483660115
0.7712418300653577
0.7987012987012964
0.8278145695364248
0.7500000000000008
0.7857142857142835
0.7987012987012964
0.8410596026490077
0.7266666666666675
0.760000000000001
0.7823129251700687
0.7635135135135144
0.7973856209150308
0.806666666666668
0.8092105263157884
0.7466666666666676
0.7105263157894731
0.7733333333333344
0.8181818181818157
0.779220779220777
0.7933333333333346
0.7499999999999992
0.7350993377483449
0.7814569536423849
0.8355263157894725
0.814569536423842
0.7814569536423849
0.7828947368421043
0.7908496732026126
0.7350993377483449
0.7350993377483449
0.7105263157894731
0.8120805369127507
0.8000000000000013
0.7516339869281029
0.8079470198675506
0.8378378378378392
0.8013245033112592
0.8246753246753221
0.7417218543046363
0.7986577181208044
0.7727272727272706
0.8039215686274491
0.8039215686274491
0.8366013071895405
0.7947019867549677
0.7733333333333344
0.7922077922077899
0.8310810810810824
0.7597402597402577
0.7908496732026126
0.7647058823529395
0.7935483870967753
0.823529411764704
0.8486842105263145
0.7800000000000011
0.8300653594771222
0.7922077922077899
0.8246753246753221
0.7733333333333344
0.7583892617449656
0.7565789473684202
0.8104575163398674
0.7866666666666678
0.7019867549668878
0.8039215686274491
0.777777777777776
0.8355263157894725
0.7973856209150308
0.7718120805369119
0.7973856209150308
0.8410596026490077
0.8400000000000015
0.8133333333333347
0.7748344370860935
0.7908496732026126
0.8344370860927163
0.823529411764704
0.7171052631578941
0.7763157894736833
0.7533333333333343
0.8300653594771222
0.8039215686274491
0.7402597402597384
0.7960526315789463
0.7973856209150308
0.825503355704697
0.8366013071895405
0.814569536423842
0.7908496732026126
0.814569536423842
0.7880794701986763
0.8104575163398674
0.7200000000000008
0.837662337662335
0.8079470198675506
0.8387096774193561
0.8026315789473674
0.8079470198675506
0.8133333333333347
0.8079470198675506
0.810810810810812
0.7662337662337642
0.7880794701986763
0.8026315789473674
0.7947019867549677
0.8476821192052991
0.7748344370860935
0.8389261744966433
0.8157894736842094
0.8831168831168801
0.8815789473684196
0.8657718120805359
0.8322147651006702
0.777777777777776
0.7843137254901943
0.7814569536423849
0.7960526315789463
0.7302631578947362
0.7499999999999983
0.7400000000000009
0.806666666666668
0.837662337662335
0.7419354838709687
0.8344370860927163
0.8533333333333349
0.7631578947368413
0.7973856209150308
0.8355263157894725
0.8387096774193561
0.7581699346405212
0.7466666666666676
0.7727272727272706
0.7702702702702712
0.7647058823529395
0.7615894039735106
0.8431372549019588
0.8169934640522857
0.8223684210526304
0.7828947368421043
0.8169934640522857
0.7960526315789463
0.7866666666666678
0.7597402597402577
0.8366013071895405
0.8421052631578935
0.7500000000000008
0.8157894736842094
0.7828947368421043
0.8157894736842094
0.8552631578947355
0.7748344370860935
0.8039215686274491
0.8013245033112592
0.8441558441558414
0.8246753246753221
0.7748344370860935
0.7712418300653577
0.7960526315789463
0.8311688311688286
0.7922077922077899
0.837662337662335
0.8223684210526304
0.7483443708609278
0.8278145695364248
0.7718120805369119
0.7894736842105253
0.8421052631578935
0.7483443708609278
0.8150684931506872
0.823529411764704
0.8187919463087239
0.8116883116883092
0.8013245033112592
0.768211920529802
0.8000000000000012
0.8300653594771222
0.8026315789473674
0.8300653594771222
0.7935483870967753
0.7987012987012964
0.7272727272727255
0.7894736842105253
0.8053691275167776
0.7320261437908481
0.7908496732026126
0.7692307692307675
0.7919463087248313
0.8684210526315775
0.8366013071895405
0.8344370860927163
0.733766233766232
0.7368421052631572
0.8266666666666681
0.7960526315789463
0.8486842105263145
0.8157894736842094
0.7960526315789463
0.8289473684210514
0.7973856209150308
0.837662337662335
0.837662337662335
0.7947019867549677
0.7986577181208044
0.7647058823529395
0.7908496732026126
0.8322147651006702
0.8157894736842094
0.8278145695364248
0.7884615384615367
0.8675496688741734
0.8709677419354852
0.823529411764704
0.7483443708609278
0.7960526315789463
0.8193548387096786
0.8104575163398674
0.777777777777776
0.779220779220777
0.7718120805369119
0.778523489932885
0.7960526315789463
0.7483443708609278
0.7748344370860935
0.8026315789473674
0.7583892617449656
0.7419354838709687
0.760000000000001
0.7651006711409387
0.7712418300653577
0.7922077922077899
0.8104575163398674
0.8104575163398674
0.8223684210526304
0.7894736842105253
0.8157894736842094
0.8079470198675506
0.8410596026490077
0.8157894736842094
0.814569536423842
0.814569536423842
0.7583892617449656
0.7947019867549677
0.8466666666666682
0.777777777777776
0.8506493506493479
0.7631578947368413
0.8431372549019588
0.8800000000000018
0.8322580645161303
0.8223684210526304
0.794871794871793
0.7857142857142835
0.7843137254901943
0.7894736842105253
0.8243243243243256
0.8421052631578935
0.779220779220777
0.8000000000000013
0.8129032258064528
0.8552631578947355
0.7382550335570461
0.8092105263157884
0.7828947368421043
0.814569536423842
0.8733333333333351
0.7748344370860935
0.7800000000000011
0.8300653594771222
0.8866666666666685
0.8211920529801334
0.8000000000000013
0.8366013071895405
0.8120805369127507
0.8258064516129044
0.8157894736842094
0.7402597402597384
0.8039215686274491
0.7806451612903237
0.8026315789473674
0.8039215686274491
0.8749999999999986
0.7960526315789463
0.8133333333333347
0.8523489932885896
0.7763157894736833
0.7987012987012964
0.8104575163398674
0.8104575163398674
0.7987012987012964
0.837662337662335
0.7748344370860935
0.8104575163398674
0.8344370860927163
0.8157894736842094
0.7727272727272706
0.7814569536423849
0.7960526315789463
0.8223684210526304
0.8157894736842094
0.7763157894736833
0.8013245033112592
0.8278145695364248
0.8506493506493479
0.7987012987012964
0.8278145695364248
0.8040540540540552
0.7763157894736833
0.7828947368421043
0.8116883116883092
0.8258064516129044
0.8193548387096786
0.7894736842105253
0.777777777777776
0.7666666666666677
0.8311688311688286
0.8051948051948028
0.8076923076923058
0.8562091503267953
0.8104575163398674
0.7385620915032663
0.767741935483872
0.8947368421052616
0.7987012987012964
0.8344370860927163
0.8476821192052991
0.7828947368421043
0.8223684210526304
0.8410596026490077
0.8618421052631565
0.8311688311688286
0.8258064516129044
0.8079470198675506
0.8580645161290336
0.8562091503267953
0.8095238095238102
0.814569536423842
0.8627450980392136
0.7727272727272706
0.8223684210526304
0.7320261437908481
0.7894736842105253
0.8175675675675688
0.8133333333333347
0.7748344370860935
0.8333333333333348
0.7697368421052623
0.8243243243243256
0.8387096774193561
0.8278145695364248
0.8421052631578935
0.7823129251700687
0.7727272727272706
0.7733333333333344
0.8410596026490077
0.8211920529801334
0.8389261744966433
0.8421052631578935
0.8200000000000014
0.8092105263157884
0.8026315789473674
0.8104575163398674
0.7533333333333343
0.860927152317882
0.7800000000000011
0.777777777777776
0.8193548387096786
0.8157894736842094
0.7987012987012964
0.8322147651006702
0.8157894736842094
0.806666666666668
0.779220779220777
0.8289473684210514
0.7583892617449656
0.7450980392156846
0.8129032258064528
0.8223684210526304
0.8079470198675506
0.7733333333333344
0.8378378378378392
0.8181818181818157
0.7894736842105253
0.7922077922077899
0.8181818181818157
0.8627450980392136
0.8013245033112592
0.872483221476509
0.8496732026143771
0.8258064516129044
0.823529411764704
0.8181818181818157
0.8039215686274491
0.8120805369127507
0.7947019867549677
0.87837837837838
0.733766233766232
0.823529411764704
0.8163265306122456
0.7862068965517254
0.8562091503267953
0.8410596026490077
0.8181818181818157
0.8278145695364248
0.8129032258064528
0.8039215686274491
0.8246753246753221
0.8040540540540552
0.8506493506493479
0.7733333333333344
0.7763157894736833
0.8322580645161303
0.767741935483872
0.8157894736842094
0.7857142857142835
0.8486842105263145
0.7894736842105253
0.8506493506493479
0.8169934640522857
0.7828947368421043
0.7499999999999992
0.8562091503267953
0.7987012987012964
0.806666666666668
0.8116883116883092
0.837662337662335
0.8552631578947355
0.8344370860927163
0.8193548387096786
0.7748344370860935
0.8571428571428543
0.7615894039735106
0.837662337662335
0.8431372549019588
0.7727272727272706
0.7857142857142835
0.7972972972972984
0.8400000000000015
0.8506493506493479
0.8266666666666681
0.8466666666666682
0.823529411764704
0.7947019867549677
0.7922077922077899
0.7935483870967753
0.8344370860927163
0.7748344370860935
0.8431372549019588
0.8627450980392136
0.7800000000000011
0.7933333333333346
0.7581699346405212
0.7651006711409387
0.7712418300653577
0.778523489932885
0.8157894736842094
0.7935483870967753
0.8333333333333348
0.8552631578947355
0.7894736842105253
0.7806451612903237
0.8157894736842094
0.7894736842105253
0.8104575163398674
0.8523489932885896
0.7712418300653577
0.7800000000000011
0.8181818181818157
0.7806451612903237
0.7973856209150308
0.826923076923075
0.779220779220777
0.8571428571428543
0.8141025641025622
0.8092105263157884
0.8133333333333347
0.8169934640522857
0.8400000000000015
0.7615894039735106
0.8300653594771222
0.8300653594771222
0.814569536423842
0.8095238095238102
0.8476821192052991
0.7697368421052623
0.8322580645161303
0.8181818181818157
0.8506493506493479
0.8120805369127507
0.8104575163398674
0.7959183673469394
0.8523489932885896
0.8129032258064528
0.8000000000000013
0.8684210526315775
0.837662337662335
0.7908496732026126
0.8431372549019588
0.8421052631578935
0.8543046357615905
0.8278145695364248
0.7843137254901943
0.7662337662337642
0.8079470198675506
0.7935483870967753
0.8311688311688286
0.823529411764704
0.8169934640522857
0.8636363636363608
0.8051948051948028
0.8831168831168801
0.7806451612903237
0.8675496688741734
0.7852348993288581
0.7894736842105253
0.8344370860927163
0.8366013071895405
0.8104575163398674
0.8410596026490077
0.8441558441558414
0.7870967741935495
0.8580645161290336
0.806666666666668
0.7733333333333344
0.8289473684210514
0.860927152317882
0.8366013071895405
0.8181818181818157
0.8506493506493479
0.8421052631578935
0.8223684210526304
0.8823529411764685
0.7960526315789463
0.7987012987012964
0.8355263157894725
0.8387096774193561
0.8496732026143771
0.8355263157894725
0.8157894736842094
0.8193548387096786
0.8181818181818157
0.8645161290322594
0.8456375838926165
0.8027210884353748
0.7581699346405212
0.814569536423842
0.7814569536423849
0.8211920529801334
0.8441558441558414
0.8366013071895405
0.8366013071895405
0.8246753246753221
0.8051948051948028
0.7935483870967753
0.8366013071895405
0.7647058823529395
0.7828947368421043
0.8355263157894725
0.7919463087248313
0.8211920529801334
0.8205128205128186
0.8562091503267953
0.8104575163398674
0.7935483870967753
0.8831168831168801
0.8496732026143771
0.7987012987012964
0.825503355704697
0.7866666666666678
0.7748344370860935
0.8431372549019588
0.8333333333333348
0.7631578947368413
0.8223684210526304
0.823529411764704
0.825503355704697
0.814569536423842
0.7987012987012964
0.825503355704697
0.8476821192052991
0.8496732026143771
0.8181818181818157
0.7973856209150308
0.8456375838926165
0.814569536423842
0.814569536423842
0.8104575163398674
0.7973856209150308
0.7733333333333344
0.7973856209150308
0.8645161290322594
0.8026315789473674
0.8431372549019588
0.8441558441558414
0.8516129032258077
0.8580645161290336
0.825503355704697
0.777777777777776
0.8181818181818157
0.8211920529801334
0.7806451612903237
0.8431372549019588
0.8410596026490077
0.7852348993288581
0.8580645161290336
0.8092105263157884
0.8116883116883092
0.8366013071895405
0.8116883116883092
0.806451612903227
0.8486842105263145
0.8079470198675506
0.8441558441558414
0.8181818181818157
0.8571428571428543
0.8486842105263145
0.8246753246753221
0.779220779220777
0.8666666666666684
0.8181818181818157
0.8181818181818157
0.7870967741935495
0.9032258064516143
0.8618421052631565
0.826923076923075
0.8246753246753221
0.8815789473684196
0.7960526315789463
0.8355263157894725
0.8525641025641005
0.8926174496644285
0.7894736842105253
0.9025974025973994
0.7870967741935495
0.8322580645161303
0.8051948051948028
0.8311688311688286
0.8289473684210514
0.823529411764704
0.8200000000000014
0.8079470198675506
0.8278145695364248
0.806451612903227
0.8344370860927163
0.8552631578947355
0.8181818181818157
0.8466666666666682
0.8476821192052991
0.8431372549019588
0.7935483870967753
0.8888888888888867
0.8355263157894725
0.8200000000000014
0.8026315789473674
0.8410596026490077
0.8092105263157884
0.8169934640522857
0.8223684210526304
0.9225806451612918
0.7284768211920535
0.7483443708609278
0.779220779220777
0.8169934640522857
0.826923076923075
0.8636363636363608
0.8193548387096786
0.8431372549019588
0.8181818181818157
0.7922077922077899
0.8258064516129044
0.8461538461538441
0.8311688311688286
0.837662337662335
0.837662337662335
0.8026315789473674
0.8169934640522857
0.8476821192052991
0.8322147651006702
0.8496732026143771
0.8223684210526304
0.8200000000000014
0.8496732026143771
0.8193548387096786
0.8552631578947355
0.8289473684210514
0.8896103896103865
0.8831168831168801
0.779220779220777
0.8701298701298672
0.8387096774193561
0.8300653594771222
0.8589743589743569
0.8516129032258077
0.8888888888888867
0.8766233766233736
0.8461538461538441
0.8092105263157884
0.7908496732026126
0.8666666666666684
0.8366013071895405
0.8800000000000018
0.8157894736842094
0.8461538461538441
0.7814569536423849
0.8441558441558414
0.8486842105263145
0.8421052631578935
0.8410596026490077
0.8026315789473674
0.8344370860927163
0.8193548387096786
0.8355263157894725
0.8421052631578935
0.8157894736842094
0.8675496688741734
0.8387096774193561
0.7987012987012964
0.8311688311688286
0.8552631578947355
0.7960526315789463
0.7800000000000011
0.8562091503267953
0.8333333333333348
0.825503355704697
0.823529411764704
0.823529411764704
0.8874172185430477
0.8421052631578935
0.7947019867549677
0.8193548387096786
0.8692810457516319
0.823529411764704
0.8169934640522857
0.825503355704697
0.8400000000000015
0.8431372549019588
0.8831168831168801
0.8562091503267953
0.7733333333333344
0.8181818181818157
0.8389261744966433
0.8169934640522857
0.8092105263157884
0.8562091503267953
0.8300653594771222
0.8053691275167776
0.8355263157894725
0.8496732026143771
0.8039215686274491
0.8311688311688286
0.8866666666666685
0.8104575163398674
0.8300653594771222
0.8600000000000017
0.8881578947368406
0.7712418300653577
0.823529411764704
0.8666666666666684
0.8476821192052991
0.806451612903227
0.7712418300653577
0.8888888888888867
0.7973856209150308
0.8193548387096786
0.823529411764704
0.7615894039735106
0.7843137254901943
0.8246753246753221
0.8266666666666681
0.8397435897435878
0.8366013071895405
0.8496732026143771
0.8051948051948028
0.8387096774193561
0.8246753246753221
0.8903225806451627
0.837662337662335
0.8246753246753221
0.8278145695364248
0.8496732026143771
0.8543046357615905
0.8627450980392136
0.7960526315789463
0.8543046357615905
0.7712418300653577
0.8431372549019588
0.8200000000000014
0.8410596026490077
0.8580645161290336
0.8169934640522857
0.8116883116883092
0.8026315789473674
0.8157894736842094
0.7880794701986763
0.8441558441558414
0.8169934640522857
0.8571428571428543
0.8169934640522857
0.8104575163398674
0.8421052631578935
0.8571428571428543
0.8300653594771222
0.8476821192052991
0.8874172185430477
0.8181818181818157
0.8918918918918936
0.8092105263157884
0.8533333333333349
0.8246753246753221
0.8133333333333347
0.8543046357615905
0.8169934640522857
0.8246753246753221
0.8355263157894725
0.8400000000000015
0.8243243243243256
0.8366013071895405
0.8456375838926165
0.8300653594771222
0.8506493506493479
0.814569536423842
0.8717948717948697
0.8181818181818157
0.8039215686274491
0.8627450980392136
0.8104575163398674
0.8322580645161303
0.8580645161290336
0.9266666666666687
0.8079470198675506
0.8758169934640502
0.8079470198675506
0.8627450980392136
0.8627450980392136
0.8741721854304648
0.8246753246753221
0.8552631578947355
0.8200000000000014
0.8013245033112592
0.7806451612903237
0.7922077922077899
0.8258064516129044
0.814569536423842
0.8543046357615905
0.8039215686274491
0.8116883116883092
0.8431372549019588
0.8421052631578935
0.8344370860927163
0.8831168831168801
0.7843137254901943
0.8013245033112592
0.8053691275167776
0.7933333333333346
0.8026315789473674
0.8543046357615905
0.823529411764704
0.8311688311688286
0.7712418300653577
0.8543046357615905
0.8562091503267953
0.8552631578947355
0.8800000000000018
0.8431372549019588
0.8378378378378392
0.8410596026490077
0.8431372549019588
0.8193548387096786
0.8627450980392136
0.8187919463087239
0.8506493506493479
0.8562091503267953
0.779220779220777
0.8193548387096786
0.8684210526315775
0.860927152317882
0.8431372549019588
0.8441558441558414
0.8355263157894725
0.8013245033112592
0.8645161290322594
0.8692810457516319
0.8451612903225819
0.9084967320261416
0.8636363636363608
0.8684210526315775
0.7973856209150308
0.8506493506493479
0.8562091503267953
0.814569536423842
0.8466666666666682
0.8246753246753221
0.8079470198675506
0.8645161290322594
0.8181818181818157
0.8618421052631565
0.8431372549019588
0.8441558441558414
0.8874172185430477
0.8289473684210514
0.8562091503267953
0.8344370860927163
0.825503355704697
0.8823529411764685
0.8684210526315775
0.8322580645161303
