0.9115197234006542
0.9114719748557433
0.9114242313129471
0.9114288707315622
0.9113811344469506
0.9113334031630779
0.9113380466088651
0.911342689568347
0.9113473320413538
0.9112996125246892
0.9112518980050817
0.9112041884818994
0.9112088372338921
0.9111611349599793
0.9111657854786192
0.9111704355110927
0.9111750850562436
0.911127394535956
0.9111320458469847
0.9110843625704189
0.9110366842852672
0.9109890109886848
0.9109936685680754
0.9109460025116807
0.9108983414428771
0.9109030030345626
0.9109076641377862
0.9108600125551533
0.9108646754196351
0.910869337796572
0.9108216956951436
0.9107740585776583
0.9107787249622814
0.9107833908584313
0.9107357632174138
0.9106881405564711
0.9106928104578415
0.9106451950227397
0.9105975845659237
0.910602258469579
0.9106069318834165
0.9106116048092278
0.9106162772461766
0.9105686807442411
0.910573354936226
0.9105780286403131
0.9105827018554976
0.9105351170569992
0.9104875372317818
0.9104399623786719
0.9103923924967761
0.91034482758618
0.9102972676453042
0.9102497126739187
0.9102021626704265
0.9101546176346023
0.9101593105251433
0.910164002925052
0.9101164673314686
0.9100689367033629
0.910073633087759
0.9100261096608737
0.9099785911959478
0.9099832915624394
0.9099879914376403
0.9099926908215645
0.9099973897158102
0.9099498851535318
0.9099545857909073
0.9099070884228604
0.9099117908032208
0.9098643006262976
0.9098690047490416
0.9098215217618841
0.9098262276259645
0.9097787518262103
0.9097312809810559
0.9096838150893413
0.9096363541502559
0.9096410684472666
0.9096457822527123
0.9095983307249876
0.9095508841480595
0.9095034425204569
0.9095081625198427
0.9095128820278574
0.9095176010431343
0.9095223195660225
0.9095270375972232
0.9095317551359262
0.9095364721829824
0.9094890510949784
0.9094416349515849
0.9094463559585236
0.9094510764737153
0.909455796497054
0.909408391972666
0.9093609923904865
0.9093135977482717
0.9092662080468534
0.9092188232838421
0.909171443459949
0.9091761763330246
0.9091809087123823
0.9091856405983577
0.9091903719910807
0.9091951028914916
0.9091998332987524
0.9092045632132535
0.9091572038754975
0.909161935517729
0.909114583333014
0.9091193167019656
0.9090719716699293
0.9090246315681609
0.9089772963968602
0.9089820359280247
0.908934707903904
0.9089394491589484
0.9088921282799124
0.9088448123278335
0.9088495575218855
0.9088543022229854
0.9088590464291045
0.9088117420497445
0.9087644425940498
0.908717148061253
0.9087218984180929
0.9087266482799681
0.908731397648054
0.9087361465218636
0.9086888657646162
0.9086415899276135
0.9086463427325894
0.9085990740262312
0.9086038285479521
0.9085565669697436
0.9085613232079454
0.9085660789515798
0.9085188267108414
0.9085235841693936
0.908528341133356
0.9085330976030916
0.9084858569055088
0.9084906150884149
0.9084433815118695
0.908448141408634
0.9084009149510283
0.9083536934036227
0.9083584572202438
0.9083112427882475
0.9082640332642719
0.9082688009977827
0.9082735682358603
0.9082263680300667
0.9082311369780892
0.9082359054297288
0.9081887145379147
0.908141528549635
0.9081463009145853
0.90815107278281
0.908155844155948
0.9081086696798503
0.908113442758958
0.9081182153431675
0.9081229874309513
0.9080758244615286
0.9080805982553961
0.9080853715528671
0.9080901443557199
0.9080429928866981
0.9079958463133101
0.9080006230202772
0.9080053992314421
0.9079582619528415
0.907963039866935
0.9079159096807364
0.907868784386698
0.907821663985184
0.9078264479964712
0.9078312315120142
0.9078360145302203
0.907840797052466
0.9077936903277237
0.9077465884916353
0.9077513749088906
0.9077042801553653
0.9077090682712459
0.9076619805985338
0.907614897811273
0.9076196898181218
0.9075726141078807
0.9075255432810714
0.907530339176625
0.9074832754235712
0.9074362165527703
0.9074410163339964
0.9073939645340109
0.9073469176127166
0.9073517212772237
0.9073565244443015
0.90730948678039
0.9073142916388361
0.9073190959987564
0.9072720675891237
0.9072250440549892
0.9071780253954603
0.9071310116088586
0.907135824221239
0.907140636334948
0.9070936317939822
0.9070466321245502
0.9069996373246895
0.9069526473938964
0.9069574677514833
0.9069104848738806
0.9068635068635604
0.9068683310885546
0.9068213601286486
0.9067743940338294
0.9067274328032577
0.9066804764373345
0.9066335249335625
0.9065865782934779
0.906539636514202
0.9065444755098384
0.9065493140049481
0.9065023814453905
0.9064554537453285
0.9064602960967988
0.9064651379469438
0.9064699792961676
0.906423062988151
0.9063761515368469
0.9063809967397248
0.9063858414406782
0.9063906856407069
0.9063955293389986
0.9064003725356543
0.9064052152317629
0.9063583216930403
0.9063631660628965
0.9063162795511809
0.9063211255949419
0.9062742461079827
0.9062790938241919
0.9062322213605536
0.9062370707487478
0.9061902053055969
0.9061950563654331
0.9061999069237355
0.9061530506724562
0.9061061992654862
0.906111053665387
0.9061159075631547
0.9060690653435063
0.9060222279659808
0.9060270857021344
0.9060319429370185
0.9060367996692437
0.9059899736419529
0.9059431524545416
0.905948013022737
0.9059011988421687
0.9059060610760077
0.9058592539007501
0.9058641177993076
0.9058689811948976
0.9058738440877887
0.9058270482486076
0.9058319128050982
0.9057851239673514
0.9057383399615259
0.9056915607890742
0.9056964313382234
0.9057013013841984
0.9057061709269152
0.9056594030777916
0.9056642742811281
0.9056175134243655
0.9055707573955789
0.9055756324212542
0.9055805069430978
0.9055853809620952
0.9055386362466621
0.9055435119231449
0.9054967741939791
0.9055016515279274
0.9055065283587403
0.9054597997727405
0.9054646782602663
0.9054695562439339
0.9054744337235094
0.905479310700399
0.9054325955736654
0.9053858852663189
0.9053391797779553
0.905344062725952
0.9053489451697152
0.9053022488138662
0.9053071329104103
0.9052604435279267
0.9052653292761957
0.9052702145218147
0.9052235342646971
0.9052284211615007
0.9052333075536615
0.9052381934416988
0.9052430788264987
0.9051964120015819
0.9051497499870138
0.9051546391749815
0.9051595278596456
0.9051644160394516
0.9051693037161007
0.9051741908885755
0.9051790775570625
0.9051324332678435
0.9051373215848667
0.9050906842541703
0.9050955742185046
0.9050489438431987
0.9050023182729382
0.9050072120335269
0.9050121052903294
0.905016998042588
0.9050218902909593
0.9050267820357691
0.9049801720141012
0.904985065403587
0.9049899582885448
0.9049433573638945
0.9049482518921166
0.9049531459171357
0.904906554085604
0.9049114497531243
0.9049163449161597
0.9048697621741107
0.9048231842283733
0.9047766110766732
0.9047300427194759
0.9047349459595951
0.9046883845398058
0.9046418279126696
0.9045952760769597
0.9046001852422606
0.9046050939030978
0.9046100020577514
0.9046149097085685
0.9045683712315135
0.9045218375429293
0.904475308642038
0.90442878452772
0.904382265198864
0.9043357506559826
0.9043406706435112
0.9043455901262207
0.9043505091020896
0.9043040057590216
0.9042575071988064
0.9042110134195116
0.9041645244219088
0.9041694514419097
0.9041229693608438
0.9041278980101615
0.9041328261542788
0.9041377537904155
0.904142680921161
0.9040962121601173
0.9041011409190055
0.9041060691708915
0.9040596094550617
0.904013154514253
0.903966704346601
0.9039202589530595
0.9038738183314121
0.9038273824817199
0.9038323230247528
0.9037858940773225
0.9037394698991934
0.9036930504902935
0.9036979969187301
0.9037029428377242
0.9037078882498977
0.9037128331535573
0.9037177775496873
0.9036713735557469
0.9036249743272882
0.9036299224730358
0.903634870109714
0.9036398172387078
0.9036447638601689
0.9035983779068949
0.9035519967147115
0.9035056202846063
0.9034592486141951
0.9034642032334286
0.9034691573438814
0.9034741109460567
0.9034277504107466
0.9033813946330163
0.9033863519751318
0.9033913088090461
0.9033962651343199
0.9034012209509279
0.9034061762595722
0.9034111310595518
0.9033647927776635
0.9033697491923501
0.903374705098259
0.9033796604952544
0.9033333333331948
0.9032870109225845
0.9032406932625576
0.9032456545144948
0.903250615258085
0.903204306587853
0.9032092689430538
0.9032142307893707
0.9032191921260638
0.9031728945612519
0.9031266017428663
0.903080313669504
0.9030852808527134
0.903090247527387
0.9030439684330711
0.9029976940813587
0.9029514244725674
0.9029563969870045
0.9029613689924763
0.9029151083557972
0.9029200819671191
0.9029250550685609
0.9028788034011206
0.9028837781075421
0.9028887523052872
0.9028425096028917
0.902796271637997
0.9027500384079681
0.9027038099135531
0.9027087920531829
0.9026625704043038
0.902667554144418
0.9026213393402581
0.9026263246812763
0.9025801167198203
0.9025851036597681
0.9025900900904751
0.9025950760097906
0.902548879107663
0.9025538666259395
0.9025588536334848
0.9025126656774497
0.9025176542832085
0.9024714731619509
0.9024252967661864
0.9023791250962253
0.9023329581498931
0.9023379546734567
0.9023429506851892
0.9022967926749206
0.9023017902811137
0.9023067873768348
0.9022606382980574
0.9022144939394761
0.9022194947324969
0.9021733571973359
0.9021272243814689
0.9020810962826306
0.9020349729007338
0.9020399815943139
0.9019938650308877
0.9019477531823276
0.9019527655658427
0.9019066605330593
0.9019116745040471
0.9018655762839141
0.901819482776139
0.9018245004345271
0.9017784137366863
0.9017323317495348
0.9017373530915056
0.9016912779113214
0.901645207439171
0.9015991416749429
0.9016041687951117
0.9015581098344029
0.9015120555786786
0.9014660060277181
0.9014199611807919
0.9014249961695213
0.9014300306436152
0.9014350646036999
0.9013890307423461
0.9013940662822879
0.9013991013075404
0.9013530763337734
0.9013581129380384
0.9013631490274164
0.9013681846024836
0.9013221706062733
0.9012761613070708
0.9012812005515087
0.9012351980396147
0.9012402388609292
0.9012452791669998
0.9011992855319237
0.9011532965908605
0.9011583405624809
0.9011633840190226
0.9011174039492681
0.9011224489796847
0.9011274934948962
0.9011325374963347
0.9011375809824054
0.9011426239542062
0.9010966590157011
0.9010506987654049
0.9010047432037473
0.9010097919218403
0.9010148401241765
0.9009688934218903
0.900922951404735
0.9009280032634608
0.9008820680163767
0.9008871214434816
0.9008411929649589
0.9008462479611379
0.900851302441584
0.9008053828115352
0.9007594678624988
0.9007135575944842
0.9006676520052784
0.9006727143005212
0.9006777760794286
0.9006318793317055
0.9005859872614734
0.9005910526854004
0.9005451673717089
0.9005502343593551
0.9005043558003512
0.9004584819157122
0.9004126127042364
0.9004176854118723
0.9003718229510184
0.9003768972187906
0.9003819709700785
0.9003870442044429
0.9003411926462983
0.9003462674404875
0.9003513417178853
0.9003564154784179
0.9003614887224622
0.9003665614502893
0.9003207249398384
0.9002748930972215
0.9002290659202505
0.9001832434086762
0.9001883239175102
0.9001425081435018
0.9000966970331281
0.9001017811707374
0.9000559767951977
0.9000610624874014
0.9000661476617908
0.9000712323190583
0.9000254388198792
0.899979649979865
0.8999847382614088
0.8999898260251457
0.899994913271241
0.8999999999997926
0.9000050862111163
0.9000101719055201
0.9000152570821535
0.8999694873884784
0.8999745741168252
0.8999796603272376
0.8999338994255838
0.8998881431765005
0.8998932330059694
0.8998474834772966
0.8998017386000918
0.8998068320453873
0.8998119249735952
0.8997661888783822
0.8997204574334522
0.8997255539741084
