0.9999999999999999
1.0000000000000007
1.0
1.0
0.0
0.9999999999999996
1.0
0.9999999999999997
1.0
1.0
0.9999999999999999
0.9999999999999992
0.9999999999999989
1.0000000000000002
1.0
0.9999999999999996
1.0
0.9999999999999998
0.9999999999999992
0.9999999999999996
0.9999999999999996
0.9999999999999996
1.0
0.9999999999999998
0.9999999999999999
1.0000000000000004
0.0
1.0000000000000002
1.0
1.0
1.0
0.9999999999999999
1.0000000000000002
0.0
1.0
0.0
0.9999999999999993
0.9999999999999999
0.9999999999999999
1.0
0.0
1.0
0.9999999999999999
1.0
0.0
0.0
1.0
0.999999999999999
0.9999999999999993
1.0
0.0
0.0
1.0
1.0
1.0
0.0
0.9999999999999996
1.0
1.0000000000000002
1.000000000000002
1.0
0.9999999999999986
1.0
1.0
0.0
1.0000000000000002
0.9999999999999999
1.0
0.9999999999999991
0.0
0.9999999999999998
1.0
0.0
1.0000000000000002
0.0
0.9999999999999996
1.0000000000000004
1.0
1.0
1.0
0.0
1.0
1.0
0.9999999999999986
0.9999999999999993
0.9999999999999992
1.0
0.9999999999999999
0.0
0.0
0.0
0.0
0.9999999999999991
1.0
1.0000000000000002
1.0
0.9999999999999996
1.0
1.0000000000000002
0.9999999999999984
0.9999999999999991
0.9999999999999999
0.9999999999999999
0.9999999999999997
0.9999999999999999
0.0
1.0
1.0
1.0
1.0000000000000002
0.0
0.9999999999999999
0.9999999999999999
0.9999999999999997
1.0000000000000002
1.0
0.9999999999999999
1.0
0.9999999999999999
0.0
0.9999999999999999
0.9999999999999998
1.0000000000000004
0.9999999999999996
1.0
0.0
0.9999999999999994
0.9999999999999997
1.0000000000000002
1.0
1.0
1.0000000000000002
1.0000000000000002
1.0
1.0
1.0
1.0000000000000007
0.9999999999999996
1.0
0.0
1.0000000000000002
1.0
1.0
0.9999999999999992
0.9999999999999999
1.0000000000000002
0.9999999999999991
1.0000000000000007
1.0
1.0
1.0
0.0
0.9999999999999993
0.9999999999999999
0.9999999999999992
1.0
1.000000000000001
1.0
1.0
1.0
1.0
0.0
1.0
0.9999999999999984
1.0
0.9999999999999993
0.9999999999999996
1.0
1.0
1.0000000000000002
0.9999999999999996
0.9999999999999997
1.0
0.0
0.0
1.0
1.0000000000000002
1.0
1.000000000000001
1.0
1.0
1.0000000000000002
1.0000000000000016
1.0
0.9999999999999999
1.0000000000000002
1.0
0.0
1.0
0.0
1.0000000000000007
1.0
0.9999999999999994
1.0000000000000002
1.0
1.0
0.0
0.0
1.0000000000000002
1.0
0.0
1.0000000000000002
1.0
1.0000000000000002
1.0000000000000002
1.0000000000000004
1.0
1.0000000000000004
1.0
0.9999999999999999
1.0
0.0
0.9999999999999999
1.0
1.0
0.0
0.9999999999999999
1.0000000000000004
1.0
1.0
1.0
1.0
0.9999999999999998
1.0
1.0
1.0000000000000016
0.9999999999999996
0.9999999999999999
0.0
0.0
1.0
1.0000000000000002
1.0000000000000004
1.0
1.0000000000000002
1.0000000000000002
0.9999999999999998
1.0
1.0000000000000002
0.9999999999999998
1.0000000000000002
1.0
1.0
1.0
1.0
1.0
1.0000000000000002
0.0
0.9999999999999999
0.9999999999999999
1.0000000000000004
0.0
1.0
1.0000000000000002
1.0
0.9999999999999991
1.0
1.0
1.0
1.0
0.9999999999999996
1.0
1.0
1.0
1.0
1.0
0.9999999999999999
0.9999999999999999
0.9999999999999998
1.0000000000000007
1.0
1.0000000000000004
1.0000000000000002
1.0
1.0
0.0
1.0
1.0
1.0
1.0
0.0
0.9999999999999997
1.0
0.9999999999999973
1.0
1.0
0.0
0.9999999999999999
1.0
1.0
1.0
1.0000000000000002
1.0000000000000007
0.9999999999999997
1.0
1.0
0.9999999999999999
1.0
0.9999999999999997
1.0
0.9999999999999999
1.0000000000000013
1.0
1.0000000000000004
1.0
0.9999999999999998
0.0
0.9999999999999996
1.0000000000000004
1.0000000000000002
0.0
1.0000000000000002
1.0
1.0
0.9999999999999996
1.0
0.0
0.9999999999999998
1.0
0.0
0.0
0.9999999999999999
1.0000000000000002
0.0
1.0
0.9999999999999999
1.0
1.000000000000002
0.9999999999999996
1.0
1.0
1.0
1.0
1.0
1.0
1.0000000000000002
0.9999999999999998
0.0
1.0000000000000002
0.9999999999999999
1.0000000000000004
0.9999999999999996
1.0
1.0
1.0
1.0
1.0
0.0
0.0
1.0
1.0
1.0
0.9999999999999999
0.9999999999999993
1.0
1.0000000000000002
1.0
1.0000000000000002
0.9999999999999974
0.9999999999999992
1.0000000000000002
0.0
0.9999999999999996
1.0
0.9999999999999989
0.9999999999999983
0.9999999999999982
1.0
0.0
1.0
1.0
1.0
1.0000000000000002
0.9999999999999993
0.9999999999999996
1.0000000000000004
0.9999999999999999
0.9999999999999999
1.0
0.0
1.0000000000000004
1.0000000000000002
1.0
1.0000000000000007
1.0000000000000007
1.0
1.0
1.0
0.0
0.9999999999999998
0.9999999999999998
1.0
0.9999999999999999
1.0
0.9999999999999997
0.9999999999999999
1.0
1.0
1.0
1.0000000000000004
1.0
1.0
1.0000000000000013
0.0
0.0
0.9999999999999993
1.0
1.0
1.0
1.0
1.0
0.0
0.9999999999999971
0.9999999999999998
1.0
0.0
1.0
1.0
1.0
0.9999999999999993
1.0
0.9999999999999999
0.9999999999999996
1.0
1.0
0.0
1.0
1.0
1.0000000000000004
0.0
1.0
1.0
1.0
1.0
1.0
0.9999999999999999
0.9999999999999993
1.0000000000000007
1.0000000000000002
1.0000000000000007
1.0
1.0
1.0
1.0000000000000004
0.9999999999999996
1.0000000000000013
1.0000000000000007
1.0
0.9999999999999996
1.0000000000000007
0.9999999999999999
1.0000000000000002
1.0
1.0000000000000004
1.0
1.0
1.0
0.9999999999999989
0.9999999999999998
1.0
0.9999999999999993
1.0000000000000002
0.9999999999999999
0.0
0.9999999999999997
1.0
1.0
1.0000000000000002
1.0
0.9999999999999996
1.0
0.9999999999999984
1.0
0.0
0.9999999999999996
0.9999999999999991
1.0
1.0
0.9999999999999983
1.0
1.0000000000000002
0.9999999999999983
0.9999999999999997
1.0000000000000004
0.0
1.0
0.9999999999999997
1.0
1.0
0.9999999999999999
1.0
1.0000000000000002
0.0
0.9999999999999998
0.9999999999999999
0.9999999999999998
0.9999999999999997
0.9999999999999997
1.0000000000000004
1.0
1.0000000000000007
1.0000000000000002
1.0
1.0
1.0
1.0
1.0000000000000002
0.0
0.9999999999999999
1.0
0.0
0.0
1.0
1.0000000000000002
0.9999999999999993
1.0
1.0
1.0000000000000004
0.0
0.9999999999999999
1.0
1.0000000000000007
1.0
1.0
1.0
1.000000000000001
0.9999999999999992
1.0
1.0
1.0
1.0000000000000002
0.0
0.9999999999999999
1.0
1.0
0.0
1.0
0.9999999999999992
1.0
0.0
1.0000000000000002
0.9999999999999999
1.0
1.0
0.9999999999999992
0.0
1.0
1.0
0.9999999999999993
1.0
1.0
1.0
1.0
1.0000000000000004
0.9999999999999998
1.0
1.0000000000000002
1.0
1.0
0.0
0.0
1.0
0.9999999999999999
1.0
1.0
1.0000000000000007
0.9999999999999996
1.0000000000000002
1.0
0.9999999999999998
1.0
1.0000000000000002
0.9999999999999996
0.9999999999999999
0.0
0.9999999999999999
1.0
1.0
0.9999999999999996
1.0
1.0
0.9999999999999998
1.0
0.9999999999999986
1.0000000000000004
0.9999999999999998
1.0
0.0
1.0
1.0
0.9999999999999983
0.9999999999999998
0.9999999999999997
0.9999999999999986
1.0
1.0
1.0000000000000002
1.0
0.9999999999999996
1.0000000000000007
1.0
0.9999999999999986
1.0
0.9999999999999994
1.0
0.0
0.0
0.9999999999999983
1.0
1.0
0.9999999999999998
0.9999999999999999
0.9999999999999999
1.0
1.0000000000000002
1.0
1.0000000000000007
0.0
1.0000000000000002
1.0
0.0
0.0
0.0
0.9999999999999998
1.0
1.0
1.0
1.0
0.9999999999999997
0.9999999999999993
0.9999999999999998
0.9999999999999998
1.0
0.9999999999999998
1.0
0.9999999999999996
0.9999999999999997
0.9999999999999996
1.0000000000000007
1.0
0.9999999999999999
0.0
1.0
1.0
0.9999999999999999
1.0
0.9999999999999989
0.0
0.9999999999999993
1.0
1.0
0.9999999999999999
0.9999999999999998
1.0
1.0
0.0
1.0000000000000007
1.0000000000000002
1.0000000000000002
1.0000000000000002
1.0
1.0
1.0
0.9999999999999999
0.9999999999999997
1.0
1.0000000000000002
0.0
0.0
1.0
1.0000000000000009
1.0000000000000007
1.0
1.0
0.9999999999999986
0.9999999999999996
1.0
0.9999999999999999
0.9999999999999996
1.0
1.0
1.0
1.0
1.0000000000000002
0.0
0.0
1.0
0.0
0.0
1.0
1.0000000000000002
1.0
1.0
1.0
1.0000000000000002
1.0000000000000022
1.0
1.0000000000000002
0.9999999999999999
1.0
0.9999999999999998
1.0000000000000004
1.0
0.0
0.0
1.0
1.0
1.0000000000000016
1.0000000000000002
1.0
0.9999999999999996
1.0
0.9999999999999999
1.0
0.9999999999999998
0.999999999999999
0.9999999999999999
1.0
0.9999999999999998
0.9999999999999999
1.0
1.0000000000000004
0.0
1.0
1.0
0.0
1.0
1.0
1.0000000000000002
0.9999999999999997
0.9999999999999993
1.0
0.9999999999999996
0.9999999999999993
1.0
1.0
0.9999999999999999
0.0
0.9999999999999997
1.0
1.0
0.9999999999999999
0.9999999999999992
0.9999999999999986
0.9999999999999996
1.0
0.9999999999999998
0.0
1.0
1.0
0.9999999999999999
1.0000000000000004
0.9999999999999998
0.0
1.0000000000000002
1.0000000000000002
0.0
1.0000000000000002
1.0
1.0
0.9999999999999983
0.0
0.9999999999999999
0.9999999999999983
1.0
0.9999999999999999
1.0
0.9999999999999998
1.0
1.0
1.0
0.9999999999999998
0.9999999999999989
0.9999999999999996
1.0
1.0
0.9999999999999999
0.9999999999999992
1.0000000000000002
1.0
0.9999999999999998
1.0000000000000002
0.0
0.0
0.9999999999999984
1.0000000000000004
0.9999999999999997
0.0
1.0
0.0
0.9999999999999999
0.9999999999999999
0.0
1.0
1.0
0.9999999999999993
0.9999999999999999
1.0
0.0
0.9999999999999996
0.9999999999999972
0.9999999999999999
0.9999999999999997
0.9999999999999993
0.0
1.0
1.0000000000000002
1.0
1.0000000000000004
1.0000000000000002
0.9999999999999999
1.0
1.0000000000000002
0.0
1.0
0.0
1.0
1.0
1.0
1.0
1.0
1.0
1.0
0.0
0.0
0.9999999999999996
0.0
1.0000000000000004
1.0000000000000004
0.9999999999999998
1.0000000000000002
0.9999999999999982
0.0
0.9999999999999998
1.0000000000000002
0.0
1.0000000000000004
1.0000000000000007
1.0000000000000002
1.000000000000001
0.9999999999999996
0.9999999999999996
1.0000000000000007
0.9999999999999997
1.0
0.9999999999999998
1.0
0.9999999999999993
1.0
1.0000000000000004
0.0
1.0000000000000002
0.0
1.0
1.0
1.0
1.0
1.0
1.0
0.0
0.9999999999999999
1.0
1.0
1.0
1.0
0.9999999999999997
0.9999999999999998
0.9999999999999999
1.0
0.9999999999999999
0.0
1.0
0.9999999999999996
0.0
1.0
0.9999999999999996
1.0000000000000004
0.9999999999999999
1.0
0.9999999999999996
0.0
0.0
0.0
1.0000000000000013
1.0
1.0000000000000007
1.0000000000000004
1.0
0.9999999999999999
1.0000000000000013
0.9999999999999997
0.9999999999999993
1.0000000000000002
1.0
1.0000000000000002
1.0
0.9999999999999996
1.0
1.0
0.0
1.0
1.0
1.0000000000000007
0.9999999999999997
1.0
1.0
1.0
1.0
1.000000000000001
1.0000000000000004
0.0
1.000000000000001
0.0
0.0
0.9999999999999999
0.9999999999999998
1.0
0.0
1.0
0.0
0.9999999999999999
0.9999999999999999
0.9999999999999991
0.9999999999999997
1.0000000000000002
1.0
0.0
0.0
0.0
1.0
0.0
1.0000000000000004
0.9999999999999994
1.0
1.0000000000000002
1.0
1.0000000000000002
0.9999999999999999
1.0
1.0
0.0
1.0
1.0000000000000007
1.0
1.0
0.9999999999999992
0.0
0.9999999999999998
0.9999999999999998
0.0
1.0
0.0
0.9999999999999987
1.0
0.9999999999999999
1.0
1.0
0.0
0.9999999999999992
0.9999999999999999
1.0
1.0000000000000002
1.0
1.0
0.0
1.0
1.0
1.0000000000000004
1.0
0.9999999999999997
1.0
1.0
1.0
1.0
1.0000000000000002
1.0
0.9999999999999989
1.0
1.0
0.9999999999999998
1.0
1.0000000000000004
1.0000000000000007
1.0000000000000002
0.9999999999999999
1.0
1.0
1.0
0.9999999999999996
1.0000000000000004
0.9999999999999989
1.0
1.0
1.0
0.9999999999999997
1.0
0.9999999999999989
0.9999999999999996
0.0
1.0
1.0000000000000002
1.0
0.9999999999999999
1.0
1.0
1.0
0.9999999999999996
0.9999999999999999
1.000000000000002
1.0
0.9999999999999998
0.9999999999999997
1.0
0.9999999999999997
0.9999999999999999
1.0
0.9999999999999999
1.0
1.0
1.0000000000000002
1.0
1.0
1.0
1.0
1.0
1.0000000000000002
0.0
0.9999999999999999
1.0
1.0
0.9999999999999997
1.0
0.9999999999999998
1.0
0.9999999999999997
0.9999999999999996
0.9999999999999999
0.9999999999999993
1.0000000000000002
1.0
1.0
0.0
1.0
1.0
0.9999999999999998
1.0
1.0
1.0
1.0
1.0
1.0
0.9999999999999999
0.0
0.9999999999999999
0.9999999999999999
0.9999999999999999
1.0
1.0
0.0
1.0
1.0
1.0
1.0000000000000002
1.0
1.0000000000000002
0.9999999999999999
1.0
0.9999999999999999
1.0
1.0
1.0000000000000002
1.0
0.9999999999999994
0.9999999999999993
1.0
1.0
1.0000000000000004
1.0
1.0000000000000002
0.9999999999999986
1.0
0.0
1.0
1.0000000000000002
0.9999999999999996
1.0000000000000002
0.0
1.0
1.0
0.9999999999999996
1.0
1.0
1.0
0.0
1.0
0.9999999999999996
1.0
1.0000000000000002
1.0
1.0
1.0000000000000007
1.0
0.0
1.0
1.0
1.0
1.0000000000000002
1.0
1.0000000000000004
1.0
0.9999999999999993
0.9999999999999993
1.0
0.9999999999999998
1.0
1.0
1.0
1.0000000000000002
0.9999999999999998
1.0
0.9999999999999999
1.0
0.0
1.0
1.0
0.0
1.0000000000000004
0.9999999999999998
0.9999999999999999
0.9999999999999997
1.0
0.9999999999999997
1.0
0.9999999999999998
1.0
0.0
0.9999999999999996
1.0
0.9999999999999996
0.9999999999999998
1.0
1.0
1.0
0.9999999999999999
0.9999999999999996
0.9999999999999996
1.0000000000000002
1.0
1.0
0.9999999999999997
1.0000000000000002
1.0000000000000013
1.0000000000000002
1.000000000000001
1.0
0.9999999999999996
0.9999999999999997
0.9999999999999999
1.0
1.0
0.0
1.0
0.9999999999999998
1.0
1.0
1.0000000000000002
1.0000000000000004
0.9999999999999996
0.9999999999999998
0.9999999999999986
0.0
1.0
0.9999999999999993
1.0000000000000002
1.0000000000000002
1.0
1.0
1.0000000000000002
1.0000000000000002
1.0
1.0
0.9999999999999994
1.0
1.0
1.0
0.9999999999999997
1.0
0.9999999999999997
0.0
0.0
1.0000000000000002
1.0
1.0000000000000002
0.0
1.0
0.9999999999999999
1.0000000000000002
1.0
1.0000000000000007
1.0000000000000002
0.9999999999999992
0.9999999999999996
0.0
1.0
1.0
0.0
0.9999999999999999
1.0
1.0
0.0
1.0
0.9999999999999999
1.0000000000000002
0.9999999999999993
1.0000000000000022
1.0
1.0000000000000004
1.0
1.0
1.0
0.9999999999999999
1.0
1.0
1.0
