0.9090004191111449
0.9115150880130705
0.9074811399828983
0.9016135792117387
0.8985750209552453
0.8962699077951469
0.8923407376358883
0.8887259010893703
0.8842728415755439
0.881129505448137
0.8758906119024588
0.8754715004188045
0.8745808885160392
0.8690276613576203
0.8622170997482387
0.8572401508798444
0.8550398155906596
0.850848700754117
0.8501676445931788
0.8456621961438956
0.839794635372736
0.8353415758589096
0.8328792958924408
0.8201487845764428
0.8192581726736775
0.8161148365462706
0.8136001676443451
0.8132334450961476
0.8089375523886915
0.80521793797126
0.7970976529754588
0.7947401508799036
0.783109807208498
0.7817476948866217
0.7816953059511649
0.7800188600165479
0.7769279128245977
0.7754610226318078
0.7700125733443025
0.7692267393124508
0.7722652975689441
0.7683885163451423
0.7683885163451423
0.7678122380551177
0.7666072925396117
0.7629924559930937
0.7618922883485013
0.7594300083820326
0.758853730092008
0.7555008382227739
0.7520431684826263
0.7517288348698856
0.7508382229671203
0.7508382229671203
0.7497904442579847
0.7481139983233677
0.745861274098726
0.7449706621959608
0.7437657166804548
0.7442372170995658
0.7439752724222819
0.7442372170995658
0.743241827325887
0.7417225481976403
0.7428227158422327
0.7458088851632693
0.7436085498740844
0.7395746018439122
0.7368503772001596
0.7372694886838138
0.7368503772001596
0.7376362112320113
0.7375314333610977
0.7355930427491968
0.735069153394629
0.7349119865882586
0.7349643755237154
0.7345976529755179
0.7347548197818883
0.7341785414918637
0.7335498742663823
0.7332355406536416
0.7332355406536416
0.7329212070409009
0.7328688181054441
0.7322925398154195
0.7323449287508763
0.7296207041071237
0.7295683151716669
0.7294111483652965
0.7287824811398151
0.7292539815589262
0.7293587594298397
0.7296207041071237
0.7295683151716669
0.7270536462697413
0.7266345347860871
0.72642497904426
0.7270536462697413
0.7271060352051981
0.7273155909470252
0.7267917015924574
0.7267917015924574
0.7267917015924574
0.7271060352051981
0.7269488683988278
0.7279442581725066
0.7279966471079634
0.728101424978877
0.7275775356243092
0.7272632020115685
0.7274203688179388
0.7272108130761117
0.7270536462697413
0.7271584241406549
0.7270536462697413
0.7271584241406549
0.7275251466888524
0.7284157585916177
0.7293587594298397
0.7301445934616915
0.7300922045262347
0.7307208717517161
0.731454316848111
0.733130762782728
0.7340737636209501
0.7349643755237154
0.7356978206201104
0.7353834870073697
0.7361169321037646
0.7373742665547274
0.737950544844752
0.7389983235538876
0.7402556580048504
0.7414606035203564
0.7418797150040106
0.7418273260685538
0.7417749371330971
0.7422464375522081
0.7424036043585784
0.7435561609386276
0.7463851634532939
0.7468566638724049
0.7468566638724049
0.7471709974851456
0.7469090528078617
0.7493713327743304
0.7500523889352686
0.7509953897734907
0.7531433361272187
0.7534052808045026
0.7548721709972925
0.7569677284155638
0.7582250628665266
0.7612636211230199
0.7613160100584767
0.761735121542131
0.7625209555739827
0.7633067896058344
0.7648784576695379
0.7677598491196609
0.7678122380551177
0.7694886839897347
0.7704316848279568
0.772055741827117
0.7731559094717094
0.7742036881808451
0.7747799664708697
0.7748847443417832
0.7755658005027214
0.7763516345345731
0.7764040234700299
0.7771374685664248
0.777818524727363
0.780699916177486
0.7829002514666709
0.783581307627609
0.7840004191112633
0.7841575859176336
0.7881915339478058
0.7892393126569415
0.7904442581724475
0.7903394803015339
0.7918587594297806
0.7919111483652373
0.7933780385580272
0.7939543168480518
0.794163872589879
0.794163872589879
0.7941114836544222
0.7950544844926443
0.7965213746854342
0.7976215423300266
0.798250209555508
0.7983549874264215
0.8000838222964953
0.8027032690693344
0.802808046940248
0.8040653813912108
0.804012992455754
0.8043273260684947
0.8058466051967413
0.8072087175186177
0.8077849958086423
0.8113998323551602
0.8118189438388145
0.8119761106451848
0.8134953897734315
0.8162720033526409
0.817686504609974
0.8192581726736775
0.8238683989938743
0.8266450125730838
0.8269069572503677
0.8270117351212812
0.8290549036040957
0.8297883487004907
0.8302598491196017
0.8306265716677992
0.8307837384741695
0.8309409052805399
0.8318315171833052
0.8322506286669594
0.8328792958924408
0.8329316848278976
0.834503352891601
0.835708298407107
0.8362321877616749
0.8376990779544647
0.8391659681472546
0.8406852472755013
0.8411043587591556
0.8413663034364395
0.8425712489519455
0.8432523051128836
0.8447191953056735
0.8450335289184142
0.8459765297566363
0.8461860854984634
0.8466575859175745
0.8469195305948584
0.8469195305948584
0.8468671416594016
0.8464480301757473
0.8477577535621669
0.8499580888513517
0.8501152556577221
0.8523155909469069
0.8523155909469069
0.8528394803014747
0.8545683151715485
0.8556684828161409
0.8558780385579681
0.8580783738471529
0.8583927074598936
0.8586546521371775
0.8601215423299674
0.8608025984909056
0.8614836546518437
0.8627409891028065
0.8638935456828557
0.8639983235537693
0.8642078792955964
0.8650984911983617
0.8675083822293737
0.8684513830675957
0.8715423302595459
0.8716471081304594
0.8736902766132739
0.876309723386113
0.8774622799661622
0.8779337803852733
0.8781957250625572
0.8784052808043843
0.8784052808043843
0.8784052808043843
0.8800293378035445
0.8805532271581124
0.8807627828999395
0.8814962279963344
0.8824916177700133
0.8829631181891243
0.8833298407373218
0.8841680637046303
0.8842204526400871
0.8841680637046303
0.8845871751882846
0.8847443419946549
0.8847967309301117
0.8848491198655685
0.8854253981555931
0.8883591785411729
0.8887259010893703
0.8890926236375678
0.8917120704104069
0.8930217937968264
0.8930741827322832
0.8940695725059621
0.8965842414078876
0.8969509639560851
0.8978415758588504
0.8987321877616157
0.8995704107289242
0.8999371332771217
0.9003562447607759
0.9056475272419109
0.9083717518856635
0.9090528080466017
0.9105196982393916
0.9114103101421569
0.9114626990776137
0.9129295892704036
0.9131915339476875
0.9131915339476875
0.9141869237213663
0.914501257334107
0.9146584241404774
0.9147632020113909
0.9158633696559834
0.9166492036878351
0.9174350377196868
0.9217309304271429
0.9230406538135625
0.923145431684476
0.9233025984908464
0.9249266554900066
0.925555322715488
0.9269698239728211
0.927493713327389
0.927493713327389
0.9282795473592407
0.9285938809719814
0.9290653813910924
0.9300083822293145
0.9302703269065984
0.9307942162611662
0.9310037720029933
0.9328373847439807
0.9331517183567214
0.9376047778705479
0.9381286672251157
0.9381810561605725
0.9382334450960292
0.9383382229669428
0.9387573344505971
0.9393336127406217
0.9396479463533624
0.9397527242242759
0.9403813914497573
0.9403813914497573
0.9409576697397819
0.9413767812234362
0.9417958927070904
0.9424769488680286
0.9433151718353371
0.943577116512621
0.9437866722544481
0.9442581726735592
0.9445725062862999
0.9446248952217566
0.9453583403181516
0.9456202849954355
0.9459346186081762
0.946458507962744
0.9474015088009661
0.9485016764455585
0.9486064543164721
0.9487636211228424
0.9489207879292128
0.9490255658001263
0.9492351215419534
0.9498637887674348
0.9499685666383484
0.9507544006702001
0.9511211232183976
0.9514354568311383
0.9527975691530146
0.9531119027657553
0.9532166806366689
0.9533214585075824
0.9544740150876316
0.9548931265712859
0.9550502933776562
0.9564647946349893
0.9571982397313843
0.9580888516341496
0.9585079631178038
0.9586127409887174
0.9588222967305445
0.9594509639560259
0.9596081307623963
0.9597129086333098
0.9599748533105937
0.960865465213359
0.9611274098906429
0.9615465213742972
0.9640088013407659
0.9643231349535066
0.9650565800499016
0.9667330259845186
0.9668378038554322
0.9670997485327161
0.9671521374681729
0.9672569153390864
0.9683570829836788
0.9686190276609628
0.9686714165964195
0.9687761944673331
0.9690905280800738
0.9693000838219009
0.9693524727573577
0.9694572506282713
0.969509639563728
0.9697191953055552
0.9701906957246662
0.9708717518856044
0.9716575859174561
0.9717623637883697
0.9721290863365671
0.9724434199493078
0.9727053646265917
0.9728101424975053
0.9735435875939003
0.9736483654648138
0.9738579212066409
0.9740674769484681
0.9741198658839249
0.9742246437548384
0.9746437552384927
0.9747485331094062
0.974800922044863
0.9750628667221469
0.9765297569149368
0.9772632020113318
0.9773155909467885
0.9773679798822453
0.9777347024304428
0.9778918692368131
0.9781538139140971
0.9782585917850106
0.9784681475268378
0.9788348700750352
0.978887259010492
0.9789920368814056
0.979358759429603
0.979620704106887
0.9799350377196276
0.9800398155905412
0.9802493713323683
0.9804589270741955
0.9806160938805658
0.9809304274933065
0.981297150041504
0.9814019279124175
0.9815590947187879
0.9817162615251582
0.9819258172669854
0.9821353730088125
0.9821877619442693
0.982240150879726
0.98250209555701
0.9826068734279235
0.9825544844924667
0.9826068734279235
0.9828164291697506
0.9830783738470346
0.9832355406534049
0.983445096395232
0.9837594300079727
0.9838118189434295
0.9843357082979973
0.9843880972334541
0.9844928751043677
0.985121542329849
0.9853310980716762
0.9861169321035279
0.986588432522639
0.9867455993290093
0.9869027661353796
0.98705993294175
0.9874266554899475
0.9876362112317746
0.9877409891026881
0.9878457669736017
0.9878981559090585
0.9880553227154288
0.9881077116508856
0.9881601005863424
0.9882124895217992
0.9884220452636263
0.9884744341990831
0.9885792120699967
0.9886839899409102
0.9886316010054534
0.9891554903600213
0.9894174350373052
0.989469823972762
0.9895746018436755
0.989941324391873
0.9900984911982433
0.9905176026818976
0.9907271584237247
0.9908843252300951
0.9909367141655518
0.9911986588428358
0.9912510477782925
0.9913558256492061
0.9915653813910332
0.9917225481974036
0.9917749371328604
0.9920368818101443
0.9921940486165146
0.9922464375519714
0.9922988264874282
0.9926131601001689
0.9927179379710824
0.9930322715838231
0.9930846605192799
0.9935037720029342
0.9935561609383909
0.9938181056156749
0.9938704945511316
0.9940800502929588
0.9943419949702427
0.9943943839056995
0.9947611064538969
0.9949182732602673
0.994970662195724
0.9950230511311808
0.9950754400666376
0.9951278290020944
0.995232606873008
0.9953897736793783
0.9954945515502919
0.9957564962275758
0.9958088851630326
0.9958612740984893
0.9959136630339461
0.9960184409048597
0.9961232187757733
0.9962803855821436
0.9963327745176004
0.9963851634530572
0.9966471081303411
0.9966994970657979
0.9968566638721682
0.9970138306785385
0.9971186085494521
0.9971709974849089
0.9972233864203657
0.997380553226736
0.9975377200331064
0.9975901089685631
0.9976424979040199
0.9976948868394767
0.9977472757749335
0.9978520536458471
0.9979044425813038
0.9979568315167606
0.998113998323131
0.9983235540649581
0.9984283319358717
0.9985331098067852
0.998585498742242
0.9986902766131556
0.9987950544840691
0.9988474434195259
0.9988998323549827
0.9989522212904395
0.9990046102258963
0.999056999161353
0.9991617770322666
0.9992141659677234
0.9992665549031802
0.999318943838637
0.9993713327740937
0.9994237217095505
0.9994761106450073
0.9995284995804641
0.9995808885159209
0.9996332774513776
0.9996856663868344
0.9997380553222912
0.999790444257748
0.9998428331932048
0.9998952221286616
0.9999476110641183
0.9999999999995751
