0.9114103101421569
0.9113579212067001
0.9107816429166755
0.9096814752720831
0.9090528080466017
0.9069572506283304
0.9069048616928737
0.9066953059510465
0.906590528080133
0.9067476948865033
0.9040234702427506
0.9030804694045286
0.8984702430843318
0.8971081307624554
0.896479463536974
0.8957984073760359
0.8954840737632952
0.895536462698752
0.8952745180214681
0.8944886839896163
0.8944362950541596
0.8881496227993457
0.8877829002511483
0.8876781223802347
0.8876257334447779
0.8844300083819142
0.8843252305110006
0.8842204526400871
0.8839061190273464
0.8778290025143597
0.8723281642913976
0.8721709974850272
0.8720138306786569
0.8719090528077433
0.8703897736794967
0.8684513830675957
0.8639459346183125
0.861902766135498
0.8588642078790046
0.8576592623634987
0.8576068734280419
0.8573973176862147
0.857344928750758
0.8564019279125359
0.8563495389770791
0.8561923721707088
0.8557732606870545
0.8550398155906596
0.8548826487842892
0.8518440905277959
0.8506915339477467
0.8504295892704627
0.849643755238611
0.8495913663031542
0.8495389773676975
0.8493294216258703
0.8466051969821177
0.8449811399829574
0.8449811399829574
0.8449287510475006
0.8423093042746616
0.8370704107289834
0.836441743503502
0.834765297568885
0.8348176865043417
0.8347129086334282
0.834765297568885
0.8348176865043417
0.8349224643752553
0.8354463537298231
0.8352891869234528
0.8353939647943663
0.8347129086334282
0.8346605196979714
0.8325125733442433
0.8325125733442433
0.8292120704104661
0.8290549036040957
0.829002514668639
0.8314647946351077
0.8315171835705645
0.8302598491196017
0.8296835708295771
0.8296311818941203
0.8296835708295771
0.82947401508775
0.828740569991355
0.8276404023467626
0.8250209555739235
0.8254400670575778
0.8253352891866642
0.825387678122121
0.82491617770301
0.82491617770301
0.8193629505445911
0.8182103939645419
0.8181056160936283
0.8165863369653816
0.8165339480299248
0.8164815590944681
0.8155909471917028
0.8139668901925425
0.8140192791279993
0.811923721709728
0.8118713327742713
0.810247275775111
0.8079421626150126
0.807837384744099
0.8057942162612846
0.8043273260684947
0.8039082145848404
0.8016554903601988
0.7987740989100758
0.7977787091363969
0.7965737636208909
0.7959974853308663
0.7960498742663231
0.7928541492034594
0.7924350377198052
0.7899727577533364
0.7870389773677566
0.7869865884322998
0.7868818105613863
0.783109807208498
0.7830050293375844
0.7826906957248437
0.782376362112103
0.7823239731766463
0.7820620284993623
0.7803331936292885
0.7797045264038072
0.7792854149201529
0.7791806370492393
0.7787615255655851
0.777347024308252
0.777347024308252
0.7772422464373384
0.7777661357919062
0.7777137468564495
0.7773994132437088
0.7773994132437088
0.7770326906955113
0.7767183570827706
0.7762468566636596
0.7758801341154621
0.7754610226318078
0.7750943000836104
0.7750943000836104
0.7751466890190671
0.7750419111481536
0.7752514668899807
0.7751466890190671
0.7752514668899807
0.7749895222126968
0.7728939647944255
0.7724748533107713
0.7706412405697839
0.7704316848279568
0.7705888516343271
0.7680741827324016
0.7680741827324016
0.7680217937969448
0.7648260687340811
0.7624685666385259
0.7626257334448963
0.7614731768648471
0.7615255658003038
0.7613683989939335
0.7603730092202546
0.7603730092202546
0.7604253981557114
0.7603730092202546
0.7603730092202546
0.7603206202847979
0.7588013411565512
0.7586441743501808
0.7586441743501808
0.758591785414724
0.7584346186083537
0.7568629505446502
0.7560247275773417
0.755710393964601
0.7556580050291443
0.7543482816427247
0.7541387259008976
0.7540863369654408
0.7539291701590705
0.7534052808045026
0.7534576697399594
0.7534052808045026
0.7534576697399594
0.7536148365463298
0.7536148365463298
0.7523051131599102
0.752357502095367
0.7523051131599102
0.7522527242244534
0.7516764459344288
0.7516240569989721
0.7516764459344288
0.7502619446770957
0.7503143336125525
0.7504191114834661
0.7497904442579847
0.7498952221288983
0.7471186085496888
0.7466471081305778
0.7449706621959608
0.7452849958087014
0.744918273260504
0.745389773679615
0.7446563285832201
0.7444467728413929
0.7445515507123065
0.744184828164109
0.7441324392286522
0.7441324392286522
0.7440800502931955
0.7440276613577387
0.7439228834868251
0.7440276613577387
0.7442896060350226
0.7446039396477633
0.7444467728413929
0.7444991617768497
0.7445515507123065
0.7440800502931955
0.7414606035203564
0.7405699916175911
0.738893545682974
0.7380553227156655
0.7380553227156655
0.7374266554901842
0.7370599329419867
0.7371123218774435
0.7371647108129002
0.737217099748357
0.7369551550710731
0.7369027661356163
0.7368503772001596
0.7366932103937892
0.7365360435874189
0.73554065381374
0.7352263202009993
0.7351739312655425
0.735069153394629
0.7351739312655425
0.7352787091364561
0.7353310980719129
0.7351215423300858
0.7352787091364561
0.7351739312655425
0.7354358759428264
0.7356978206201104
0.7358025984910239
0.7356978206201104
0.7357502095555671
0.7354358759428264
0.73554065381374
0.7355930427491968
0.7358549874264807
0.7356978206201104
0.7347024308464315
0.7343880972336908
0.7342833193627772
0.7341785414918637
0.7336022632018391
0.7334974853309255
0.7335498742663823
0.7332355406536416
0.7329212070409009
0.7329212070409009
0.7330783738472713
0.7331831517181848
0.7332355406536416
0.7332879295890984
0.7332355406536416
0.7330259849118145
0.7330259849118145
0.7329735959763577
0.7330259849118145
0.734335708298234
0.7344404861691476
0.734335708298234
0.7343880972336908
0.7344928751046044
0.7344404861691476
0.7344928751046044
0.7343880972336908
0.7376362112320113
0.7376886001674681
0.7376362112320113
0.7375314333610977
0.7372694886838138
0.7373218776192706
0.7373218776192706
0.7373218776192706
0.7370599329419867
0.7371647108129002
0.7366408214583324
0.7365884325228756
0.7366408214583324
0.7378457669738384
0.7377933780383816
0.736745599329246
0.7367979882647028
0.7370599329419867
0.7364312657165053
0.7365884325228756
0.7388411567475173
0.7388411567475173
0.7389983235538876
0.739155490360258
0.7392602682311715
0.7394698239729987
0.7393650461020851
0.7398889354566529
0.7401508801339368
0.74009849119848
0.7399413243921097
0.7397317686502826
0.7397841575857393
0.7394698239729987
0.7394174350375419
0.7395222129084554
0.7406223805530479
0.7432942162613437
0.743713327744998
0.7450230511314175
0.7457041072923557
0.7457564962278125
0.7453373847441582
0.745389773679615
0.7453373847441582
0.7453373847441582
0.7452849958087014
0.7452849958087014
0.7452326068732447
0.7457041072923557
0.7456517183568989
0.7459136630341828
0.7462279966469235
0.7461756077114667
0.7466471081305778
0.746594719195121
0.7466471081305778
0.7466994970660346
0.7466994970660346
0.7467518860014913
0.7466994970660346
0.7468566638724049
0.7469090528078617
0.7478520536460838
0.7486902766133923
0.753090947191762
0.7531433361272187
0.755710393964601
0.7558151718355146
0.7561295054482553
0.7565486169319096
0.7571772841573909
0.7577011735119588
0.7579107292537859
0.7599538977366004
0.7600062866720572
0.760058675607514
0.7611588432521064
0.7613160100584767
0.7632020117349209
0.7632544006703776
0.7634639564122048
0.7636735121540319
0.7634639564122048
0.7635163453476616
0.769174350376994
0.7689647946351669
0.7690171835706237
0.7689647946351669
0.769907795473389
0.7707984073761542
0.7715318524725492
0.7722129086334873
0.7723176865044009
0.7726320201171416
0.7750419111481536
0.7765611902764002
0.7765088013409435
0.7772422464373384
0.7794425817265233
0.7795997485328936
0.7801760268229182
0.7830574182730412
0.7832145850794116
0.7842099748530904
0.7863055322713617
0.7866198658841024
0.7878772003350651
0.7888202011732872
0.7888202011732872
0.788872590108744
0.7887678122378304
0.7894488683987686
0.7908109807206449
0.7907585917851881
0.7906538139142746
0.7906014249788178
0.7911777032688424
0.7910729253979288
0.792958927074373
0.7931160938807433
0.7933256496225705
0.7933256496225705
0.7958927074599528
0.7961022632017799
0.7986693210391622
0.7987740989100758
0.7988788767809893
0.8096709974850864
0.8100901089687407
0.810247275775111
0.810980720871506
0.8110331098069627
0.8126047778706662
0.8128667225479501
0.8132334450961476
0.8133906119025179
0.8137049455152586
0.8168482816426655
0.8169006705781223
0.8170054484490359
0.8176341156745173
0.81889145012548
0.8189438390609368
0.8204107292537267
0.8232921207038497
0.8238683989938743
0.8247066219611828
0.8250209555739235
0.8250733445093803
0.8254924559930346
0.8274832355403923
0.8301550712486881
0.8303122380550585
0.8343461860852307
0.8359178541489342
0.8359702430843909
0.8375419111480944
0.8400041911145631
0.8400565800500199
0.8404756915336742
0.8429903604355997
0.843880972338365
0.8446668063702167
0.8447191953056735
0.8452954735956981
0.8463956412402905
0.8467099748530312
0.847967309303994
0.8479149203685372
0.847967309303994
0.8489626990776729
0.8489103101422161
0.8491198658840432
0.8507439228832034
0.8509534786250306
0.8511106454314009
0.8516869237214255
0.8578688181053258
0.8579212070407826
0.8620599329418683
0.8677703269066576
0.8678751047775711
0.8679274937130279
0.8680322715839415
0.8680322715839415
0.8719090528077433
0.8724329421623112
0.8725377200332247
0.8729044425814222
0.8730092204523358
0.8730616093877925
0.8735331098069036
0.8736378876778171
0.8736902766132739
0.8755762782897181
0.8756810561606316
0.878248113998014
0.8783528918689275
0.8784576697398411
0.8826487845763836
0.8830155071245811
0.8832250628664082
0.8848491198655685
0.8853730092201363
0.8863160100583584
0.887363788767494
0.8897212908630492
0.8931789606031968
0.8937552388932214
0.8975272422461097
0.8986797988261589
0.8987845766970725
0.8989417435034428
0.899622799664381
0.9009325230508005
0.901299245598998
0.9014564124053683
0.9075859178538118
0.9081098072083796
0.9082145850792932
0.9118818105612679
0.9129819782058604
0.9136630343667985
0.9190067057833903
0.9192162615252174
0.9192686504606742
0.9201592623634395
0.920264040234353
0.9206307627825505
0.9207879295889209
0.9208927074598344
0.9240884325226981
0.9241932103936117
0.9242455993290685
0.9258172673927719
0.9260792120700558
0.9261316010055126
0.926288767811883
0.926288767811883
0.9275984911983025
0.9277556580046729
0.9293797150038331
0.9314228834866476
0.9334136630340053
0.9357187761941037
0.9358235540650173
0.9359807208713876
0.9360854987423012
0.9362426655486715
0.9377619446769182
0.9425817267389421
0.9453059513826948
0.9460917854145465
0.9461965632854601
0.9465632858336576
0.9468776194463983
0.9469823973173118
0.9470347862527686
0.9479777870909907
0.9480825649619042
0.951749790443879
0.9519593461857061
0.9526404023466443
0.9547359597649155
0.9547883487003723
0.9549455155067427
0.9552074601840266
0.9556265716676808
0.9556789606031376
0.95677912824773
0.9585079631178038
0.9590318524723717
0.9619656328579514
0.9643231349535066
0.9645850796307905
0.9647422464371609
0.9679903604354814
0.9681999161773085
0.968566638725506
0.9728101424975053
0.9730196982393324
0.9793063704941463
0.9801445934614548
0.9818734283315286
0.9819258172669854
0.9826592623633803
0.9859597652971576
0.9903604358755272
0.990412824810984
0.9909891031010086
0.992822715841996
0.9928751047774528
0.994027661357502
0.9941324392284155
0.994499161776613
0.9946039396475266
0.9959136630339461
0.9999999999995751
