0.5196078431372549
0.5204248366013072
0.5212418300653595
0.5220588235294118
0.5228758169934641
0.5236928104575164
0.5245098039215687
0.5253267973856209
0.5261437908496732
0.5269607843137255
0.5277777777777778
0.5285947712418301
0.5294117647058824
0.5302287581699346
0.5310457516339869
0.5318627450980392
0.5326797385620915
0.5334967320261438
0.5343137254901961
0.5351307189542484
0.5359477124183006
0.5367647058823529
0.5375816993464052
0.5383986928104575
0.5392156862745098
0.5400326797385621
0.5408496732026143
0.5416666666666666
0.5424836601307189
0.5433006535947712
0.5441176470588235
0.5449346405228758
0.545751633986928
0.5465686274509803
0.5473856209150327
0.548202614379085
0.5490196078431373
0.5498366013071896
0.5506535947712419
0.5514705882352942
0.5522875816993464
0.5531045751633987
0.553921568627451
0.5547385620915033
0.5555555555555556
0.5563725490196079
0.5571895424836601
0.5580065359477124
0.5588235294117647
0.559640522875817
0.5604575163398693
0.5612745098039216
0.5620915032679739
0.5629084967320261
0.5637254901960784
0.5645424836601307
0.565359477124183
0.5661764705882353
0.5669934640522876
0.5678104575163399
0.5686274509803921
0.5694444444444444
0.5702614379084967
0.571078431372549
0.5718954248366013
0.5727124183006536
0.5735294117647058
0.5743464052287581
0.5751633986928104
0.5759803921568627
0.576797385620915
0.5776143790849673
0.5784313725490197
0.579248366013072
0.5800653594771242
0.5808823529411765
0.5816993464052288
0.5825163398692811
0.5833333333333334
0.5841503267973857
0.5849673202614379
0.5857843137254902
0.5866013071895425
0.5874183006535948
0.5882352941176471
0.5890522875816994
0.5898692810457516
0.5906862745098039
0.5915032679738562
0.5923202614379085
0.5931372549019608
0.5939542483660131
0.5947712418300654
0.5955882352941176
0.5964052287581699
0.5972222222222222
0.5980392156862745
0.5988562091503268
0.5996732026143791
0.6004901960784313
0.6013071895424836
0.6021241830065359
0.6029411764705882
0.6037581699346405
0.6045751633986928
0.6053921568627451
0.6062091503267973
0.6070261437908496
0.6078431372549019
0.6086601307189542
0.6094771241830066
0.6102941176470589
0.6111111111111112
0.6119281045751634
0.6127450980392157
0.613562091503268
0.6143790849673203
0.6151960784313726
0.6160130718954249
0.6168300653594772
0.6176470588235294
0.6184640522875817
0.619281045751634
0.6200980392156863
0.6209150326797386
0.6217320261437909
0.6225490196078431
0.6233660130718954
0.6241830065359477
0.625
0.6258169934640523
0.6266339869281046
0.6274509803921569
0.6282679738562091
0.6290849673202614
0.6299019607843137
0.630718954248366
0.6315359477124183
0.6323529411764706
0.6331699346405228
0.6339869281045751
0.6348039215686274
0.6356209150326797
0.636437908496732
0.6372549019607843
0.6380718954248366
0.6388888888888888
0.6397058823529411
0.6405228758169934
0.6413398692810458
0.6421568627450981
0.6429738562091504
0.6437908496732027
0.6446078431372549
0.6454248366013072
0.6462418300653595
0.6470588235294118
0.6478758169934641
0.6486928104575164
0.6495098039215687
0.6503267973856209
0.6511437908496732
0.6519607843137255
0.6527777777777778
0.6535947712418301
0.6544117647058824
0.6552287581699346
0.6560457516339869
0.6568627450980392
0.6576797385620915
0.6584967320261438
0.6593137254901961
0.6601307189542484
0.6609477124183006
0.6617647058823529
0.6625816993464052
0.6633986928104575
0.6642156862745098
0.6650326797385621
0.6658496732026143
0.6666666666666666
0.6674836601307189
0.6683006535947712
0.6691176470588235
0.6699346405228758
0.670751633986928
0.6715686274509803
0.6723856209150327
0.673202614379085
0.6740196078431373
0.6748366013071896
0.6756535947712419
0.6764705882352942
0.6772875816993464
0.6781045751633987
0.678921568627451
0.6797385620915033
0.6805555555555556
0.6813725490196079
0.6821895424836601
0.6830065359477124
0.6838235294117647
0.684640522875817
0.6854575163398693
0.6862745098039216
0.6870915032679739
0.6879084967320261
0.6887254901960784
0.6895424836601307
0.690359477124183
0.6911764705882353
0.6919934640522876
0.6928104575163399
0.6936274509803921
0.6944444444444444
0.6952614379084967
0.696078431372549
0.6968954248366013
0.6977124183006536
0.6985294117647058
0.6993464052287581
0.7001633986928104
0.7009803921568627
0.701797385620915
0.7026143790849673
0.7034313725490197
0.704248366013072
0.7050653594771242
0.7058823529411765
0.7066993464052288
0.7075163398692811
0.7083333333333334
0.7091503267973857
0.7099673202614379
0.7107843137254902
0.7116013071895425
0.7124183006535948
0.7132352941176471
0.7140522875816994
0.7148692810457516
0.7156862745098039
0.7165032679738562
0.7173202614379085
0.7181372549019608
0.7189542483660131
0.7197712418300654
0.7205882352941176
0.7214052287581699
0.7222222222222222
0.7230392156862745
0.7238562091503268
0.7246732026143791
0.7254901960784313
0.7263071895424836
0.7271241830065359
0.7279411764705882
0.7287581699346405
0.7295751633986928
0.7303921568627451
0.7312091503267973
0.7320261437908496
0.7328431372549019
0.7336601307189542
0.7344771241830066
0.7352941176470589
0.7361111111111112
0.7369281045751634
0.7377450980392157
0.738562091503268
0.7393790849673203
0.7401960784313726
0.7410130718954249
0.7418300653594772
0.7426470588235294
0.7434640522875817
0.744281045751634
0.7450980392156863
0.7459150326797386
0.7467320261437909
0.7475490196078431
0.7483660130718954
0.7491830065359477
0.75
0.7508169934640523
0.7516339869281046
0.7524509803921569
0.7532679738562091
0.7540849673202614
0.7549019607843137
0.755718954248366
0.7565359477124183
0.7573529411764706
0.7581699346405228
0.7589869281045751
0.7598039215686274
0.7606209150326797
0.761437908496732
0.7622549019607843
0.7630718954248366
0.7638888888888888
0.7647058823529411
0.7655228758169934
0.7663398692810458
0.7671568627450981
0.7679738562091504
0.7687908496732027
0.7696078431372549
0.7704248366013072
0.7712418300653595
0.7720588235294118
0.7728758169934641
0.7736928104575164
0.7745098039215687
0.7753267973856209
0.7761437908496732
0.7769607843137255
0.7777777777777778
0.7785947712418301
0.7794117647058824
0.7802287581699346
0.7810457516339869
0.7818627450980392
0.7826797385620915
0.7834967320261438
0.7843137254901961
0.7851307189542484
0.7859477124183006
0.7867647058823529
0.7875816993464052
0.7883986928104575
0.7892156862745098
0.7900326797385621
0.7908496732026143
0.7916666666666666
0.7924836601307189
0.7933006535947712
0.7941176470588235
0.7949346405228758
0.795751633986928
0.7965686274509803
0.7973856209150327
0.798202614379085
0.7990196078431373
0.7998366013071896
0.8006535947712419
0.8014705882352942
0.8022875816993464
0.8031045751633987
0.803921568627451
0.8047385620915033
0.8055555555555556
0.8063725490196079
0.8071895424836601
0.8080065359477124
0.8088235294117647
0.809640522875817
0.8104575163398693
0.8112745098039216
0.8120915032679739
0.8129084967320261
0.8137254901960784
0.8145424836601307
0.815359477124183
0.8161764705882353
0.8169934640522876
0.8178104575163399
0.8186274509803921
0.8194444444444444
0.8202614379084967
0.821078431372549
0.8218954248366013
0.8227124183006536
0.8235294117647058
0.8243464052287581
0.8251633986928104
0.8259803921568627
0.826797385620915
0.8276143790849673
0.8284313725490197
0.829248366013072
0.8300653594771242
0.8308823529411765
0.8316993464052288
0.8325163398692811
0.8333333333333334
0.8341503267973857
0.8349673202614379
0.8357843137254902
0.8366013071895425
0.8374183006535948
0.8382352941176471
0.8390522875816994
0.8398692810457516
0.8406862745098039
0.8415032679738562
0.8423202614379085
0.8431372549019608
0.8439542483660131
0.8447712418300654
0.8455882352941176
0.8464052287581699
0.8472222222222222
0.8480392156862745
0.8488562091503268
0.8496732026143791
0.8504901960784313
0.8513071895424836
0.8521241830065359
0.8529411764705882
0.8537581699346405
0.8545751633986928
0.8553921568627451
0.8562091503267973
0.8570261437908496
0.8578431372549019
0.8586601307189542
0.8594771241830066
0.8602941176470589
0.8611111111111112
0.8619281045751634
0.8627450980392157
0.863562091503268
0.8643790849673203
0.8651960784313726
0.8660130718954249
0.8668300653594772
0.8676470588235294
0.8684640522875817
0.869281045751634
0.8700980392156863
0.8709150326797386
0.8717320261437909
0.8725490196078431
0.8733660130718954
0.8741830065359477
0.875
0.8758169934640523
0.8766339869281046
0.8774509803921569
0.8782679738562091
0.8790849673202614
0.8799019607843137
0.880718954248366
0.8815359477124183
0.8823529411764706
0.8831699346405228
0.8839869281045751
0.8848039215686274
0.8856209150326797
0.886437908496732
0.8872549019607843
0.8880718954248366
0.8888888888888888
0.8897058823529411
0.8905228758169934
0.8913398692810458
0.8921568627450981
0.8929738562091504
0.8937908496732027
0.8946078431372549
0.8954248366013072
0.8962418300653595
0.8970588235294118
0.8978758169934641
0.8986928104575164
0.8995098039215687
0.9003267973856209
0.9011437908496732
0.9019607843137255
0.9027777777777778
0.9035947712418301
0.9044117647058824
0.9052287581699346
0.9060457516339869
0.9068627450980392
0.9076797385620915
0.9084967320261438
0.9093137254901961
0.9101307189542484
0.9109477124183006
0.9117647058823529
0.9125816993464052
0.9133986928104575
0.9142156862745098
0.9150326797385621
0.9158496732026143
0.9166666666666666
0.9174836601307189
0.9183006535947712
0.9191176470588235
0.9199346405228758
0.920751633986928
0.9215686274509803
0.9223856209150327
0.923202614379085
0.9240196078431373
0.9248366013071896
0.9256535947712419
0.9264705882352942
0.9272875816993464
0.9281045751633987
0.928921568627451
0.9297385620915033
0.9305555555555556
0.9313725490196079
0.9321895424836601
0.9330065359477124
0.9338235294117647
0.934640522875817
0.9354575163398693
0.9362745098039216
0.9370915032679739
0.9379084967320261
0.9387254901960784
0.9395424836601307
0.940359477124183
0.9411764705882353
0.9419934640522876
0.9428104575163399
0.9436274509803921
0.9444444444444444
0.9452614379084967
0.946078431372549
0.9468954248366013
0.9477124183006536
0.9485294117647058
0.9493464052287581
0.9501633986928104
0.9509803921568627
0.951797385620915
0.9526143790849673
0.9534313725490197
0.954248366013072
0.9550653594771242
0.9558823529411765
0.9566993464052288
0.9575163398692811
0.9583333333333334
0.9591503267973857
0.9599673202614379
0.9607843137254902
0.9616013071895425
0.9624183006535948
0.9632352941176471
0.9640522875816994
0.9648692810457516
0.9656862745098039
0.9665032679738562
0.9673202614379085
0.9681372549019608
0.9689542483660131
0.9697712418300654
0.9705882352941176
0.9714052287581699
0.9722222222222222
0.9730392156862745
0.9738562091503268
0.9746732026143791
0.9754901960784313
0.9763071895424836
0.9771241830065359
0.9779411764705882
0.9787581699346405
0.9795751633986928
0.9803921568627451
0.9812091503267973
0.9820261437908496
0.9828431372549019
0.9836601307189542
0.9844771241830066
0.9852941176470589
0.9861111111111112
0.9869281045751634
0.9877450980392157
0.988562091503268
0.9893790849673203
0.9901960784313726
0.9910130718954249
0.9918300653594772
0.9926470588235294
0.9934640522875817
0.994281045751634
0.9950980392156863
0.9959150326797386
0.9967320261437909
0.9975490196078431
0.9983660130718954
0.9991830065359477
1.0
