0.8962699077951469
0.880396060351742
0.8701802179376695
0.8625314333609794
0.852053646269623
0.8438285834029082
0.8355511316007367
0.8278499580885897
0.8197820620282453
0.8134953897734315
0.8067372170995066
0.8007648784574335
0.7945829840735332
0.788872590108744
0.7844719195303743
0.7787091366301283
0.7731035205362526
0.7678646269905745
0.7654023470241057
0.7618922883485013
0.758853730092008
0.7551341156745764
0.7522527242244534
0.748742665548849
0.7459136630341828
0.7426655490358623
0.7410938809721589
0.7385268231347766
0.7365884325228756
0.7332355406536416
0.7308780385580864
0.7273155909470252
0.7249580888514701
0.7230196982395691
0.721605196982236
0.7215004191113225
0.7197191953057919
0.7230720871750259
0.7221290863368038
0.7213432523049521
0.7216575859176928
0.7195620284994215
0.7177808046938909
0.7167854149202121
0.7149518021792247
0.7140088013410026
0.7125419111482127
0.7118084660518178
0.7103415758590279
0.7117036881809042
0.7142183570828298
0.7137468566637187
0.7135373009218916
0.7118608549872746
0.7118608549872746
0.7121751886000153
0.7140088013410026
0.7139564124055459
0.7144803017601137
0.7175712489520638
0.718252305113002
0.7159995808883604
0.7164710813074714
0.7166806370492985
0.7174140821456935
0.7173616932102367
0.7203478625312733
0.724015088013248
0.7262678122378896
0.7272632020115685
0.7270012573342846
0.7272632020115685
0.7263725901088032
0.7272108130761117
0.7278918692370498
0.7304589270744322
0.7318210393963085
0.7324497066217899
0.7341785414918637
0.7348595976528018
0.7362217099746782
0.7349119865882586
0.7359597652973943
0.7373218776192706
0.7385792120702334
0.7395222129084554
0.7386316010056901
0.7385792120702334
0.7389983235538876
0.7405699916175911
0.740360435875764
0.7409891031012453
0.7411462699076157
0.7429274937131463
0.744184828164109
0.7454421626150718
0.7452849958087014
0.7469614417433185
0.7481139983233677
0.7494237217097872
0.7493713327743304
0.7513097233862314
0.7524098910308238
0.7540863369654408
0.7551865046100332
0.7565486169319096
0.7587489522210944
0.7589585079629215
0.7607921207039089
0.7628352891867234
0.7649832355404514
0.7643021793795133
0.7661881810559574
0.7659786253141303
0.7667120704105252
0.7673407376360066
0.7699601844088457
0.7705888516343271
0.7714794635370924
0.7733654652135366
0.7746227996644993
0.7761944677282028
0.7775041911146223
0.7787615255655851
0.7804903604356589
0.7815381391447945
0.7834241408212387
0.7853101424976828
0.7870913663032134
0.7880343671414355
0.7900251466887932
0.7917015926234102
0.7924350377198052
0.7933256496225705
0.7932732606871137
0.7950020955571875
0.7956831517181256
0.7973595976527427
0.798721709974619
0.7997170997482979
0.8012363788765445
0.8022317686502234
0.8036462699075565
0.8053751047776303
0.8064752724222227
0.8078897736795558
0.8089375523886915
0.8104044425814814
0.8124476110642959
0.8143860016761968
0.8164291701590113
0.8175817267390605
0.8190486169318504
0.8202011735118996
0.8219300083819734
0.8231349538974794
0.824654233025726
0.8257544006703185
0.8270117351212812
0.8283738474431576
0.8300502933777746
0.8318315171833052
0.8333507963115518
0.8349748533107121
0.8361797988262181
0.8380134115672054
0.8392707460181682
0.8407376362109581
0.8417854149200937
0.8428855825646862
0.843880972338365
0.8445096395638464
0.8460813076275499
0.8468147527239448
0.8482816429167347
0.8489626990776729
0.8500628667222653
0.8507439228832034
0.8522632020114501
0.8536777032687832
0.8548826487842892
0.8558780385579681
0.857082984073474
0.8583927074598936
0.8600691533945106
0.861431265716387
0.8627933780382633
0.8637887678119421
0.8648365465210778
0.8664082145847812
0.867194048616633
0.868398994132139
0.8698658843249288
0.8713327745177187
0.8722757753559408
0.8732711651296197
0.8740569991614714
0.8752619446769774
0.8764668901924834
0.8776718357079893
0.878248113998014
0.8796626152553471
0.8810771165126802
0.8822296730927294
0.8828583403182108
0.8838537300918896
0.8844300083819142
0.8855825649619634
0.8865255658001855
0.8874685666384076
0.8883067896057161
0.8893021793793949
0.8894593461857653
0.8906642917012713
0.8915549036040366
0.8925502933777154
0.8932837384741104
0.894331517183246
0.8952745180214681
0.8947506286669002
0.8957984073760359
0.8962699077951469
0.8969509639560851
0.897946353729764
0.8990465213743564
0.8999371332771217
0.9010373009217141
0.9018755238890226
0.9026089689854175
0.9036043587590964
0.9045997485327752
0.9052808046937134
0.9061714165964787
0.9071144174347008
0.9077430846601822
0.9086860854984042
0.9093147527238856
0.9102577535621077
0.9110959765294162
0.9119865884321815
0.9128772003349468
0.9137678122377121
0.9146584241404774
0.9155490360432427
0.9162300922041808
0.9170683151714893
0.9179065381387979
0.9187447611061064
0.9195305951379581
0.9203164291698098
0.920264040234353
0.9208403185243776
0.9216261525562294
0.9220976529753404
0.9228834870071921
0.9236693210390439
0.924350377199982
0.9251362112318338
0.9259220452636855
0.9265507124891669
0.9269698239728211
0.9277032690692161
0.9281223805528703
0.9288558256492653
0.9295892707456602
0.9303227158420552
0.9310561609384501
0.9316848281639315
0.9324182732603264
0.9330469404858078
0.9336756077112892
0.9343566638722274
0.934932942162252
0.9356139983231901
0.9362950544841283
0.9369761106450665
0.9375523889350911
0.9380238893542021
0.9387049455151403
0.9391764459342513
0.9397003352888191
0.9403290025143005
0.9409576697397819
0.9409576697397819
0.941167225481609
0.9417958927070904
0.9424245599325718
0.9430008382225964
0.943577116512621
0.9439438390608185
0.9445201173508431
0.9450963956408677
0.9456726739308923
0.9462489522209169
0.9465108968982008
0.9466680637045711
0.9471395641236822
0.9475586756073364
0.9480825649619042
0.9486064543164721
0.9491303436710399
0.9496542330256077
0.9501781223801755
0.9507020117347433
0.9512259010893112
0.951749790443879
0.9522736797984468
0.952692791282101
0.9531119027657553
0.9533738474430392
0.9537405699912367
0.9542120704103477
0.9543692372167181
0.9548407376358291
0.9552598491194834
0.9554694048613105
0.9558885163449647
0.956307627828619
0.9567267393122733
0.9571458507959275
0.9575649622795818
0.957984073763236
0.9582984073759767
0.958717518859631
0.9591366303432852
0.9595557418269395
0.9597652975687666
0.9599748533105937
0.960393964794248
0.9608130762779022
0.9610750209551862
0.9614417435033836
0.9618084660515811
0.9621751885997786
0.9624371332770625
0.96280385582526
0.9631705783734574
0.9635373009216549
0.9639040234698524
0.9642707460180499
0.9646374685662473
0.9650041911144448
0.9652661357917287
0.9653185247271855
0.965685247275383
0.9660519698235804
0.9664186923717779
0.9667854149199754
0.9671521374681729
0.9675188600163703
0.9678855825645678
0.9682523051127653
0.9685142497900492
0.9688285834027899
0.9691429170155306
0.9692476948864441
0.9695620284991848
0.9698763621119255
0.9701906957246662
0.9704002514664933
0.970714585079234
0.9710289186919747
0.9713432523047154
0.9716575859174561
0.9718671416592832
0.9721814752720239
0.9724958088847646
0.9727053646265917
0.9730196982393324
0.9733340318520731
0.9736483654648138
0.9739626990775545
0.9741722548193816
0.9744865884321223
0.974800922044863
0.974800922044863
0.9751152556576037
0.9754295892703444
0.9756391450121715
0.9757963118185419
0.9760582564958258
0.9763202011731097
0.9765821458503936
0.9768440905276775
0.9771060352049614
0.9773679798822453
0.9776299245595292
0.9778918692368131
0.9781538139140971
0.978415758591381
0.9786777032686649
0.9789396479459488
0.9792015926232327
0.9794635373005166
0.9797254819778005
0.9799874266550844
0.9801445934614548
0.9804065381387387
0.9806684828160226
0.9809304274933065
0.9811923721705904
0.9814543168478743
0.9815590947187879
0.981768650460615
0.9818734283315286
0.9819782062024421
0.9821877619442693
0.9823973176860964
0.9826068734279235
0.9828164291697506
0.9830259849115778
0.9832355406534049
0.983445096395232
0.9836546521370592
0.9838642078788863
0.9839689857497999
0.984178541491627
0.9843880972334541
0.9845976529752812
0.9848072087171084
0.9850167644589355
0.9852263202007626
0.9854358759425897
0.9856454316844169
0.985854987426244
0.9860645431680711
0.9862740989098983
0.9864836546517254
0.9866932103935525
0.9869027661353796
0.98705993294175
0.9872170997481203
0.9873742665544907
0.9874266554899475
0.9875838222963178
0.9877409891026881
0.9878981559090585
0.9879505448445153
0.9881077116508856
0.988264878457256
0.9884220452636263
0.9884744341990831
0.9886316010054534
0.9887887678118238
0.9889459346181941
0.9889983235536509
0.9891554903600213
0.9893126571663916
0.989469823972762
0.9896269907791323
0.9897841575855026
0.989941324391873
0.9900984911982433
0.9902556580046137
0.990412824810984
0.9905699916173544
0.9907271584237247
0.9908843252300951
0.9910414920364654
0.9911986588428358
0.9913558256492061
0.9915129924555764
0.99161777032649
0.9917225481974036
0.9917225481974036
0.9918273260683171
0.9919321039392307
0.9920368818101443
0.9921416596810578
0.9922464375519714
0.992351215422885
0.9924559932937985
0.9924559932937985
0.9925607711647121
0.9926655490356256
0.9926655490356256
0.9927703269065392
0.9928751047774528
0.9929798826483663
0.9930846605192799
0.9931894383901935
0.993294216261107
0.9933989941320206
0.9935037720029342
0.9936085498738477
0.9937133277447613
0.9938181056156749
0.9939228834865884
0.994027661357502
0.9941324392284155
0.9942372170993291
0.9943419949702427
0.9943419949702427
0.9944467728411562
0.9945515507120698
0.9946563285829834
0.9947611064538969
0.9948658843248105
0.994970662195724
0.9950754400666376
0.9951802179375512
0.9952849958084647
0.9953897736793783
0.9954945515502919
0.9955993294212054
0.995704107292119
0.9958088851630326
0.9959136630339461
0.9959660519694029
0.9960184409048597
0.9960708298403165
0.9961232187757733
0.99617560771123
0.9962279966466868
0.9962803855821436
0.9963327745176004
0.9963851634530572
0.996437552388514
0.9964899413239707
0.9965423302594275
0.9965947191948843
0.9966471081303411
0.9966994970657979
0.9967518860012546
0.9968042749367114
0.9967518860012546
0.9968042749367114
0.9968566638721682
0.996909052807625
0.9969614417430818
0.9970138306785385
0.9970662196139953
0.9971186085494521
0.9971709974849089
0.9972233864203657
0.9972757753558225
0.9973281642912792
0.997380553226736
0.9974329421621928
0.9974853310976496
0.9975377200331064
0.9975901089685631
0.9976424979040199
0.9976948868394767
0.9977472757749335
0.9977996647103903
0.9978520536458471
0.9979044425813038
0.9979568315167606
0.9980092204522174
0.9980616093876742
0.998113998323131
0.9981663872585878
0.9982187761940445
0.9982711651295013
0.9983235540649581
0.9983759430004149
0.9984283319358717
0.9984807208713284
0.9985331098067852
0.998585498742242
0.9986378876776988
0.9986902766131556
0.9987426655486124
0.9987950544840691
0.9988474434195259
0.9988998323549827
0.9989522212904395
0.9990046102258963
0.999056999161353
0.9991093880968098
0.9991617770322666
0.9992141659677234
0.9992665549031802
0.999318943838637
0.9993713327740937
0.9994237217095505
0.9994761106450073
0.9995284995804641
0.9995808885159209
0.9996332774513776
0.9996856663868344
0.9997380553222912
0.999790444257748
0.9998428331932048
0.9998952221286616
0.9999476110641183
0.9999999999995751
