0.9375
1.0
0.0
0.0
0.0
0.0
0.2
1.0
1.0
1.0
0.730769230769
0.578947368421
0.78125
0.0
1.0
0.0
0.809523809524
0.0
0.357142857143
1.0
0.625
0.0
0.857142857143
0.875
1.0
0.75
1.0
0.0
1.0
1.0
0.833333333333
1.0
1.0
0.971014492754
0.5
1.0
1.0
1.0
0.0
1.0
1.0
1.0
0.925925925926
1.0
1.0
0.982142857143
1.0
0.875
0.833333333333
0.715909090909
0.72
0.95652173913
1.0
1.0
1.0
0.941176470588
1.0
0.0
0.333333333333
0.833333333333
0.684210526316
0.0
1.0
0.0
0.0
1.0
0.8
0.324324324324
0.666666666667
0.5
1.0
0.818181818182
0.0
0.790322580645
0.0
1.0
0.333333333333
1.0
0.5
0.95652173913
0.0
0.8
1.0
0.0
1.0
1.0
0.0
0.0
0.666666666667
1.0
0.733333333333
0.0
1.0
0.805555555556
1.0
0.0
1.0
0.690476190476
1.0
0.25
1.0
0.0
1.0
0.980769230769
0.75
0.333333333333
0.0
0.0
1.0
0.0
0.725190839695
0.75
0.985714285714
1.0
1.0
1.0
1.0
0.0
1.0
0.627906976744
0.0
0.25
1.0
0.0
0.72
0.0
1.0
1.0
0.0
1.0
0.924528301887
0.344827586207
0.941176470588
1.0
1.0
1.0
1.0
0.666666666667
1.0
1.0
0.939393939394
1.0
0.368421052632
0.0
0.222222222222
1.0
0.222222222222
0.833333333333
1.0
1.0
1.0
1.0
1.0
0.986111111111
0.0
0.7
1.0
0.888888888889
0.2
0.0
1.0
0.333333333333
1.0
1.0
0.0
0.0
0.833333333333
1.0
1.0
1.0
0.2
1.0
1.0
0.333333333333
0.888888888889
1.0
0.791666666667
0.857142857143
0.615384615385
1.0
1.0
1.0
1.0
1.0
0.777777777778
0.0
0.964285714286
1.0
1.0
0.0
1.0
1.0
1.0
1.0
0.34328358209
0.454545454545
0.666666666667
1.0
0.271186440678
1.0
1.0
0.730769230769
0.977011494253
0.75
0.692307692308
1.0
0.375
1.0
0.941176470588
1.0
0.0
0.666666666667
0.8
1.0
0.970588235294
0.0
0.0
0.2
1.0
0.0
0.0
0.0
0.5
0.964285714286
0.285714285714
1.0
0.696428571429
0.846153846154
1.0
1.0
0.0
0.875
1.0
0.710144927536
0.459459459459
1.0
1.0
0.25
0.0
0.75
1.0
0.969696969697
1.0
1.0
0.976744186047
1.0
1.0
1.0
0.5
1.0
1.0
1.0
0.7
0.0
0.0
0.909090909091
0.7
1.0
1.0
1.0
1.0
1.0
0.333333333333
0.5
1.0
0.25
1.0
0.928571428571
0.857142857143
1.0
0.739130434783
0.958333333333
1.0
0.0
1.0
0.0
0.953488372093
0.965517241379
1.0
0.25
0.210526315789
0.65671641791
1.0
0.92
1.0
0.0
0.0
1.0
0.0
0.0
0.941176470588
1.0
1.0
0.666666666667
0.0
0.0
1.0
0.0
0.26
0.555555555556
0.342857142857
0.928571428571
0.0
0.222222222222
1.0
1.0
0.678571428571
0.973451327434
1.0
0.0
0.925925925926
0.0
0.857142857143
1.0
0.722222222222
0.75
1.0
0.950617283951
1.0
1.0
0.609756097561
1.0
0.0
1.0
1.0
1.0
0.783783783784
1.0
0.0
0.4
1.0
1.0
0.0
0.0
1.0
0.222222222222
0.955555555556
1.0
0.0
1.0
0.75
0.742857142857
1.0
0.818181818182
0.333333333333
0.615384615385
0.25
1.0
0.666666666667
1.0
0.97619047619
0.25
0.236363636364
0.636363636364
0.0
0.365079365079
0.25
0.978723404255
1.0
0.0
0.1
1.0
0.588235294118
0.684210526316
0.225806451613
1.0
1.0
0.65625
0.8
0.357142857143
0.0
0.16
1.0
0.740740740741
1.0
1.0
0.96
0.941176470588
1.0
1.0
0.0
0.666666666667
0.916666666667
1.0
1.0
0.818181818182
0.322580645161
1.0
1.0
1.0
0.0
0.0
0.238095238095
0.333333333333
0.142857142857
0.166666666667
0.909090909091
0.0
1.0
0.0
0.0
0.166666666667
0.888888888889
1.0
0.694444444444
0.210526315789
1.0
0.0
0.0
0.866666666667
0.0
1.0
0.733333333333
1.0
0.0
0.242424242424
0.0
0.652173913043
1.0
1.0
0.277777777778
1.0
0.692307692308
1.0
0.833333333333
0.0
0.977272727273
0.9375
0.958333333333
0.5
0.166666666667
1.0
1.0
0.0
1.0
0.0
1.0
0.0
0.958333333333
1.0
0.142857142857
1.0
1.0
0.0
1.0
0.666666666667
1.0
0.5
0.934782608696
1.0
0.166666666667
1.0
0.9375
0.0
0.5
1.0
0.9
0.0
1.0
1.0
0.833333333333
0.95
0.166666666667
0.0
1.0
0.0
0.8
1.0
0.0
1.0
1.0
1.0
0.933333333333
0.6
0.969696969697
0.0
0.775510204082
0.0
0.0
0.987341772152
0.970588235294
0.666666666667
0.363636363636
1.0
1.0
0.0
1.0
1.0
0.0
1.0
0.833333333333
0.789473684211
0.888888888889
0.666666666667
0.857142857143
1.0
0.7
0.630136986301
1.0
0.95652173913
1.0
0.0
0.722222222222
1.0
0.0
1.0
1.0
0.0
1.0
0.619047619048
0.333333333333
0.272727272727
1.0
1.0
0.5
0.416666666667
1.0
0.0
0.941176470588
1.0
1.0
1.0
0.6375
1.0
0.714285714286
1.0
0.275
1.0
1.0
1.0
0.982456140351
1.0
0.0
0.0
0.927536231884
0.61320754717
1.0
0.967213114754
0.0
0.0
1.0
1.0
0.963636363636
1.0
1.0
1.0
1.0
1.0
0.625
0.75
0.0
1.0
1.0
1.0
0.375
0.807692307692
0.222222222222
0.545454545455
0.9375
1.0
0.0
0.769230769231
1.0
1.0
0.275862068966
1.0
0.0
0.9
0.962962962963
0.857142857143
1.0
0.0
0.253521126761
0.977272727273
0.5
1.0
1.0
0.0
0.75
0.666666666667
0.833333333333
0.95652173913
0.722222222222
1.0
0.8
0.947368421053
0.666666666667
0.0
0.95
1.0
1.0
0.0
1.0
0.95
1.0
1.0
1.0
0.692307692308
1.0
0.972602739726
1.0
0.67816091954
1.0
1.0
1.0
1.0
1.0
0.5625
0.0
0.0
0.0
1.0
1.0
0.0
1.0
0.692307692308
1.0
1.0
0.5
1.0
0.666666666667
1.0
0.328571428571
1.0
1.0
0.857142857143
1.0
0.0
0.75
0.0
1.0
0.888888888889
1.0
0.970588235294
0.0
1.0
1.0
0.0
1.0
1.0
0.882352941176
0.733333333333
1.0
0.826086956522
0.75
0.393442622951
1.0
0.207547169811
0.979591836735
1.0
0.983739837398
1.0
1.0
0.666666666667
0.961538461538
0.947368421053
0.975609756098
0.0
0.666666666667
1.0
0.25
0.0
1.0
0.0833333333333
0.857142857143
1.0
0.5
0.823529411765
0.0
1.0
0.949152542373
0.0
0.625
1.0
0.975609756098
0.9375
0.923076923077
0.378378378378
0.0
0.625
1.0
0.857142857143
0.214285714286
1.0
1.0
1.0
1.0
1.0
0.5
0.0
1.0
0.0
0.708333333333
0.712121212121
1.0
0.0
0.0
0.875
0.25
1.0
1.0
0.744680851064
0.666666666667
1.0
1.0
0.0
0.875
0.0
1.0
1.0
0.0
1.0
0.25
0.0
0.5
1.0
1.0
0.926829268293
0.666666666667
1.0
1.0
0.25
1.0
1.0
0.814814814815
0.715596330275
1.0
1.0
0.25
0.625
1.0
0.0
0.0
1.0
1.0
1.0
1.0
1.0
0.0
0.954545454545
0.5
0.685714285714
1.0
1.0
0.291666666667
1.0
0.75
1.0
1.0
0.68085106383
0.66265060241
1.0
1.0
0.6
0.708333333333
1.0
1.0
0.6
0.111111111111
1.0
1.0
0.5
0.373626373626
0.928571428571
1.0
1.0
0.96875
0.666666666667
0.916666666667
0.333333333333
0.923076923077
0.666666666667
0.0
0.313725490196
0.697674418605
1.0
0.694444444444
0.625
0.428571428571
0.88679245283
1.0
1.0
0.0
0.5
0.296296296296
0.0
1.0
1.0
0.75
0.555555555556
1.0
1.0
0.758620689655
1.0
0.723404255319
1.0
0.357142857143
0.0
1.0
0.833333333333
0.730769230769
0.5
0.857142857143
0.774193548387
0.0
1.0
1.0
1.0
0.5
1.0
0.714285714286
1.0
1.0
0.951219512195
1.0
1.0
1.0
1.0
1.0
0.333333333333
0.0
0.958333333333
0.818181818182
0.75
0.981481481481
1.0
1.0
0.959183673469
0.0
1.0
0.142857142857
0.793103448276
1.0
0.941176470588
0.666666666667
1.0
0.744186046512
0.0
0.5
0.666666666667
0.6
1.0
0.0
1.0
1.0
0.0
0.333333333333
1.0
0.0
0.777777777778
0.714285714286
0.666666666667
0.857142857143
0.0909090909091
0.666666666667
1.0
1.0
1.0
0.0
0.666666666667
0.958333333333
1.0
0.0
0.604651162791
0.0
0.8
0.714285714286
1.0
0.259259259259
1.0
1.0
1.0
0.964285714286
1.0
1.0
0.0
0.6
0.0
0.939393939394
1.0
0.0
0.0
1.0
0.285714285714
0.76
0.945945945946
0.111111111111
0.909090909091
0.7
0.75
0.0
0.952380952381
0.5
1.0
0.0
0.0
0.464285714286
0.764705882353
0.941176470588
0.0
1.0
0.933333333333
0.966666666667
1.0
0.0
0.916666666667
0.0
0.647058823529
1.0
0.875
0.0
0.923076923077
0.0
0.888888888889
0.0
1.0
1.0
0.272727272727
1.0
0.714285714286
1.0
0.0833333333333
0.888888888889
0.894736842105
0.0
0.5
0.962962962963
0.0487804878049
0.0
1.0
1.0
1.0
0.666666666667
1.0
0.0
1.0
0.0
0.642857142857
1.0
1.0
1.0
1.0
0.71875
1.0
0.833333333333
0.904761904762
0.5
1.0
1.0
1.0
0.977777777778
0.230769230769
0.705882352941
0.909090909091
0.0
0.909090909091
1.0
1.0
0.0
0.708333333333
0.9
0.0
1.0
0.0
0.0
0.666666666667
1.0
0.0
0.5
0.0
0.807692307692
0.6875
0.891891891892
0.6
1.0
0.5
0.5
1.0
1.0
0.527777777778
0.666666666667
0.0
1.0
0.666666666667
1.0
1.0
0.0
0.75
1.0
0.297709923664
0.969696969697
1.0
0.666666666667
0.833333333333
0.0
0.0
0.923076923077
1.0
0.966666666667
0.8
1.0
0.0
1.0
0.72
0.0
0.661971830986
0.714285714286
0.0
1.0
1.0
1.0
0.833333333333
1.0
1.0
0.833333333333
0.976744186047
1.0
1.0
1.0
0.0
0.608695652174
1.0
1.0
1.0
1.0
0.2
1.0
0.0
0.990291262136
1.0
0.333333333333
0.7
0.983870967742
0.1
0.0
0.666666666667
0.0
0.962962962963
0.695652173913
1.0
1.0
0.692307692308
0.944444444444
0.818181818182
1.0
1.0
1.0
0.647058823529
0.954545454545
1.0
0.8
1.0
1.0
0.444444444444
0.0
0.0
1.0
1.0
0.0
0.666666666667
0.641025641026
1.0
0.5
1.0
0.0
1.0
0.964285714286
1.0
0.944444444444
0.8
1.0
1.0
0.296296296296
0.0
0.0
0.666666666667
1.0
1.0
0.0909090909091
0.230769230769
0.5
0.739130434783
0.923076923077
1.0
1.0
0.0
0.694444444444
1.0
1.0
0.0
0.947368421053
1.0
1.0
0.909090909091
0.0
1.0
1.0
1.0
0.25
0.333333333333
0.681818181818
1.0
0.9375
1.0
1.0
0.0
0.69512195122
0.833333333333
1.0
0.321428571429
0.916666666667
1.0
0.9
0.966101694915
0.0
0.0810810810811
0.347826086957
1.0
0.833333333333
1.0
0.0
0.9
1.0
0.75
1.0
1.0
1.0
0.526315789474
0.181818181818
0.0
0.0
0.0
0.684210526316
1.0
0.0
0.333333333333
0.953488372093
0.0
1.0
0.9375
0.25
1.0
0.75
1.0
1.0
1.0
0.5
1.0
0.725806451613
0.952380952381
0.0
1.0
1.0
1.0
0.826086956522
0.0
1.0
1.0
0.454545454545
1.0
1.0
0.0
0.823529411765
1.0
0.69512195122
1.0
0.325
1.0
0.833333333333
0.0
0.258064516129
1.0
1.0
1.0
0.857142857143
0.0
0.8
1.0
0.322580645161
1.0
0.725
0.342465753425
0.625
0.0
0.571428571429
0.4
1.0
1.0
0.0
0.617021276596
0.8
1.0
1.0
1.0
0.727272727273
0.846153846154
1.0
0.785714285714
0.25
0.2
0.953488372093
1.0
0.714285714286
1.0
0.285714285714
0.971428571429
1.0
1.0
1.0
1.0
0.669565217391
0.0
0.974358974359
1.0
0.971014492754
1.0
1.0
0.333333333333
0.642857142857
1.0
0.5
1.0
1.0
0.0
