0.9122112917026174
0.9117406701168388
0.9126417704013515
0.9142680805698292
0.9133594504057096
0.9128664027995497
0.9121140142517064
0.9115427367929995
0.9107290558902547
0.9109785202863733
0.91092507829475
0.9104504833123882
0.9100503129221476
0.9098563645368963
0.9104141937903493
0.9100535770565011
0.9095474192725698
0.9107863872333601
0.9101893131742641
0.9110271608157552
0.9127494747898439
0.9126637554588188
0.912921722896308
0.9138232133262568
0.9136671177265008
0.9185689948891688
0.9186740786491108
0.9183772202641626
0.9178901955324482
0.9174665452249218
0.9176893779096527
0.917441612834428
0.9180597228175135
0.9176250718805339
0.919571821206349
0.9191470780875901
0.9191009590748446
0.9188392988659476
0.9229572560931234
0.9226585202295606
0.9233305853259104
0.9233378561739847
0.9279757391962107
0.927716355318254
0.9279196380644615
0.9288302876091369
0.9286046511630738
0.9288497506234252
0.9286273895332887
0.9283408142376176
0.9283000949664809
0.9280998966040019
0.9280633042921165
0.9281182234357181
0.9280180761781509
0.928166045078666
0.9284027042438704
0.9294011780103031
0.9295867225370363
0.9292904290430527
0.9297431648716921
0.9301996672211272
0.9300810291539928
0.9298834186028065
0.9296118548457375
0.9317893669173043
0.9316986254876675
0.9316130131151991
0.9317094017095641
0.9331732006517987
0.9329373278239437
0.9332181425487789
0.9331541529391254
0.9333565338436176
0.9331354748604016
0.9330881064987442
0.93312829525471
0.9329924175630081
0.9332153914194803
0.9330020409973535
0.9355470488737084
0.9358756809859072
0.9357584445836926
0.9356462340462773
0.935623478496256
0.9374208717671155
0.9380498866215347
0.9384097525471506
0.9404197080290707
0.9410688140555878
0.941079295154011
0.9412847413952392
0.9414913252121119
0.941328891356653
0.9411710123412454
0.9416744186046269
0.9422736174578521
0.9422267925584635
0.9422734514105242
0.9424142790040682
0.9425612052729708
0.9426144407737941
0.9446599186454376
0.9468095192945005
0.9467832367194886
0.9468571428573788
0.9468359263149736
0.9471066475372324
0.9470909613727114
0.9469842489433256
0.9471658165721395
0.9487945998069722
0.9486956521741541
0.9489835430783499
0.9490785645006757
0.9495626822155735
0.9495667413102906
0.9496683573935238
0.9496726277727328
0.9497797356827363
0.9496910856132749
0.9513704686116563
0.9513827379196548
0.9518927444794325
0.9525032092427056
0.9530168150347803
0.9530414107392434
0.9539591188725971
0.9551778970383132
0.9561019311171027
0.9563353603826737
0.9564696485623959
0.9570042995701489
0.956939715601941
0.9568792619335936
0.9581241213096896
0.9592719227673037
0.9595166163143873
0.9596611536910717
0.9597091790367545
0.9598584428717513
0.9606155715298605
0.960969180859731
0.9617297736268224
0.9616792030898839
0.9618320610686041
0.961785386731739
0.9624528109377358
0.9626110940850879
0.9626674849135329
0.9636456733232408
0.9639085409615847
0.9641757339354828
0.96423800226092
0.964506172839567
0.9646719538574962
0.9655599092594944
0.9665531124186528
0.9669319003821822
0.96720802730958
0.9671740706222757
0.9671400435370291
0.9675210127630972
0.9677988989302108
0.9678693979411086
0.9684637801829552
0.9688509219707984
0.9696558915537882
0.9696273875378975
0.9698077726702051
0.9697793579419076
0.9701695624870348
0.9710843373492808
0.9718959731545145
0.9722892830902214
0.9731035931919948
0.9730781365021252
0.9735817282392939
0.9737701464238184
0.9739588824458624
0.9740424184870135
0.9742317034532384
0.9743183259352379
0.9744050766791094
0.9743861134633327
0.9744730431097415
0.9748781004874633
0.9749655245572115
0.9752653927815647
0.9755683025280102
0.9755527210882757
0.975643480110512
0.9761600681142949
0.9763578274762233
0.9765558397274189
0.9766474728085885
0.9766325224070134
0.9767268068750304
0.9769280068361194
0.9769156781017884
0.9774379811803904
0.9779608430512402
0.9784842646115377
0.9786869444148718
0.9786755250752263
0.9786640934920221
0.9791890152329074
0.9793947198971191
0.979600601245344
0.9798066595059605
0.9800128949066823
0.9801118039131079
0.9802107980211988
0.9802022810413731
0.980624327233731
0.9807236700408476
0.9807153630683009
0.9807070489328632
0.9806987276257805
0.9809061488671861
0.9808979063240982
0.981321528827547
0.981313458630515
0.981413442835635
0.981621621621753
0.9817218256545397
0.9819303181130317
0.9820326875201111
0.9821351234301772
0.9824542402254329
0.9825568797400908
0.9827679635852314
0.9830875975714845
0.9834074395400296
0.983402039488065
0.983722192078252
0.9838254450715449
0.9839287653383992
0.984032152943776
0.9841356079538383
0.9841304347824027
0.984233989344143
0.9844463780726929
0.9844413012729444
0.9845450587722606
0.984757757212999
0.9850795033763383
0.9854014598539123
0.9857236268527625
0.9858279734002536
0.9860414394766903
0.986145958328988
0.9864687909211408
0.9864643597861581
0.9866783140422912
0.986892408519851
0.9869987982083777
0.9871052344008528
0.9873210186906458
0.9874275718816672
0.9876435210495887
0.9876408181121963
0.9877475112130722
0.9878542510120061
0.988070482653043
0.9882868089765178
0.9882842439506748
0.9885007118606421
0.9887172746191984
0.9887148022352424
0.9887123287672379
0.9889290803463012
0.9890362898805259
0.9891435464413314
0.9893605352640021
0.9895776193086182
0.9897947986394734
0.990012073318129
0.9902294434074838
0.9902272976830024
0.9904448105435659
0.9905525650881976
0.9907702450281337
0.9908781184746509
0.9908761130042018
0.9910940076967677
0.9913119982402601
0.9914200857989741
0.9915282209262367
0.9917464509736779
0.9919647771050493
0.9921831993836284
0.9921814778110302
0.9924000440575236
0.9926187066211996
0.9927280740416625
0.9928374655649038
0.9929468811988597
0.9930563209521759
0.9931657848326083
0.993275272847658
0.9932745314223075
0.9932737898336478
0.9932730480813323
0.9932723061652242
0.9933818663138105
0.9934914506343742
0.9936010591349503
0.9936003530840746
0.9935996468770928
0.9937093036086784
0.9938189845473583
0.9939286897010505
0.9939280194301652
0.9940377608477948
0.9941475265017737
0.9942573163996964
0.994256682129574
0.9943665083396865
0.9944763588157041
0.9944757485362323
0.9945856353591327
0.9945850370205612
0.9946949602121097
0.9948049077042055
0.9949148795048556
0.9950248756220268
0.9951348960637948
0.9951343580669442
0.9952444149526134
0.9953544961838382
0.9953539823010494
0.995464100011206
0.9955742420888739
0.9956844085425476
0.9957945993801235
0.9959048146097441
0.9960150542394278
0.9961253182772135
0.996235606731717
0.9963459196103369
0.9964562569213474
0.9964558644368267
0.9965662383696107
0.996676636756256
0.9966762685574936
0.9967867036012104
0.9967863475177167
0.9968968192398686
0.996896475282722
0.9970069837047459
0.9970066518847795
0.9970063199911533
0.9971168773562834
0.9972274592435908
0.9973380656608496
0.9974486966169128
0.9975593521190153
0.9976700321757546
0.9977807367955503
0.9978914659860969
0.9980022197560002
0.9981129981128346
0.9982238010656381
0.9983346286224292
0.9984454807904976
0.9985563575792626
0.9986672589958965
0.9987781850494449
0.9988891357475415
0.9990001110988899
0.9991111111109142
0.9992221357927459
0.9993331851520735
0.9994442591975863
0.9995553579366846
0.9996664813785402
0.9997776295308529
0.9998888024016545
1.0000000000001048
1.0000000000001048
1.0000000000001048
1.0000000000001048
1.0000000000001048
1.0000000000001048
1.0000000000001048
1.0000000000001048
1.0000000000001048
1.0000000000001048
1.0000000000001048
1.0000000000001048
1.0000000000001048
1.0000000000001048
1.0000000000001048
1.0000000000001048
1.0000000000001048
1.0000000000001048
1.0000000000001048
1.0000000000001048
1.0000000000001048
1.0000000000001048
1.0000000000001048
1.0000000000001048
1.0000000000001048
1.0000000000001048
1.0000000000001048
1.0000000000001048
1.0000000000001048
1.0000000000001048
1.0000000000001048
1.0000000000001048
1.0000000000001048
1.0000000000001048
1.0000000000001048
1.0000000000001048
1.0000000000001048
1.0000000000001048
1.0000000000001048
1.0000000000001048
1.0000000000001048
1.0000000000001048
1.0000000000001048
1.0000000000001048
1.0000000000001048
1.0000000000001048
1.0000000000001048
1.0000000000001048
1.0000000000001048
1.0000000000001048
1.0000000000001048
1.0000000000001048
1.0000000000001048
1.0000000000001048
1.0000000000001048
1.0000000000001048
1.0000000000001048
1.0000000000001048
1.0000000000001048
1.0000000000001048
1.0000000000001048
1.0000000000001048
1.0000000000001048
1.0000000000001048
1.0000000000001048
1.0000000000001048
1.0000000000001048
1.0000000000001048
1.0000000000001048
1.0000000000001048
1.0000000000001048
1.0000000000001048
1.0000000000001048
1.0000000000001048
1.0000000000001048
1.0000000000001048
1.0000000000001048
1.0000000000001048
1.0000000000001048
1.0000000000001048
1.0000000000001048
1.0000000000001048
1.0000000000001048
1.0000000000001048
1.0000000000001048
1.0000000000001048
1.0000000000001048
1.0000000000001048
1.0000000000001048
1.0000000000001048
1.0000000000001048
1.0000000000001048
1.0000000000001048
1.0000000000001048
1.0000000000001048
1.0000000000001048
1.0000000000001048
1.0000000000001048
1.0000000000001048
1.0000000000001048
1.0000000000001048
1.0000000000001048
1.0000000000001048
1.0000000000001048
1.0000000000001048
1.0000000000001048
1.0000000000001048
1.0000000000001048
1.0000000000001048
1.0000000000001048
1.0000000000001048
1.0000000000001048
1.0000000000001048
1.0000000000001048
1.0000000000001048
1.0000000000001048
1.0000000000001048
1.0000000000001048
1.0000000000001048
1.0000000000001048
1.0000000000001048
1.0000000000001048
1.0000000000001048
1.0000000000001048
1.0000000000001048
1.0000000000001048
1.0000000000001048
1.0000000000001048
1.0000000000001048
1.0000000000001048
1.0000000000001048
1.0000000000001048
1.0000000000001048
1.0000000000001048
1.0000000000001048
1.0000000000001048
1.0000000000001048
1.0000000000001048
1.0000000000001048
1.0000000000001048
1.0000000000001048
1.0000000000001048
1.0000000000001048
1.0000000000001048
1.0000000000001048
1.0000000000001048
1.0000000000001048
1.0000000000001048
1.0000000000001048
1.0000000000001048
1.0000000000001048
1.0000000000001048
1.0000000000001048
1.0000000000001048
1.0000000000001048
1.0000000000001048
1.0000000000001048
1.0000000000001048
1.0000000000001048
1.0000000000001048
1.0000000000001048
1.0000000000001048
1.0000000000001048
1.0000000000001048
1.0000000000001048
1.0000000000001048
1.0000000000001048
1.0000000000001048
1.0000000000001048
1.0000000000001048
1.0000000000001048
1.0000000000001048
1.0000000000001048
1.0000000000001048
1.0000000000001048
1.0000000000001048
1.0000000000001048
1.0000000000001048
1.0000000000001048
1.0000000000001048
1.0000000000001048
1.0000000000001048
1.0000000000001048
1.0000000000001048
1.0000000000001048
1.0000000000001048
1.0000000000001048
1.0000000000001048
1.0000000000001048
1.0000000000001048
1.0000000000001048
1.0000000000001048
1.0000000000001048
1.0000000000001048
1.0000000000001048
1.0000000000001048
1.0000000000001048
1.0000000000001048
1.0000000000001048
1.0000000000001048
1.0000000000001048
1.0000000000001048
1.0000000000001048
1.0000000000001048
1.0000000000001048
1.0000000000001048
1.0000000000001048
1.0000000000001048
1.0000000000001048
