0.5196078431372549
0.5200327064595257
0.5204582651391162
0.5208845208845209
0.521311475409836
0.5217391304347826
0.5221674876847291
0.5225965488907148
0.5230263157894737
0.5234567901234568
0.5238879736408567
0.5243198680956307
0.5247524752475248
0.5251857968620974
0.5256198347107438
0.5260545905707196
0.5264900662251656
0.5269262634631318
0.527363184079602
0.5278008298755187
0.5282392026578073
0.5286783042394015
0.5291181364392679
0.5295587010824313
0.53
0.530442035029191
0.5308848080133556
0.531328320802005
0.5317725752508361
0.5322175732217573
0.5326633165829145
0.5331098072087175
0.5335570469798657
0.5340050377833753
0.534453781512605
0.5349032800672834
0.5353535353535354
0.535804549283909
0.5362563237774031
0.5367088607594936
0.5371621621621622
0.5376162299239222
0.5380710659898477
0.5385266723116003
0.5389830508474577
0.539440203562341
0.5398981324278438
0.54035683942226
0.5408163265306123
0.5412765957446809
0.5417376490630323
0.5421994884910486
0.5426621160409556
0.5431255337318531
0.5435897435897435
0.544054747647562
0.5445205479452054
0.5449871465295629
0.5454545454545454
0.5459227467811159
0.5463917525773195
0.5468615649183147
0.5473321858864028
0.5478036175710594
0.5482758620689655
0.548748921484038
0.5492227979274611
0.5496974935177182
0.5501730103806228
0.5506493506493506
0.5511265164644714
0.5516045099739809
0.5520833333333334
0.5525629887054735
0.5530434782608695
0.5535248041775457
0.554006968641115
0.5544899738448126
0.5549738219895288
0.5554585152838428
0.5559440559440559
0.5564304461942258
0.5569176882661997
0.5574057843996494
0.5578947368421052
0.5583845478489904
0.5588752196836555
0.5593667546174143
0.5598591549295775
0.560352422907489
0.5608465608465608
0.5613415710503089
0.5618374558303887
0.5623342175066313
0.5628318584070796
0.5633303808680248
0.5638297872340425
0.5643300798580302
0.5648312611012434
0.5653333333333334
0.5658362989323843
0.566340160284951
0.5668449197860963
0.567350579839429
0.5678571428571428
0.5683646112600537
0.5688729874776386
0.5693822739480752
0.5698924731182796
0.5704035874439461
0.5709156193895871
0.5714285714285714
0.5719424460431655
0.5724572457245725
0.572972972972973
0.5734896302975654
0.5740072202166066
0.5745257452574526
0.5750452079566004
0.5755656108597285
0.5760869565217391
0.5766092475067996
0.5771324863883848
0.5776566757493188
0.5781818181818181
0.5787079162875342
0.5792349726775956
0.5797629899726527
0.5802919708029197
0.5808219178082191
0.5813528336380256
0.5818847209515096
0.5824175824175825
0.5829514207149404
0.5834862385321101
0.5840220385674931
0.5845588235294118
0.5850965961361545
0.585635359116022
0.5861751152073733
0.5867158671586716
0.5872576177285319
0.5878003696857671
0.5883441258094357
0.5888888888888889
0.5894346617238183
0.5899814471243042
0.5905292479108635
0.5910780669144982
0.5916279069767442
0.5921787709497207
0.5927306616961789
0.5932835820895522
0.5938375350140056
0.594392523364486
0.5949485500467727
0.5955056179775281
0.5960637300843487
0.5966228893058161
0.5971830985915493
0.5977443609022557
0.5983066792097836
0.5988700564971752
0.5994344957587182
0.6
0.6005665722379604
0.6011342155009451
0.6017029328287606
0.6022727272727273
0.6028436018957346
0.603415559772296
0.603988603988604
0.6045627376425855
0.6051379638439581
0.6057142857142858
0.6062917063870352
0.6068702290076335
0.6074498567335244
0.6080305927342257
0.6086124401913876
0.6091954022988506
0.6097794822627037
0.6103646833013435
0.6109510086455331
0.6115384615384616
0.6121270452358036
0.6127167630057804
0.6133076181292189
0.6138996138996139
0.6144927536231884
0.6150870406189555
0.6156824782187803
0.6162790697674418
0.6168768186226964
0.6174757281553398
0.6180758017492711
0.6186770428015564
0.6192794547224927
0.6198830409356725
0.6204878048780488
0.62109375
0.6217008797653959
0.6223091976516634
0.6229187071498531
0.6235294117647059
0.6241413150147204
0.6247544204322201
0.6253687315634219
0.6259842519685039
0.6266009852216748
0.6272189349112426
0.6278381046396841
0.6284584980237155
0.629080118694362
0.6297029702970297
0.6303270564915758
0.6309523809523809
0.631578947368421
0.6322067594433399
0.6328358208955224
0.6334661354581673
0.634097706879362
0.6347305389221557
0.6353646353646354
0.636
0.6366366366366366
0.6372745490981964
0.6379137412236711
0.6385542168674698
0.6391959798994975
0.6398390342052314
0.6404833836858006
0.6411290322580645
0.6417759838546923
0.6424242424242425
0.6430738119312437
0.6437246963562753
0.6443768996960486
0.6450304259634888
0.6456852791878173
0.6463414634146342
0.646998982706002
0.6476578411405295
0.6483180428134556
0.6489795918367347
0.6496424923391215
0.6503067484662577
0.6509723643807575
0.6516393442622951
0.6523076923076923
0.6529774127310062
0.6536485097636177
0.654320987654321
0.654994850669413
0.6556701030927835
0.6563467492260062
0.6570247933884298
0.6577042399172699
0.6583850931677019
0.6590673575129534
0.6597510373443983
0.660436137071651
0.6611226611226612
0.6618106139438086
0.6625
0.6631908237747653
0.6638830897703549
0.664576802507837
0.6652719665271967
0.6659685863874345
0.6666666666666666
0.6673662119622246
0.6680672268907563
0.668769716088328
0.6694736842105263
0.6701791359325606
0.6708860759493671
0.6715945089757128
0.6723044397463002
0.6730158730158731
0.673728813559322
0.6744432661717922
0.6751592356687898
0.6758767268862912
0.676595744680851
0.6773162939297125
0.6780383795309168
0.6787620064034151
0.6794871794871795
0.6802139037433155
0.6809421841541756
0.6816720257234726
0.6824034334763949
0.6831364124597207
0.6838709677419355
0.6846071044133477
0.6853448275862069
0.686084142394822
0.6868250539956804
0.6875675675675675
0.6883116883116883
0.6890574214517876
0.6898047722342733
0.6905537459283387
0.691304347826087
0.6920565832426551
0.6928104575163399
0.693565976008724
0.6943231441048034
0.6950819672131148
0.6958424507658644
0.696604600219058
0.6973684210526315
0.6981339187705817
0.6989010989010989
0.6996699669966997
0.7004405286343612
0.701212789415656
0.7019867549668874
0.7027624309392265
0.7035398230088495
0.7043189368770764
0.70509977827051
0.7058823529411765
0.7066666666666667
0.7074527252502781
0.7082405345211581
0.7090301003344481
0.7098214285714286
0.7106145251396648
0.7114093959731543
0.7122060470324748
0.7130044843049327
0.7138047138047138
0.7146067415730337
0.7154105736782902
0.7162162162162162
0.7170236753100339
0.7178329571106095
0.7186440677966102
0.7194570135746606
0.7202718006795017
0.7210884353741497
0.7219069239500567
0.7227272727272728
0.7235494880546075
0.724373576309795
0.7251995438996579
0.726027397260274
0.7268571428571429
0.7276887871853547
0.7285223367697594
0.7293577981651376
0.730195177956372
0.7310344827586207
0.7318757192174914
0.7327188940092166
0.7335640138408305
0.7344110854503464
0.7352601156069364
0.7361111111111112
0.7369640787949016
0.7378190255220418
0.7386759581881533
0.7395348837209302
0.740395809080326
0.7412587412587412
0.7421236872812136
0.7429906542056075
0.743859649122807
0.7447306791569087
0.7456037514654161
0.7464788732394366
0.7473560517038778
0.7482352941176471
0.7491166077738516
0.75
0.7508854781582054
0.75177304964539
0.7526627218934911
0.7535545023696683
0.7544483985765125
0.7553444180522565
0.7562425683709869
0.7571428571428571
0.7580452920143027
0.7589498806682577
0.7598566308243727
0.7607655502392344
0.7616766467065869
0.762589928057554
0.7635054021608644
0.7644230769230769
0.7653429602888087
0.7662650602409639
0.767189384800965
0.7681159420289855
0.7690447400241838
0.7699757869249395
0.7709090909090909
0.7718446601941747
0.772782503037667
0.7737226277372263
0.7746650426309378
0.775609756097561
0.7765567765567766
0.7775061124694377
0.7784577723378213
0.7794117647058824
0.7803680981595092
0.7813267813267813
0.7822878228782287
0.7832512315270936
0.7842170160295932
0.7851851851851852
0.7861557478368356
0.7871287128712872
0.7881040892193308
0.7890818858560794
0.7900621118012422
0.7910447761194029
0.7920298879202988
0.7930174563591023
0.7940074906367042
0.795
0.7959949937421777
0.7969924812030075
0.7979924717691342
0.7989949748743719
0.8
0.801007556675063
0.8020176544766708
0.803030303030303
0.8040455120101138
0.8050632911392405
0.8060836501901141
0.8071065989847716
0.8081321473951716
0.8091603053435115
0.8101910828025478
0.8112244897959183
0.8122605363984674
0.8132992327365729
0.8143405889884763
0.8153846153846154
0.8164313222079589
0.8174807197943444
0.8185328185328186
0.8195876288659794
0.8206451612903226
0.8217054263565892
0.8227684346701164
0.8238341968911918
0.8249027237354085
0.825974025974026
0.8270481144343304
0.828125
0.8292046936114733
0.8302872062663186
0.8313725490196079
0.8324607329842932
0.8335517693315858
0.8346456692913385
0.835742444152431
0.8368421052631579
0.8379446640316206
0.8390501319261213
0.8401585204755614
0.8412698412698413
0.8423841059602649
0.843501326259947
0.8446215139442231
0.8457446808510638
0.8468708388814914
0.848
0.8491321762349799
0.8502673796791443
0.8514056224899599
0.8525469168900804
0.8536912751677852
0.8548387096774194
0.8559892328398385
0.8571428571428571
0.8582995951417004
0.8594594594594595
0.8606224627875507
0.8617886178861789
0.8629579375848032
0.8641304347826086
0.8653061224489796
0.8664850136239782
0.8676671214188267
0.8688524590163934
0.8700410396716827
0.8712328767123287
0.8724279835390947
0.8736263736263736
0.874828060522696
0.8760330578512396
0.8772413793103448
0.8784530386740331
0.8796680497925311
0.8808864265927978
0.8821081830790569
0.8833333333333333
0.8845618915159944
0.8857938718662952
0.8870292887029289
0.888268156424581
0.8895104895104895
0.8907563025210085
0.8920056100981767
0.8932584269662921
0.8945147679324894
0.895774647887324
0.8970380818053597
0.8983050847457628
0.8995756718528995
0.9008498583569405
0.902127659574468
0.9034090909090909
0.9046941678520626
0.905982905982906
0.9072753209700428
0.9085714285714286
0.9098712446351931
0.9111747851002865
0.9124820659971306
0.9137931034482759
0.9151079136690647
0.9164265129682997
0.9177489177489178
0.9190751445086706
0.9204052098408104
0.9217391304347826
0.9230769230769231
0.9244186046511628
0.925764192139738
0.9271137026239067
0.9284671532846716
0.9298245614035088
0.931185944363104
0.9325513196480938
0.933920704845815
0.9352941176470588
0.9366715758468336
0.9380530973451328
0.9394387001477105
0.9408284023668639
0.9422222222222222
0.9436201780415431
0.9450222882615156
0.9464285714285714
0.9478390461997019
0.9492537313432836
0.9506726457399103
0.9520958083832335
0.9535232383808095
0.954954954954955
0.956390977443609
0.9578313253012049
0.9592760180995475
0.9607250755287009
0.962178517397882
0.9636363636363636
0.9650986342943855
0.9665653495440729
0.9680365296803652
0.9695121951219512
0.9709923664122138
0.9724770642201835
0.9739663093415007
0.9754601226993865
0.9769585253456221
0.9784615384615385
0.9799691833590138
0.9814814814814815
0.9829984544049459
0.9845201238390093
0.986046511627907
0.9875776397515528
0.9891135303265941
0.9906542056074766
0.9921996879875195
0.99375
0.9953051643192489
0.9968652037617555
0.9984301412872841
1.0
