0.9115443064505476
0.911424971122257
0.9115771723668571
0.9115692891799152
0.9116467981852217
0.911642137469063
0.911637476260984
0.9119932343147504
0.9119792768024276
0.9119606598982802
0.9116335845454434
0.9116286489074799
0.9116724275457705
0.9116754512061166
0.9117239910549179
0.9114201658200288
0.9113964686996214
0.9111998273632923
0.9111387208294964
0.9110185535779511
0.9110678351186708
0.9110485878148922
0.911024516966853
0.9110197012342881
0.9114842903577179
0.9116324429754219
0.9115174672486375
0.9115527407733616
0.91159285753263
0.9114160263449861
0.9113965744401783
0.9110449735451432
0.9110057344510553
0.9110008271296193
0.9106835948330021
0.9103263896622872
0.9102414004569813
0.9101525395319883
0.9102900899896714
0.9103409726101367
0.9103309481218717
0.9102506714417139
0.910240626748724
0.9101793041423972
0.9103277674708931
0.9102939520214637
0.9103250154905185
0.9102845872080022
0.9102903862419888
0.910280268426193
0.9100684815214951
0.9101199909440544
0.9101104502976387
0.9101779440101321
0.9103182256510715
0.9102681118080587
0.9103046901747601
0.9100647304807888
0.9100028661506482
0.9100459242247874
0.9100304300394457
0.910082682590532
0.9103234331015336
0.9103079751782596
0.9103551315943649
0.9102120792992131
0.9100831600834555
0.9096665504823496
0.9103384114429751
0.9103071195902733
0.9102966841184191
0.9100612423449236
0.910050749576833
0.910045502275114
0.9100402543610285
0.9100350058343921
0.911538687159072
0.9113827349124607
0.9113521159969147
0.9113326647391881
0.9113475177306236
0.9113317964181649
0.9124564982596959
0.9125397682935272
0.9124609468879492
0.9123977873979415
0.9124210526318005
0.912470673163353
0.9125045131781009
0.9124412862818333
0.9124593324499473
0.9129201617285416
0.9128728414444852
0.9125500667555743
0.9126054500213694
0.9127733447037927
0.9127467706557845
0.9127414539030506
0.9125091709465957
0.9123505976094232
0.9123452249602049
0.9123129752270047
0.9123980123917336
0.9124109992636525
0.9121846153844734
0.9122914999689377
0.9119119737899961
0.9119084441696426
0.9122078244158125
0.9121969368143585
0.9125598160465727
0.9125948029340505
0.9122543497309006
0.9123081741312413
0.913261783719274
0.9132563394429379
0.9132345554997964
0.9136357876062204
0.9136303149358906
0.9131937776072644
0.9131882202306965
0.9132829511972942
0.9132718421729322
0.9132692307694529
0.913141169673047
0.9131300160513577
0.9131300160513577
0.9131188595648496
0.9130853729043003
0.9128668171560391
0.9128611971102575
0.9129200799842928
0.9129144626498291
0.9138065522620706
0.9135874877811628
0.9141751901392965
0.9142594537814399
0.9142913437544474
0.9142744531299263
0.914176648677262
0.9142235983927197
0.914167051222668
0.9142160094948381
0.916427090994208
0.916549648946685
0.9165942077453768
0.916532040926088
0.9162614802810443
0.9162558249478446
0.9155985819472453
0.9156552570573451
0.9156495056257351
0.9156593594208787
0.9157006653404074
0.9154571094445821
0.9161321470448187
0.9161837748345818
0.9176803981201735
0.9176747079559567
0.9187082405345052
0.9187721862600572
0.9187495648543557
0.9187382494254
0.9187099470607161
0.9187099470607161
0.9187042842216684
0.918687290969955
0.9189679218967038
0.9190150669641526
0.9188943317006232
0.9188602632316472
0.9188375350140024
0.9187482458604181
0.9187482458604181
0.919294795251679
0.919200450450221
0.9194616685454663
0.9194678366714052
0.9191840216077124
0.9190516873129124
0.919026895912327
0.9189690868848769
0.9189131212010063
0.9206520178082389
0.9206463195690179
0.9206349206349175
0.9206349206349175
0.9205011881614946
0.9202169981918995
0.920277797872973
0.920260492040344
0.920237405906487
0.9209951986034638
0.9210871466043558
0.9209526592635077
0.9210199459339866
0.9209910831751333
0.9219314412088003
0.9221384205858333
0.9221326628709461
0.9221269043041763
0.9221490416637672
0.9222840192809929
0.9237974871754584
0.9232095988003955
0.9231750318856586
0.9231116121759446
0.9231000526195738
0.9230884895871581
0.9231463377953253
0.9231174302262944
0.9230653417647118
0.9233612431169035
0.923696937130595
0.9236910793799444
0.9239339223970613
0.9241815935764566
0.9241757393249755
0.9242295512472308
0.9242236984397266
0.9241827034545992
0.9241603466952596
0.9241427355056849
0.9239611650483476
0.9239434431321832
0.9239434431321832
0.9239384041065466
0.9240043559427039
0.9240043559427039
0.9239697748693954
0.9237174954826884
0.9237780920951278
0.923850687622866
0.9243783443502955
0.9248084669456073
0.9248025276463461
0.9247787610617481
0.9247787610617481
0.9248399589028682
0.9248952486359588
0.9247703515999102
0.924837636622963
0.9248257287703928
0.9247959426264468
0.9247959426264468
0.9247780596070716
0.9247482356670028
0.9247243594829294
0.9247064423991723
0.9247397282044767
0.9247808764941577
0.924732897464716
0.9271661447040714
0.9274732351282412
0.9274673965543686
0.927461557040367
0.9276050893862863
0.9276506606507894
0.9277634130575275
0.9278092158446266
0.9277975420437028
0.9277917037275818
0.9277741831124381
0.9277566539922293
0.9275573943375174
0.9273601826186032
0.9274700171328542
0.9274581803343508
0.9273692810457485
0.9273692810457485
0.9274331944102017
0.9274577383884512
0.9280670060767072
0.9279175257729743
0.9284705491402473
0.92851205320025
0.9284342379956493
0.9293596388566248
0.9294226250419857
0.9297551947507133
0.9297506738542145
0.929811257162239
0.9296749683411104
0.9298986486485783
0.9299653628453087
0.9299120730468833
0.9299120730468833
0.9298883626520671
0.9298883626520671
0.9297993056144572
0.9297993056144572
0.9300229572316799
0.9300170068029273
0.9306442004937296
0.9306382978724934
0.9305412812606023
0.9307032590050422
0.9307705538353899
0.9307407726062249
0.9308056872039436
0.9307937602345777
0.930954228083842
0.9309363683394294
0.9308110909562134
0.9308964316799024
0.9308904169204907
0.9308603274118858
0.9305908096278707
0.930647985989697
0.9305750350630042
0.9305750350630042
0.9305213103206846
0.9305151915456796
0.9311443490575625
0.9311443490575625
0.9311199645861961
0.9310344827587784
0.9310742482037875
0.9310681334280572
0.9310559006213277
0.9310436634719428
0.9311967329546276
0.9311906241676882
0.9313908937002122
0.9314897413023475
0.9315888184334382
0.931582708109945
0.9320161652448044
0.9320693683172115
0.9320449438203878
0.9324385190524984
0.9325883201155001
0.9325396825398978
0.932533597907603
0.9326471650413514
0.9332368373438226
0.9389055813528865
0.9389000182113922
0.9389000182113922
0.939001004474594
0.9389731408733083
0.9391280504523087
0.9391169211080542
0.9395911632595303
0.9395856252290412
0.9395745461212742
0.9397701149427886
0.9398267600443425
0.9425085497736445
0.9424979199407353
0.9425841758647137
0.9425575352633978
0.942629038247371
0.942629038247371
0.9431098696460969
0.9431818181819511
0.9432643935159138
0.9435280961701351
0.9433909388136816
0.9433856502239975
0.9433803606467257
0.9433644859813194
0.9433644859813194
0.9436856875586339
0.9436804191225551
0.9437581882836953
0.9439261144093218
0.9439261144093218
0.943820224718958
0.9437989987720052
0.9438563327031267
0.9438563327031267
0.9438510256166864
0.9437819420784911
0.9458946369247108
0.9458792252182222
0.945969043775378
0.9461333840013453
0.9462232779096524
0.9461977186311177
0.9480767395248623
0.9480767395248623
0.9480333046222004
0.9480345158199293
0.9493549008282415
0.9493402677452975
0.9493402677452975
0.9493305076582801
0.949325626204139
0.9493109761974557
0.9493012048190257
0.9493377163300774
0.9497628496755448
0.9497579864471785
0.9497433911108213
0.9497716894978131
0.9498298492952401
0.9499415660305135
0.9498827667058868
0.9499657969313372
0.9499364427497654
0.9499315470371027
0.9501124914410575
0.9500929640863003
0.9505251791499043
0.9505893909627534
0.9505893909627534
0.9505796816665057
0.9507471490364163
0.9507471490364163
0.9507471490364163
0.9507471490364163
0.9508954930133853
0.9509842519686659
0.9519022274789248
0.9519865917383924
0.9519865917383924
0.952066278725638
0.952066278725638
0.952066278725638
0.952066278725638
0.9520615506014947
0.9520615506014947
0.9522677757971552
0.9523479294632375
0.9524612941642516
0.9524235200636417
0.9537110933759061
0.9538016364000346
0.9538784067087408
0.9541999999999112
0.9543726235739703
0.9556002009039245
0.9557682619648796
0.955763804917335
0.9561315046390336
0.9562935298275046
0.9562758759972709
0.956267043733127
0.956267043733127
0.9564602485098116
0.9564558496664761
0.9565393167576276
0.9566360052563537
0.9567638720128904
0.9567419714314328
0.9569358597630038
0.9569158688123075
0.9570089649553677
0.9570889817553306
0.9570889817553306
0.9570539630726002
0.9573706808422361
0.9574555123749043
0.9577450378556516
0.9577450378556516
0.9578128199878211
0.9578084997441295
0.9578084997441295
0.9577912099171795
0.9578634406395987
0.9587480759365543
0.9586844809864966
0.9586640552519214
0.959059502939264
0.959059502939264
0.9590552805279811
0.9595980524187998
0.9595980524187998
0.9596932960313638
0.9596849414447225
0.9596849414447225
0.9598755832038418
0.967984934086769
0.9679815841792571
0.9679815841792571
0.9680460974330953
0.9681475272423399
0.9681475272423399
0.9687073401240411
0.968704053770061
0.9686810299526627
0.9688846841166101
0.9688650468073753
0.9688650468073753
0.9691611409326936
0.9709976798143685
0.9711721224921823
0.9713560934362279
0.9714497197841562
0.9715524534688488
0.971543425367676
0.9719249920541911
0.9719041560643322
0.9719041560643322
0.9720925297115717
0.9720925297115717
0.9725998300763085
0.972591097418618
0.9726828231290927
0.9726799192092757
0.9728781110401024
0.9728781110401024
0.9728752260398044
0.9728752260398044
0.9728752260398044
0.9729758484945173
0.9731657970397997
0.9796246648793199
0.9797275555080438
0.9799183848797217
0.9799162281174439
0.9799119132021293
0.9847137901126809
0.9849191710970541
0.9849175347220612
0.9849175347220612
0.9849158979925225
0.9850227914045222
0.9851297080214331
0.9851264792098015
0.9851264792098015
0.9851248642781215
0.9853388357948375
0.9858741714657363
0.9859813084113185
0.9859797848061628
0.9859660574414071
0.986180631120924
0.9865954664342798
0.9867029972752186
0.9874536329914849
0.9884178321677868
0.9885258441702777
0.9886338797815265
0.9888488028863688
0.9888488028863688
0.988956921058464
0.9890650628757227
0.9890650628757227
0.9890638670164605
0.9890638670164605
0.9890638670164605
0.9894932691256272
0.9898171466113564
0.9898160315375366
0.9899122807015872
0.9900153609832151
0.9902326602284596
0.990338164251006
0.9910959657028936
0.991204925241956
0.9918591859184325
0.9918591859184325
0.9918591859184325
0.9918591859184325
0.9918591859184325
0.9918591859184325
0.9918591859184325
0.9940423654014993
0.9940423654014993
0.9940423654014993
0.9940423654014993
0.994261119081584
0.994261119081584
0.994261119081584
0.9944775789707492
0.9944775789707492
0.9944775789707492
0.9944775789707492
0.9944769689604752
0.9944763588157041
0.9946955464691191
0.9948054818743555
0.9948054818743555
0.9948037589829997
0.9950215731830169
0.9952417837776921
0.9952417837776921
0.9986674069962532
0.9987781850494449
0.9987781850494449
0.9990001110988899
0.9990001110988899
0.9990001110988899
0.9990001110988899
0.9993331851520735
1.0000000000001048
