0.9112572330349815
0.9116200349078106
0.9127894625028655
0.9124546811685009
0.9124266666668468
0.9119888376084694
0.9118281890785995
0.9126439266987943
0.9124911785459919
0.9124095533430678
0.9131448880988529
0.9131062836825076
0.9131014557175843
0.9129514043694087
0.9131383186981376
0.9129602522239864
0.9131095844124981
0.9135627759535869
0.91381872213967
0.9138137966509766
0.9135426832765993
0.9130409660833895
0.9129504309101564
0.9130611062841129
0.9130510340035055
0.9134133550870402
0.913718622300441
0.9133239502694268
0.9131278673100804
0.9130666036287123
0.9163152580626879
0.9161924159825461
0.9158574099762151
0.9155706406450247
0.9155741684878566
0.9155639189027063
0.914879274420669
0.9148086726859489
0.9146589438657974
0.9144797777090709
0.9144606630378604
0.9144342015715533
0.9144130206078737
0.9142307453610149
0.9144572286144229
0.9146693437066524
0.9147277072066432
0.9148533585621291
0.91495138275013
0.915114002399975
0.9158500347724858
0.9158127767239297
0.9154830902493294
0.9151697244775616
0.9148662551438104
0.914857881137037
0.9145875186314268
0.9146357272488578
0.9164163510509801
0.9155711171299308
0.915434104927705
0.9153927954275112
0.9154807820190742
0.9153564651668687
0.9151725074707427
0.9151263930414018
0.9150808266828035
0.9165222214520626
0.9164758931665896
0.9166550034990831
0.916672521604557
0.9191019244478196
0.9187347582842118
0.9188759661924077
0.9187997107735892
0.9191229853344629
0.9190074225001357
0.9190015282731661
0.9188340151957113
0.9189427312774234
0.9189169248931501
0.918972769537112
0.9187569367368835
0.9204206443913221
0.9204638982414747
0.9205860255448742
0.9203277942181423
0.9205408690368848
0.9204597351192647
0.9204934886907613
0.9204788045134152
0.9205949656749306
0.9205378973103605
0.9205389267394533
0.9205252246027923
0.9204895320197236
0.9211560693643105
0.9210485617075885
0.9267456359102083
0.9266134085212204
0.9266457680250515
0.9261103208469813
0.9260783537790475
0.9258259212196477
0.9259082597982378
0.9259111889223468
0.9259377239786446
0.9259878903760276
0.9256588960983994
0.9256078966374629
0.9255481487429236
0.9266850291637738
0.9280463900687437
0.9281564520089628
0.9283542847751436
0.9292305157355499
0.9290493103162512
0.9293951713268337
0.9294557540509382
0.9295575515633363
0.929506965879899
0.9300100704934795
0.930334428439175
0.9304428668017832
0.9305908244457256
0.930727488553563
0.930700636942854
0.9306770877580777
0.9306795951346002
0.9310226786480555
0.9320822931909188
0.9325153374231309
0.9324920044948677
0.93257162641732
0.932548272577867
0.9325062895810701
0.9325783972126535
0.9332112651496174
0.933205441227639
0.9330400351959551
0.9385405596883801
0.9384915359389303
0.9383275570960575
0.9386754612712314
0.940593174915048
0.9405825589707456
0.9404761904759751
0.9404282003046932
0.9404015056461403
0.9404697866234132
0.9403455101674768
0.9403925805871903
0.9406833138013887
0.9409095034944169
0.9410803449842848
0.9411176737844501
0.9411016178875933
0.9410476364302073
0.9411118234268909
0.9431797319627153
0.9447926267279628
0.9447365993173518
0.9446804580715119
0.9446651270206163
0.9446037177473331
0.946408634164348
0.9463986599666591
0.9482871277885827
0.9482629809487342
0.9503605881802598
0.9503984997654169
0.9502309359976305
0.9502262443438881
0.9502121640736403
0.950345218954081
0.9504781744153873
0.9506114323630889
0.9507590132829082
0.9507604562737029
0.9510429564718381
0.9510242972842177
0.951016900601455
0.9510122230712094
0.9510469452144736
0.9510020136159041
0.9512689375661536
0.9515069551775285
0.9515380150898117
0.9516113423012741
0.9517207949589527
0.9517274939173906
0.9519437390116985
0.951999217909848
0.9520829258753586
0.9520870076425343
0.9522174254315156
0.9521798900236534
0.9522358722357008
0.9523200943765651
0.9528078817736135
0.9527520220948855
0.9529876543208602
0.953138902619694
0.9531250000001431
0.9532100108815351
0.9532996932820688
0.9562195969423678
0.9565994637004076
0.9566944775527164
0.9568202168937269
0.95699352911917
0.9571670485109925
0.95782231528581
0.9579798383071015
0.9596999999999106
0.9596959695970214
0.9596636973274484
0.9599479323118603
0.9600120566663073
0.9631988676574199
0.9631839789621512
0.9632442284324916
0.9633055499083422
0.9636456211810832
0.9638345558274166
0.9640309761563695
0.9640199775763506
0.9639942880458534
0.9641544117649548
0.9644139062662487
0.9649501490390423
0.9651055069481101
0.9650983218365232
0.9651833539348138
0.9651474530829633
0.9657166460141855
0.965706022105055
0.9656492498705355
0.9658420453370126
0.966383067026258
0.9673664518813327
0.9673392968586288
0.9679440325781902
0.9679138795984731
0.9679514034354609
0.968090689619034
0.9680571608701048
0.9685660218673466
0.9685395622895888
0.9688224141562574
0.9688191298853146
0.96911237613311
0.9691058625051281
0.9691853102575332
0.970199725245471
0.9707064297801852
0.9709025499947886
0.9709776506725002
0.9711803348166309
0.9712680237488107
0.9713679745491695
0.9715740347897479
0.9715680033947551
0.9715438521979799
0.9724526696446547
0.9725561110520371
0.9737991266376936
0.9739028547081325
0.9740038354997841
0.9739955238197612
0.9739844333082158
0.9741728922090038
0.9745726495726462
0.9746740756570673
0.9746686618211451
0.9748663101605369
0.9748286203940332
0.9749276759885951
0.9750321474498495
0.9751366413032709
0.9754318206202081
0.9764743796324663
0.9764642665235544
0.9773045068299907
0.977512373574191
0.977610333692288
0.9776055124894292
0.9776031011089198
0.9781273569658764
0.9782327586208487
0.9783358482430596
0.9788473990933628
0.9790541999568925
0.9791599179354921
0.979360276637234
0.9795719844357943
0.9804197317179829
0.981365113759592
0.9814694408323047
0.9816802168023636
0.9816762441720785
0.9817688551276273
0.9825114056050838
0.9834710743803183
0.9841131664854499
0.9843273835437016
0.9843256775878403
0.9851819568531774
0.9853919110433366
0.985606804056412
0.9859247135841839
0.9864628820958878
0.9864584470897227
0.98667394866185
0.9867774013771394
0.9869931140016087
0.9871010056841582
0.9870995954959668
0.9872047244092869
0.9873126982390693
0.9876367614877901
0.987852921864821
0.9880665644845299
0.9882778264679455
0.9883861071547121
0.9883835616439501
0.9888170156781358
0.9889242241472203
0.9889230094317533
0.9889205792015593
0.9889193636860184
0.9894621295282126
0.990005491488102
0.9900032956165951
0.9904385097264368
0.9905473730488307
0.9907651715040492
0.9907641561299726
0.9908731031449319
0.9909790979096318
0.9910881285068288
0.9910871478874306
0.9911952454324606
0.991304347826018
0.9922873512562943
0.9923966942150414
0.9927248677250244
0.9928335170893416
0.9929398786542306
0.9930494263017642
0.9931589981243482
0.993268594129355
0.993378214324935
0.9934878587195438
0.9934871398611121
0.9938162544169681
0.9939260077304529
0.9940357852883988
0.9941455870981092
0.9942554131683333
0.9944745275720034
0.9945844385498639
0.9949143173025132
0.9951343580669442
0.9952444149526134
0.9952438889501252
0.9953539823010494
0.995464100011206
0.9955742420888739
0.9956844085425476
0.9956834532373037
0.9956829754260562
0.9957932027009931
0.995903454384507
0.9961240310077262
0.9963447053611924
0.996454686461327
0.9966755319148798
0.9967859913555729
0.996896475282722
0.9971175166297906
0.9971171970285189
0.9972277666887296
0.9973383608738448
0.9974489795916393
0.9975596228509672
0.9976702906590641
0.9977809830245286
0.9978916999557812
0.9980024414605171
0.9981132075473432
0.9982239982238347
0.9982238010656381
0.9983346286224292
0.9984454807904976
0.9985563575792626
0.9986672589958965
0.9987781850494449
0.9988891357475415
0.9990001110988899
0.9991111111109142
0.9992221357927459
0.9993331851520735
0.9994442591975863
0.9995553579366846
0.9996664813785402
0.9997776295308529
0.9998888024016545
1.0000000000001048
1.0000000000001048
1.0000000000001048
1.0000000000001048
1.0000000000001048
1.0000000000001048
1.0000000000001048
1.0000000000001048
1.0000000000001048
1.0000000000001048
1.0000000000001048
1.0000000000001048
1.0000000000001048
1.0000000000001048
1.0000000000001048
1.0000000000001048
1.0000000000001048
1.0000000000001048
1.0000000000001048
1.0000000000001048
1.0000000000001048
1.0000000000001048
1.0000000000001048
1.0000000000001048
1.0000000000001048
1.0000000000001048
1.0000000000001048
1.0000000000001048
1.0000000000001048
1.0000000000001048
1.0000000000001048
1.0000000000001048
1.0000000000001048
1.0000000000001048
1.0000000000001048
1.0000000000001048
1.0000000000001048
1.0000000000001048
1.0000000000001048
1.0000000000001048
1.0000000000001048
1.0000000000001048
1.0000000000001048
1.0000000000001048
1.0000000000001048
1.0000000000001048
1.0000000000001048
1.0000000000001048
1.0000000000001048
1.0000000000001048
1.0000000000001048
1.0000000000001048
1.0000000000001048
1.0000000000001048
1.0000000000001048
1.0000000000001048
1.0000000000001048
1.0000000000001048
1.0000000000001048
1.0000000000001048
1.0000000000001048
1.0000000000001048
1.0000000000001048
1.0000000000001048
1.0000000000001048
1.0000000000001048
1.0000000000001048
1.0000000000001048
1.0000000000001048
1.0000000000001048
1.0000000000001048
1.0000000000001048
1.0000000000001048
1.0000000000001048
1.0000000000001048
1.0000000000001048
1.0000000000001048
1.0000000000001048
1.0000000000001048
1.0000000000001048
1.0000000000001048
1.0000000000001048
1.0000000000001048
1.0000000000001048
1.0000000000001048
1.0000000000001048
1.0000000000001048
1.0000000000001048
1.0000000000001048
1.0000000000001048
1.0000000000001048
1.0000000000001048
1.0000000000001048
1.0000000000001048
1.0000000000001048
1.0000000000001048
1.0000000000001048
1.0000000000001048
1.0000000000001048
1.0000000000001048
1.0000000000001048
1.0000000000001048
1.0000000000001048
1.0000000000001048
1.0000000000001048
1.0000000000001048
1.0000000000001048
1.0000000000001048
1.0000000000001048
1.0000000000001048
1.0000000000001048
1.0000000000001048
1.0000000000001048
1.0000000000001048
1.0000000000001048
1.0000000000001048
1.0000000000001048
1.0000000000001048
1.0000000000001048
1.0000000000001048
1.0000000000001048
1.0000000000001048
1.0000000000001048
1.0000000000001048
1.0000000000001048
1.0000000000001048
1.0000000000001048
1.0000000000001048
1.0000000000001048
1.0000000000001048
1.0000000000001048
1.0000000000001048
1.0000000000001048
1.0000000000001048
1.0000000000001048
1.0000000000001048
1.0000000000001048
1.0000000000001048
1.0000000000001048
1.0000000000001048
1.0000000000001048
1.0000000000001048
1.0000000000001048
1.0000000000001048
1.0000000000001048
1.0000000000001048
1.0000000000001048
1.0000000000001048
1.0000000000001048
1.0000000000001048
1.0000000000001048
1.0000000000001048
1.0000000000001048
1.0000000000001048
1.0000000000001048
1.0000000000001048
1.0000000000001048
1.0000000000001048
1.0000000000001048
1.0000000000001048
1.0000000000001048
1.0000000000001048
1.0000000000001048
1.0000000000001048
1.0000000000001048
1.0000000000001048
1.0000000000001048
1.0000000000001048
1.0000000000001048
1.0000000000001048
1.0000000000001048
1.0000000000001048
1.0000000000001048
1.0000000000001048
1.0000000000001048
1.0000000000001048
1.0000000000001048
1.0000000000001048
1.0000000000001048
1.0000000000001048
