0.9115721095916542
0.9115767417494048
0.9115813734217941
0.9115336266502717
0.911485884879046
0.9114381481091341
0.9114427860694568
0.9113950565561978
0.9113473320413538
0.9112996125246892
0.9113042567673205
0.9112565445028419
0.9112088372338921
0.9112134854991899
0.9111657854786192
0.9111180904524662
0.9110704004187141
0.9110750549567662
0.9110797090070831
0.9110320284695188
0.9110366842852672
0.9110413396124419
0.9109936685680754
0.9109460025116807
0.9108983414428771
0.9108506853616527
0.9108030342659579
0.9107553881567435
0.9107077470312898
0.9106601108899919
0.9106124797319657
0.9105648535567377
0.9105695308824737
0.9105742077185925
0.9105265910163991
0.9105312696089705
0.9104836601310439
0.9104360556313351
0.9103884561087691
0.9103408615645182
0.9102932719952885
0.910245687402014
0.9101981077830017
0.9101505331381362
0.9101552291849067
0.9101076617541416
0.9100600992947446
0.9100125418061628
0.9099649892880075
0.9099174417391065
0.9098698991585663
0.9098746081504433
0.9098270727756527
0.9097795423677855
0.9097842553413767
0.9097367321352292
0.9097414468531662
0.9096939308473331
0.9096464198044412
0.909598913724462
0.909551412606272
0.9095039164493852
0.9094564252516112
0.9094089390144025
0.9093614577353477
0.909366189829605
0.9093187157403463
0.9092712466068623
0.909223782429212
0.909176323207284
0.9091288689388229
0.90908141962421
0.9090339752620631
0.9089865358522713
0.90899128528917
0.9089438530576864
0.9088964257762554
0.9088490034437183
0.9088015860592666
0.908754173622559
0.9087589336951453
0.9087115284297351
0.9086641281102936
0.9086167327353535
0.908569342303915
0.9085219568166337
0.9084745762712958
0.9084272006673993
0.9084319758044505
0.9083846073624361
0.9083372438603385
0.9082898852972723
0.9082946665974839
0.908299447398416
0.9082520982117129
0.9082568807339181
0.9082095387018825
0.9082143229440148
0.908166988064632
0.908119658119815
0.9081244462970273
0.9081292339758434
0.9080819133972724
0.9080867027932482
0.908039389360927
0.9080441804728981
0.9080489710863339
0.9080016670141096
0.9079543678702302
0.9079070736535987
0.9078597843640225
0.9078124999996818
0.9078173011819411
0.9078221018647
0.9077748268501473
0.9077275567592836
0.9077323613641093
0.9076850984068711
0.9076899047220248
0.9076947105373051
0.907647456921513
0.9076002082246449
0.9076050179587611
0.9075577763895464
0.907510539738809
0.9074633080046871
0.907416081186416
0.9073688592840372
0.9073216422956838
0.9072744302216829
0.9072272230607049
0.9072320499477597
0.9072368763331076
0.9071896784936951
0.9071424855644913
0.907147315855483
0.9071001300386651
0.9071049620303738
0.9070577833256369
0.9070106095275675
0.90696344063619
0.9069682787308613
0.9069731163228658
0.9069259567391186
0.9068788020587275
0.9068836435478476
0.9068364959706317
0.9067893532957987
0.9067422155224549
0.9066950826490815
0.9066479546755594
0.9066528066530446
0.9066576581257908
0.9066105394446751
0.9066153926104333
0.9065682810229855
0.9065211743307433
0.9064740725343826
0.906426975632298
0.906379883624476
0.9063327965087191
0.9062857142858171
0.9062905823077639
0.906243507167852
0.9061964369190247
0.9061493715589262
0.9061023110883777
0.9060552555050827
0.9060082048083086
0.9059611589989847
0.9059141180749202
0.9058670820350141
0.9058719692639832
0.9058249402967535
0.9058298292061253
0.905782807308796
0.9057876978977103
0.9057925879785197
0.905797477552423
0.9058023666180204
0.9057553583478629
0.9057602490917153
0.9057132478853239
0.9056662515564501
0.9056192601047729
0.9056241568949869
0.9055771725029677
0.9055301929859176
0.9054832183429964
0.9054362485737992
0.9053892836767239
0.9053423236514492
0.9053472330274526
0.9053521418941839
0.9053051911005946
0.9052582451775355
0.9052631578947948
0.9052162190191292
0.9051692850104461
0.9051223558686805
0.9051272746127902
0.9051321928457109
0.9050852729254456
0.9050383578689593
0.9049914476751659
0.9049445423446143
0.9049494687745722
0.9049025704811621
0.9049074985747658
0.9048606073163993
0.9048137209177733
0.9047668393784346
0.9047199626964303
0.9046730908712567
0.9046262239033745
0.9046311645257644
0.9046361046361581
0.9045892468660339
0.9045423939505777
0.9044955458879812
0.90444870267741
0.9044018643192601
0.9043550308110441
0.904359983430179
0.9043131569408578
0.9042663353006644
0.9042195185092173
0.9041727065644629
0.9041258994667141
0.9040790972149283
0.904084062321913
0.9040890269152139
0.9040422338385222
0.9039954456057857
0.9039486622160988
0.9039018836679604
0.9038551099615335
0.9038083410951797
0.9037615770681744
0.9037665562913656
0.9037197992655986
0.9036730470768654
0.9036780301072806
0.9036830126216332
0.9036362695911441
0.9036412537497134
0.9035945177143138
0.9035477865120912
0.9035010601434749
0.9034543386076517
0.903407621903828
0.9033609100312956
0.9033142029881505
0.9033192017369421
0.903272501679892
0.9032258064518591
0.9031791160507568
0.9031324304762507
0.9030857497287686
0.9030907587347801
0.9030440849655371
0.9029974160204353
0.90295075189928
0.9029040925999227
0.9028574381234917
0.9028107884672492
0.9028158098685377
0.9027691671837349
0.9027741902158013
0.9027792127284112
0.9027325791618344
0.9026859504136292
0.9026393264808185
0.9025927073648415
0.9025460930641939
0.902499483577959
0.9024528789052266
0.9024579159353758
0.9024113182218514
0.9023647253202756
0.9023181372293366
0.9022715539493905
0.90222497547854
0.9022300227130765
0.9022350694268596
0.9021885000515646
0.9021419354842981
0.9021469859622777
0.9021520359192469
0.9021054804415425
0.9021105320194887
0.9020639834885125
0.902017439760351
0.9020224950982966
0.9020275499150961
0.901981015270444
0.901986071704704
0.9019395440010961
0.9019446020531912
0.9018980812875605
0.9018515653205398
0.9018050541519564
0.9017585477796267
0.9017636138617452
0.901768679420167
0.9017737444573637
0.9017272492912219
0.9016807589191183
0.9016858277051933
0.9016393442626378
0.9016444146604525
0.9015979381440568
0.9015514664195121
0.901504999484458
0.901458537339766
0.9014120799836054
0.9014171605253726
0.9013707100894478
0.9013242644405396
0.9012778235781588
0.9012313875009986
0.90118495620796
0.9011900468804298
0.9011951370283771
0.9011487147788162
0.9011022973111573
0.9010558846252371
0.9010094767205614
0.9009630735951922
0.900916675250119
0.9008702816831551
0.9008238928942716
0.90082899953642
0.9007826176502212
0.9007877258922217
0.9007928336081474
0.9007979407977569
0.9007515700604506
0.9007052040976243
0.9007103150091424
0.9006639559419792
0.9006176016466801
0.9005712521225385
0.9005763688760292
0.9005300262441982
0.9004836883810899
0.9004373552871965
0.9003910269599984
0.9003447034010074
0.9002983846073757
0.9002520705796108
0.9002057613169347
0.9001594568182373
0.9001131570824161
0.9001182945020954
0.900072001645367
0.9000257135512626
0.899979430216972
0.899933151642707
0.8999382969972407
0.899892025296732
0.8998457583550667
0.8997994961696882
0.8998046473373972
0.8998097979741819
0.899763544772554
0.899717296324473
0.8996710526316848
0.8996248136916999
0.8996299722480212
0.8995837401714579
0.8995375128466359
0.8994912902729474
0.8994450724485475
0.8993988593743707
0.8993526510482199
0.8993064474701563
0.8993116202609596
0.8992654235374316
0.8992192315593563
0.899173044326652
0.8991268618391157
0.8990806840939559
0.8990345110929517
0.8989883428336274
0.8989421793161443
0.8988960205390594
0.8988498665022733
0.8988550598145106
0.8988089126192133
0.898762770162374
0.8987166324433328
0.8986704994612281
0.8986243712142509
0.8985782477033779
0.8985321289262463
0.8984860148834146
0.8984399055733782
0.8983938009958289
0.898399014778559
0.8984042280262093
0.8983581323753412
0.8983120414548857
0.8982659552636043
0.8982198738006723
0.8981737970659704
0.8981790202619089
0.89813295034845
0.8980868851619831
0.8980408247002669
0.8979947689623564
0.8979487179485827
0.8979026716579309
0.897856630089547
0.8978105932418737
0.8977645611153479
0.8977185337091058
0.8976725110224104
0.8976264930541927
0.8975804798029167
0.8975344712694425
0.897488467452755
0.8974424683514757
0.8973964739646477
0.8973504842926172
0.8973044993339612
0.8973097617216387
0.8972637835625394
0.8972178101140267
0.8971718413769463
0.8971771094829054
0.8971311475408928
0.89708519030754
0.897090462042657
0.8970445116013754
0.8970497848805729
0.8970038412290134
0.8969579022843134
0.8969631791874076
0.8969172470294954
0.8969225254752676
0.8968766001022085
0.8968818800877951
0.8968359614987725
0.896841243024593
0.8967953312176167
0.8967494241102472
0.8967035217039007
0.8966576239956597
0.8966629132974419
0.8966170223657398
0.8965711361309265
0.8965252545930613
0.896479377750611
0.8964846748198314
0.896438804748179
0.8963929393709731
0.8963470786860651
0.8963012226941214
0.8963065275216997
0.8963118318073536
0.8963171355496602
0.8962712904713034
0.8962254500820162
0.8962307574284553
0.8961849238007185
0.8961390948603433
0.8960932706076894
0.896047451040518
0.8960527661311315
0.896006953320883
0.8959611451944848
0.8959664638821897
0.8959206625088959
0.8958748658185408
0.8958801881004498
0.8958343981597179
0.8957886128998238
0.8957428323198406
0.8956970564186162
0.895651285196307
0.8956566172713725
0.8956108527925222
0.8956161863886909
0.8956215194402304
0.8955757637680373
0.8955810983401435
0.8955864323665759
0.8955406854985234
0.8954949433035838
0.8955002809133783
0.895454545454646
0.895459884582248
0.8954141558572494
0.8953684318033976
0.8953227124186482
0.8953280571864706
0.8953334014093932
0.895287690815337
0.8952419848883787
0.8952473326870298
0.8952016334867494
0.89515593895179
0.8951102490808625
0.8950645638749612
0.8950188833315407
0.8949732074507815
0.894927536231609
0.8948818696740757
0.8948872333914023
0.8948415735497545
0.8947959183674363
0.894801285648361
0.894806652382569
0.8948120185684927
0.8948173842072165
0.894771741902718
0.8947261042535258
0.8947314734531503
0.8946858425134341
0.8946402162269892
0.8945945945947572
0.8945999694048377
0.8946053436672934
0.8945597307910642
0.8945651065561627
0.8945195003827449
0.8944738988583589
0.8944283019828024
0.8943827097561821
0.8943880931746991
0.8943425076454482
0.8943478925638683
0.8943532769342971
0.8943077001481201
0.8942621280067944
0.894216560509875
0.8942219504740438
0.8941763896675234
0.89418178112927
0.8941871720416219
0.8941925624047541
0.8941979522182717
0.8941524042382751
0.894106860897337
0.8941122542525107
0.8940667175960054
0.8940211855774319
0.8939756581960283
0.8939301354514909
0.8938846173429182
0.8938391038694583
0.8938445089352833
0.893799002138604
0.8938044086948691
0.8937589085726811
0.8937134130823741
0.8937188231704563
0.8937242327076498
0.8936787459285137
0.8936332637795252
0.8936386768450326
0.8935932013639181
0.8935986159170739
0.8935531471020839
0.8935585631423009
0.8935131009923489
0.8934676434678538
0.8934730630312084
0.8934276121681879
0.8933821659290571
0.8933367243131239
0.8932912873199147
0.893296714474937
0.8933021410774712
0.8932567127749648
0.8932112890926638
0.8931658700292671
0.8931204555856446
0.8930750457593788
0.893029640550843
0.8930350788001239
0.8929896802400654
0.8929951199673082
0.892949728053956
0.8929043407539607
0.8928589580687718
0.8928135799956606
