0.9115721095916542
0.9115767417494048
0.9115813734217941
0.9115336266502717
0.9115382600950938
0.9115428930551904
0.9115475255300486
0.9115521575197503
0.9115567890241257
0.911561420043801
0.9115660505785148
0.9115183246075541
0.9115229569134903
0.9114752381952429
0.9114275244724944
0.9114321608042252
0.9113844543313024
0.9113367528527153
0.911341393206591
0.9113460330749195
0.9113506724583796
0.9113029827312277
0.9112552979961537
0.9112599413982443
0.911264584314221
0.9112169090720221
0.9111692388173571
0.9111215735511776
0.911126222733544
0.9110785647031521
0.911083215649116
0.9110878661090391
0.9110925160819929
0.9110448697832297
0.9109972284686821
0.9110018824514723
0.9110065359480378
0.9109589041098465
0.9109635593659442
0.9109682141366641
0.9109205917715444
0.9109252483011253
0.9108776331606608
0.9108822914488198
0.9108346835308007
0.9107870805897227
0.9107394826237235
0.9107441471573338
0.9106965564092915
0.910648970634498
0.9106536391658809
0.9106060606060337
0.9106107308917385
0.9105631595446743
0.9105155931672139
0.9105202674465537
0.9104727082791262
0.9104773843101979
0.9104298323494868
0.9104345101313969
0.9104391874247999
0.9104438642300645
0.9104485405458508
0.9104010025064663
0.9103534694306443
0.9103581497335409
0.9103628295487524
0.9103153059094308
0.9103199874717549
0.9102724710306486
0.9102771543399398
0.9102296450939386
0.9102343301495948
0.9101868280973398
0.9101393310022625
0.9101440200374394
0.9101487085834562
0.9101012209121527
0.9100537381957505
0.9100062604339109
0.9100109551881811
0.9099634846112681
0.9099160189871396
0.9099207177134467
0.9099254159491439
0.9098779597372556
0.9098305084746858
0.9097830621609327
0.9097877665955024
0.909740327458379
0.9097450336303987
0.9096976016684925
0.909702309577517
0.9096548847876341
0.9096074649426721
0.9095600500416745
0.9095647641384204
0.9095173564059145
0.9095220722362062
0.9095267875757258
0.9094793892330837
0.9094319958309754
0.909384607368406
0.9093893288874555
0.9093940499142542
0.9093466708344692
0.909351393592195
0.9093040216713301
0.9093087461585054
0.909261381393989
0.9092661076100255
0.9092187499996806
0.9091713973227665
0.9091240495784805
0.9091287819613287
0.9091335138515573
0.9090861754750177
0.9090388420286567
0.9089915135104869
0.9089441899208953
0.9089489301892527
0.9089016137426038
0.9088543022229854
0.9088069956275222
0.9088117420497445
0.9087644425940498
0.908717148061253
0.9087218984180929
0.9087266482799681
0.9086793630971122
0.9086841146783754
0.9086368366282999
0.9086415899276135
0.9085943190097717
0.9085990740262312
0.9086038285479521
0.908608582574425
0.9085613232079454
0.9085660789515798
0.9085708341999198
0.9085755889538337
0.9085803432134392
0.9085850969790992
0.9085898502499348
0.9085946030258141
0.9085473640428043
0.9085001299711501
0.9084529008108744
0.9084576597185368
0.9084624181309414
0.908467176048812
0.9084719334721721
0.9084766904006204
0.9084814468347584
0.9084862027751689
0.9084909582210742
0.9084437516235452
0.9084485087808741
0.9084013092946861
0.9084060681631307
0.9083588757855633
0.9083116883117922
0.908316451093803
0.9082692707248835
0.908222095257986
0.9082268619505316
0.9082316281488826
0.9082363938515741
0.908241159058709
0.9081939972999509
0.9081987642143892
0.9081516095531854
0.9081563781731767
0.9081092306092844
0.9081140009343085
0.9080668604649417
0.9080716324941286
0.9080244991173114
0.907977370633858
0.9079821465640443
0.9079869219993255
0.9079398028021456
0.9079445799386681
0.9078974678287615
0.9079022466662837
0.9079070250074689
0.9078599221787115
0.9078128242372139
0.9077657311821308
0.9077186430130575
0.9077234296386519
0.9076763485477147
0.9076811368706156
0.9076859246967993
0.9076907120257595
0.9076436423980307
0.9076484314234442
0.9076532199524492
0.9076061595891773
0.9075591041059254
0.9075638965216514
0.9075168481075023
0.9074698045723285
0.9074746008712425
0.9074793966722108
0.907432362392296
0.9074371598862613
0.9074419568824906
0.907446753381212
0.9074515493829319
0.9074563448879245
0.9074093264250686
0.9073623128337307
0.9073153041134072
0.9073201056834114
0.9073249067553563
0.9072779072779609
0.9072309126694101
0.9072357176155705
0.9071887300603473
0.9071935366926357
0.9071465561887588
0.9070995805495322
0.9071043910523846
0.9070574224614913
0.9070104587344422
0.9069634998708558
0.9069165458686665
0.9069213646010514
0.9068744176414719
0.9068274755420572
0.9068322981367475
0.9068371202315647
0.9068419418277067
0.9068467629251
0.9067998344027979
0.9068046571801638
0.9068094794580096
0.9068143012364355
0.906767384105935
0.9067722075640116
0.9067770305222859
0.9067818529824574
0.9067866749431729
0.906791496405402
0.9067445950138058
0.906749418153934
0.9067542407942587
0.906707348606005
0.9066604612676978
0.9066135787785367
0.906618407445983
0.906623235613141
0.9065763623201278
0.9065294938734475
0.9064826302732004
0.9064874644611992
0.9064922981491514
0.9064971313383211
0.9064502790986421
0.9064034317018007
0.9063565891470478
0.9063097514341887
0.9062629185610604
0.9062677621042723
0.906220936240318
0.9061741152159961
0.9061272990291611
0.9060804876792545
0.906085339394387
0.9060901906087035
0.9060950413227237
0.9060998915342751
0.9061047412456386
0.9061095904561289
0.9061144391656486
0.9061192873741137
0.906072498192942
0.906077348066433
0.9060305658820277
0.9060354174193278
0.9059886422302371
0.9059418718700502
0.9058951063389277
0.905899963867578
0.9059048208939304
0.9058580645165601
0.9058113129647566
0.9058161738146936
0.9058210341622541
0.905774291759415
0.905779153767154
0.9057324183476257
0.9057372820139887
0.9056905535781025
0.9056438299629761
0.9055971111682054
0.9056019808111684
0.90560684995127
0.9056117185889849
0.9055650110887589
0.9055698813824912
0.9055231808568258
0.9054764851488776
0.9054297942554154
0.9054346705169716
0.9053879865946515
0.9053413074858315
0.9052946331905756
0.9052479637079434
0.9052528480848538
0.9052577319584866
0.9052110715945046
0.9051644160394516
0.9051693037161007
0.905122655122754
0.9050760113370162
0.9050293723588464
0.9050342659863714
0.9049876339656294
0.9049410067498044
0.9048943843377891
0.9048477667299987
0.9048011539251404
0.904806057796382
0.9048109611619863
0.90481586402261
0.904820766378579
0.9047741669669777
0.9047790709654367
0.9047324785007079
0.9046858908345431
0.9046907986198856
0.9046957059006595
0.9047006126759349
0.9046540362440633
0.9046074646072795
0.904612375167007
0.9046172852218358
0.9045707226681906
0.9045756343608368
0.9045290787439494
0.9045339920741583
0.9044874433922908
0.904440899501032
0.9043943603992021
0.9043992796504607
0.9044041983944464
0.9044091166335053
0.9044140343655808
0.9043675086165442
0.9043209876543836
0.9043259091612265
0.9043308301613164
0.9043357506559826
0.9042892408965456
0.9042941630241379
0.9042476601871456
0.9042525839458885
0.9042060880297401
0.9042110134195116
0.9042159383036569
0.9041694514419097
0.904174377956361
0.9041793039629707
0.9041328261542788
0.9040863531222069
0.9040912828948452
0.9040962121601173
0.9041011409190055
0.9041060691708915
0.9040596094550617
0.904013154514253
0.903966704346601
0.9039202589530595
0.9038738183314121
0.9038273824817199
0.9038323230247528
0.9038372630607303
0.9037908362439643
0.9037444141966985
0.9037493579870404
0.9037029428377242
0.9037078882498977
0.9037128331535573
0.9037177775496873
0.9037227214376468
0.9036763195727184
0.9036812650822672
0.9036862100830172
0.9036911545763534
0.9036960985624276
0.9037010420411796
0.9037059850116009
0.9036596006777697
0.9036645452678597
0.9036694893509549
0.9036231140307336
0.9036280597324272
0.9035816912974463
0.9035353276208556
0.9035402770649213
0.9035452260015964
0.9035501744304414
0.9035551223514305
0.9035600697652664
0.9035137214673488
0.9034673779233343
0.9034723290764349
0.9034772797212973
0.9034309451765201
0.9034358974357588
0.9034408491872888
0.9033945236389294
0.9033994770033426
0.9034044298602179
0.9034093822094884
0.9034143340512257
0.9033680217362104
0.9033729751894224
0.9033266697419376
0.9032803690416875
0.9032853262265232
0.9032902829027338
0.9032952390714859
0.903248949472325
0.9032026646168441
0.9031563845053612
0.9031613465181823
0.9031663080231145
0.9031712690197656
0.9031762295081026
0.9031811894879039
0.9031349247001677
0.9031398862876371
0.9030936283552772
0.9030985915491144
0.9030523404692989
0.903006094125692
0.9030110610401403
0.9030160274467005
0.9029697900663619
0.9029235574212597
0.9028773295102354
0.9028311063328404
0.9027848878880399
0.9027898643457162
0.9027948402952255
0.9027998157344158
0.9028047906646292
0.9028097650854309
0.902814738996842
0.902819712399726
0.9028246852933406
0.9027784884615467
0.9027322963568535
0.9026861089795716
0.902691087690464
0.9026960658925698
0.9026498874562141
0.9026037137450522
0.9026086956519574
0.9026136770499974
0.9025675122751442
0.9025724952691953
0.9025774777538735
0.9025824597286575
0.9025874411947232
0.9025412895638086
0.9025462726246314
0.902551255176808
0.902556237219027
0.9025612187515725
0.9025661997750237
0.9025200633853833
0.9024739317111621
0.9024278047531188
0.9024327915771202
0.9024377778914703
0.9024427636958032
0.9023966477595513
0.9024016351558899
0.9024066220429449
0.9024116084201642
0.9023655034999061
0.9023704914680449
0.9023243933593079
0.902329382918279
0.9022832916179518
0.9022372050259241
0.9022421982738169
0.9022471910113374
0.9022521832391122
0.9022061076497098
0.9022111014658662
0.9021650326800899
0.9021700280825602
0.9021750229758208
0.9021800173584523
0.9021850112310309
0.9021900045947366
0.9021949974479597
0.9021999897914665
0.9022049816247505
0.9022099729496349
0.9022149637643254
0.9022199540698159
0.9021739130431968
0.9021789049345793
0.902132870701338
0.9020868411654531
0.9020918367347873
0.9020458139887481
0.901999795939351
0.9019537825842006
0.9019077739236001
0.9018617699567878
0.9018157706821645
0.9017697761001616
0.9017747858018894
0.9017287980006615
0.9016828148905293
0.9016368364692395
0.9016418519275442
0.9016468668742774
0.9016008973178563
0.9015549324500476
0.9015599510606491
0.9015649691592263
0.9015190131510189
0.9014730618275324
0.9014780835883686
0.9014321390344813
0.901437162369016
0.9013912245837351
0.9013452914800956
0.9013503184716652
0.9013043921330723
0.9013094206962111
0.9013144487469653
0.9012685312550361
0.9012735608764872
0.9012276501450187
0.901232681336893
0.9012377120153483
0.9012427421816097
0.9012477718358789
0.9012528009777164
0.9012578296071372
0.9012628577246299
0.9012678853300854
0.9012729124234279
0.9012270251004469
0.9012320537626819
0.9012370819117872
0.901242109550083
0.9012471366761687
0.9012521632905865
0.9012062910371733
0.9012113192184211
0.9012163468880829
0.9012213740460563
0.9011755126966792
0.9011296560147783
0.901083803999245
0.9010379566499832
0.9009921139661532
0.9009971509973668
0.9009513150533917
0.9009054837726281
0.9008596571544497
0.9008138351981644
0.9007680179032983
0.9007730647953591
0.9007781111735946
0.9007323026854686
0.9006864988562107
0.9006915488658316
0.9006965983628904
0.9006508033351335
0.9006050129642788
0.9006100660904129
0.9005642824463634
0.9005693371287543
0.9005743912979995
0.9005286164477624
0.90048284625175
0.9004879040452607
