0.9113704463019704
0.9106870630290901
0.9035903905799484
0.9020659202019846
0.9020133522579169
0.9022236240341878
0.9022761919782555
0.904221205908761
0.904221205908761
0.904589181517235
0.9042737738528287
0.9031172790833389
0.9026441675867295
0.9012248330969012
0.8988592756138539
0.8988067076697862
0.8981233243969059
0.8915523313884414
0.8942858644799626
0.8942332965358949
0.8942858644799626
0.8939178888714886
0.8876097355833626
0.8876623035274304
0.8855595857647217
0.8856121537087894
0.885507017820654
0.8848762024918414
0.8845607948274351
0.8843505230511642
0.8824580770647265
0.882352941176591
0.8820901014562524
0.8819323976240493
0.8796194080850698
0.8772012826579548
0.8740472060138919
0.8737843662935533
0.8736792304054178
0.8732586868528761
0.859380749618999
0.8553855858698526
0.8548073384851077
0.8539136834359565
0.8534931398834148
0.8534405719393471
0.8490774325817266
0.8489197287495235
0.8473952583715597
0.8463964674342731
0.8460810597698668
0.8429795510698715
0.8430321190139393
0.8428218472376684
0.8426115754613975
0.8425590075173298
0.8420858960207204
0.8421384639647881
0.8416127845241109
0.8415602165800432
0.8415076486359755
0.8415602165800432
0.8412973768597046
0.8385112758241157
0.8372496451664905
0.8331493455292086
0.8330967775851409
0.8329916416970055
0.8328339378648023
0.8325710981444637
0.829732429164807
0.8295747253326039
0.8295221573885362
0.829364453556333
0.8277348472902338
0.8276822793461661
0.8275771434580307
0.827524575513963
0.8249487462546449
0.8243179309258323
0.8242653629817646
0.8237922514851551
0.8218472375546496
0.8215318298902433
0.8213741260580402
0.820848446617363
0.820848446617363
0.8194291121275347
0.8196393839038055
0.8194291121275347
0.819376544183467
0.8193239762393992
0.8192714082953315
0.8193239762393992
0.8151185407139819
0.8150659727699142
0.8150134048258465
0.8149082689377111
0.8144877253851693
0.8143825894970339
0.810282289859752
0.8102297219156843
0.8101771539716166
0.809546338642804
0.8081270041529757
0.8080218682648402
0.8079693003207725
0.8079167323767048
0.8078641644326371
0.8077590285445017
0.8077064606004339
0.8073384849919599
0.8066025337750119
0.8066551017190796
0.8008726278716308
0.800294380486886
0.7982967986123127
0.7957735372970623
0.7956684014089269
0.7956158334648592
0.7957209693529946
0.7942490669190986
0.7943016348631663
0.7940913630868954
0.7938285233665568
0.7882563212953789
0.7877832097987695
0.7874152341902955
0.7845765652106388
0.7841560216580971
0.7841034537140293
0.7839983178258939
0.7821058718394561
0.7821584397835238
0.7804762655733569
0.7803185617411538
0.7786889554750546
0.7786889554750546
0.7781107080903097
0.7780055722021743
0.7779530042581065
0.7777427324818357
0.7775324607055648
0.7776375965937002
0.7769542133208199
0.7757451506072625
0.775640014719127
0.7755348788309916
0.774168112285231
0.7736424328445538
0.7734321610682829
0.7735372969564184
0.7733795931242152
0.7729590495716735
0.7729064816276058
0.7718025548021837
0.7715397150818452
0.7693844293750688
0.7669663039479538
0.7653892656259224
0.7653366976818546
0.7652841297377869
0.7644430426327035
0.7641276349682972
0.7603953109394893
0.7602901750513539
0.7595016558903381
0.7603427429954216
0.7602901750513539
0.7599747673869476
0.760079903275083
0.7600273353310153
0.7598170635547444
0.7581874572886452
0.7576617778479681
0.7562424433581397
0.7541397255954311
0.7535614782106862
0.7531409346581445
0.7509330810073004
0.750827945119165
0.7507753771750972
0.749513746517472
0.7492509067971335
0.7481469799717114
0.7477264364191697
0.747673868475102
0.7462019660412059
0.7460442622090028
0.7460968301530705
0.7464648057615445
0.7459916942649351
0.7459391263208673
0.7458865583767996
0.7457814224886642
0.7458339904327319
0.7457814224886642
0.7449403353835807
0.7447826315513776
0.7446774956632422
0.7448351994954453
0.7442569521107004
0.7424696420123981
0.7424696420123981
0.7423119381801949
0.7423119381801949
0.7422593702361272
0.7396835409768091
0.7396309730327414
0.7396309730327414
0.739525837144606
0.7385796141513871
0.7384219103191839
0.7381065026547776
0.7375282552700327
0.7376859591022359
0.7363191925564753
0.735635809283595
0.7357409451717304
0.7356883772276627
0.735635809283595
0.735635809283595
0.7337959312412249
0.7337433632971572
0.7330599800242769
0.7327971403039383
0.7329022761920737
0.7329022761920737
0.7327971403039383
0.7326920044158028
0.7330074120802091
0.7326920044158028
0.7326920044158028
0.7326920044158028
0.7329022761920737
0.7326394364717351
0.732849708248006
0.7329548441361414
0.7322188929191934
0.7322714608632611
0.7322714608632611
0.7322188929191934
0.7322188929191934
0.7324291646954643
0.7323240288073288
0.732113757031058
0.7321663249751257
0.7323240288073288
0.7330074120802091
0.7329548441361414
0.7330599800242769
0.7330074120802091
0.7333753876886832
0.7330599800242769
0.7330599800242769
0.7330599800242769
0.7330074120802091
0.7329548441361414
0.7329022761920737
0.7327445723598706
0.7330599800242769
0.7330599800242769
0.7330074120802091
0.7324291646954643
0.7325868685276674
0.732849708248006
0.7319560531988548
0.7320611890869902
0.732113757031058
0.7319560531988548
0.7320611890869902
0.732113757031058
0.7335330915208863
0.733585659464954
0.732849708248006
0.7329022761920737
0.7329548441361414
0.7325343005835997
0.7327445723598706
0.7327971403039383
0.733585659464954
0.7335330915208863
0.733585659464954
0.7336907953530895
0.7338484991852926
0.7336907953530895
0.7335330915208863
0.7336907953530895
0.7339010671293603
0.7331125479683446
0.7331125479683446
0.734321610681902
0.7342164747937666
0.7343741786259698
0.7342690427378343
0.7342164747937666
0.734321610681902
0.7348472901225792
0.7348472901225792
0.7361089207802044
0.7360563528361367
0.7358986490039335
0.7356883772276627
0.7356883772276627
0.7357409451717304
0.7357935131157981
0.7356883772276627
0.7364768963886784
0.7362666246124075
0.7372654155496942
0.7369500078852879
0.737107711717491
0.7368974399412201
0.7368448719971524
0.7368974399412201
0.7368448719971524
0.7366346002208816
0.737475687325965
0.7380539347107099
0.7381065026547776
0.7384744782632516
0.7384744782632516
0.7392104294801997
0.7393155653683351
0.7407348998581634
0.7414182831310437
0.7429953214530752
0.7431004573412107
0.743047889397143
0.7431004573412107
0.743047889397143
0.7429427535090075
0.7431004573412107
0.7431004573412107
0.7431530252852784
0.743783840614091
0.7439941123903618
0.7440992482784973
0.7444672238869713
0.7448351994954453
0.7449403353835807
0.7450980392157839
0.7450454712717162
0.7451506071598516
0.7459916942649351
0.7462019660412059
0.7463596698734091
0.7462019660412059
0.7468853493140862
0.7469904852022217
0.7479367081954406
0.7479892761395083
0.7491983388530657
0.7496188824056075
0.7501445618462846
0.7510907848395035
0.7511433527835712
0.751195920727639
0.7511433527835712
0.7510907848395035
0.7511433527835712
0.7510382168954358
0.7510382168954358
0.7507753771750972
0.7505651053988264
0.7506702412869618
0.7521421437208579
0.7521947116649256
0.7522472796089933
0.7520895757767901
0.753403774378483
0.7533512064344153
0.7536666140988216
0.7537717499869571
0.7544551332598374
0.7569783945750878
0.7577143457920358
0.7581348893445775
0.7581874572886452
0.7584502970089838
0.7585028649530515
0.7587131367293224
0.7586605687852547
0.758975976449661
0.758975976449661
0.7616043736530468
0.7625505966462657
0.7626557325344011
0.7626557325344011
0.7629711401988074
0.7641276349682972
0.7656521053462609
0.7664406245072767
0.7682805025496467
0.7711717394733711
0.7715397150818452
0.7734321610682829
0.7734847290123507
0.7734847290123507
0.7740104084530278
0.7746937917259081
0.7746937917259081
0.775272039110653
0.775272039110653
0.7755874467750593
0.7755348788309916
0.7767965094886168
0.7775850286496325
0.7803711296852215
0.7804236976292892
0.7825264153919979
0.7825789833360656
0.7825789833360656
0.7832097986648782
0.7832623666089459
0.783420070441149
0.783420070441149
0.783788046049623
0.7837354781055553
0.7842085896021648
0.7847342690428419
0.7847868369869097
0.7846291331547065
0.7849445408191128
0.7855227882038577
0.7856804920360608
0.7877306418547018
0.7882037533513112
0.7887294327919884
0.7896230878411395
0.789728223729275
0.7896756557852073
0.7896230878411395
0.7896230878411395
0.7896230878411395
0.790096199337749
0.7900436313936813
0.790096199337749
0.7906744467224939
0.7917783735479159
0.7918309414919836
0.7919360773801191
0.7922514850445254
0.7923040529885931
0.7922514850445254
0.7935131157021506
0.7935656836462183
0.7946170425275726
0.794722178415708
0.794722178415708
0.7950375860801143
0.7956684014089269
0.8001366766546828
0.8009251958156985
0.8012931714241726
0.8017137149767143
0.8026073700258655
0.8026599379699332
0.8064973978868765
0.8067076696631473
0.8070756452716213
0.8073910529360276
0.8076013247122985
0.8076538926563662
0.8077590285445017
0.808074436208908
0.8089680912580591
0.8092834989224654
0.8123850076224607
0.8123850076224607
0.8131209588394087
0.8131209588394087
0.8131209588394087
0.8131209588394087
0.8131735267834764
0.8132786626716119
0.8157493560427945
0.81585449193093
0.8160121957631331
0.8160121957631331
0.8164853072597426
0.8176418020292323
0.8178520738055032
0.8180097776377063
0.8179046417495709
0.8179572096936386
0.8179046417495709
0.818062345581774
0.8203227671766858
0.8209535825054984
0.821952373442785
0.8236871155970197
0.8237396835410874
0.8253167218631189
0.8256321295275252
0.827524575513963
0.8276297114020984
0.8277874152343015
0.8283656626190464
0.8308363559902291
0.8364611260054747
0.8368291016139487
0.8369342375020842
0.8370919413342873
0.8383535719919125
0.838458707880048
0.8385638437681834
0.8387741155444542
0.8388792514325897
0.8420333280766527
0.8566997844715455
0.8588025022342541
0.8591704778427282
0.8592756137308636
0.8606423802766242
0.8616411712139108
0.8616937391579785
0.8644272722494998
0.8661094464596667
0.8666351259003439
0.8689481154393234
0.8690006833833911
0.8690006833833911
0.8690532513274588
0.8694212269359328
0.8699994743206777
0.8703674499291517
0.8738895021816887
0.8743100457342304
0.874572885454569
0.8747831572308399
0.8750985648952462
0.8754665405037202
0.8831414603376068
0.8832465962257422
0.8864532408138729
0.8871366240867532
0.8886085265206493
0.888661094464717
0.8902907007308162
0.8946012721443689
0.8962308784104681
0.8962834463545358
0.8991221153341925
0.8991746832782602
0.8992272512223279
0.901067129264698
0.9011196972087657
0.9012248330969012
0.9054302686223185
0.9061136518951988
0.9063764916155373
0.9067444672240114
0.9100036797562098
0.9107921989172255
0.910897334805361
0.916995216317216
0.9248278399833058
0.9249329758714412
0.9296640908375357
0.9298217946697388
0.9298743626138065
0.9340272301951561
0.9343952058036301
0.9344477737476978
0.9343952058036301
0.935709404405323
0.9390737528256569
0.9393365925459954
0.9414918782527718
0.9553698154866489
0.9632024391527386
0.963307575040874
0.9639383903696866
0.9697734321612032
0.9727172370289953
0.9858592230459243
0.9864374704306692
0.9870157178154141
0.9891710035221905
0.989433843242529
0.9896441150187999
0.9896966829628676
0.9921148083899826
0.9935341428798109
0.9935867108238786
0.9997371602798014
1.0000000000001399
