0.9050622930138444
0.9021184881460523
0.8999106344952083
0.8996477947748697
0.8970719655155516
0.8961257425223327
0.8941281606477595
0.8892919097935296
0.8821952373443879
0.8792514324765958
0.8770435788257517
0.8762024917206682
0.8736792304054178
0.867896756557969
0.8643747043054321
0.8633759133681455
0.8570677600800195
0.8565420806393423
0.8544393628766337
0.8524943489461282
0.8458707879935959
0.8450297008885125
0.8475003942596951
0.8454502444410542
0.842348735741059
0.8295747253326039
0.8287862061715882
0.8225306208275299
0.8230563002682071
0.8183777532461803
0.8182726173580449
0.8125427114546638
0.8108605372444969
0.8076013247122985
0.8012406034801048
0.8028176418021363
0.8018188508648497
0.8007149240394277
0.7935656836462183
0.790464174946223
0.7886768648479207
0.7775324607055648
0.7759554223835333
0.7733270251801475
0.7721705304106578
0.771014035641168
0.7745886558377727
0.7734847290123507
0.7736424328445538
0.7729590495716735
0.7720128265784546
0.7711717394733711
0.7690690217106625
0.7659149450665995
0.7649687220733806
0.7641276349682972
0.761183830100505
0.7611312621564373
0.7586605687852547
0.75508594858865
0.7489880670767949
0.7481469799717114
0.7466225095937477
0.7453083109920547
0.745623718656461
0.7447300636073099
0.7476213005310343
0.7473584608106957
0.7469904852022217
0.7467276454818831
0.7468327813700185
0.745623718656461
0.7422593702361272
0.7421542343479918
0.7418913946276532
0.7414182831310437
0.7418913946276532
0.7410503075225697
0.7404720601378249
0.7396309730327414
0.7389475897598611
0.7390001577039288
0.7379487988225745
0.7377910949903713
0.7360563528361367
0.7355832413395272
0.7349524260107146
0.7344793145141052
0.7343741786259698
0.7331651159124123
0.733953635073428
0.7331125479683446
0.7336382274090217
0.7334279556327509
0.7333228197446154
0.734321610681902
0.7337959312412249
0.732849708248006
0.7326394364717351
0.7330074120802091
0.7332702518005477
0.733585659464954
0.7331651159124123
0.7327971403039383
0.7329548441361414
0.7332702518005477
0.7334279556327509
0.7342164747937666
0.7346895862903761
0.7331651159124123
0.7334805235768186
0.7334279556327509
0.7336907953530895
0.7340062030174958
0.7346895862903761
0.7348998580666469
0.7351101298429178
0.7351626977869855
0.7354781054513918
0.7376333911581682
0.7381065026547776
0.7383167744310485
0.7390001577039288
0.7401040845293508
0.7401040845293508
0.7403143563056217
0.741365715186976
0.7428901855649398
0.7426799137886689
0.7431530252852784
0.7433632970615492
0.7446774956632422
0.7449403353835807
0.7444672238869713
0.7459916942649351
0.7457814224886642
0.7464122378174768
0.7470430531462894
0.7470430531462894
0.7489354991327272
0.7496188824056075
0.7498817221259461
0.7518267360564516
0.7523524154971287
0.7538243179310248
0.7557693318615303
0.7557167639174626
0.7569783945750878
0.7572412342954263
0.7587131367293224
0.7589234085055933
0.7592913841140673
0.760447878883557
0.7606055827157602
0.7615518057089791
0.7610786942123696
0.7638647952479586
0.7642327708564326
0.7654418335699901
0.7659149450665995
0.7660726488988027
0.7669663039479538
0.7687010461021885
0.7688587499343916
0.7701203805920168
0.7707511959208294
0.7723808021869286
0.7744835199496373
0.7764285338801428
0.7765336697682782
0.7767439415445491
0.7792146349157317
0.7800031540767475
0.7807391052936955
0.7827366871682687
0.7832097986648782
0.7872049624140246
0.7878357777428372
0.7881511854072435
0.7892551122326655
0.7892551122326655
0.789360248120801
0.7929348683174057
0.7942490669190986
0.7949324501919789
0.7975608473953647
0.7979288230038387
0.7981390947801096
0.8025548020817977
0.8036061609631521
0.8039741365716261
0.8076538926563662
0.8083372759292465
0.8083372759292465
0.8083898438733143
0.810650265468226
0.8129632550072056
0.8136992062241536
0.8150134048258465
0.8150134048258465
0.8164327393156748
0.8173789623088937
0.8181674814699095
0.8189560006309252
0.8200073595122795
0.8200599274563473
0.8209535825054984
0.8255795615834575
0.8264206486885409
0.8263155128004055
0.8267360563529472
0.8295747253326039
0.8296272932766716
0.832518530200396
0.8332019134732763
0.8361982862851361
0.8369342375020842
0.8374073489986936
0.8379330284393708
0.8394574988173346
0.8403511538664857
0.8422435998529235
0.8424538716291944
0.8426115754613975
0.8431372549020747
0.8437680702308873
0.8446617252800385
0.8475003942596951
0.8487620249173203
0.8498659517427424
0.8498133837986747
0.8519161015613833
0.8519161015613833
0.852336645113925
0.8529148924986699
0.8531251642749408
0.854018819324092
0.8544919308207014
0.8559112653105297
0.8596435893393376
0.8614834673817077
0.8615886032698431
0.8618514429901817
0.862534826263062
0.8633759133681455
0.8636913210325518
0.8637964569206872
0.8645324081376352
0.8656363349630573
0.8663722861800053
0.8693160910477974
0.8695263628240683
0.8699994743206777
0.8723124638596572
0.8732061189088084
0.8733112547969438
0.8733638227410115
0.8748882931189753
0.8750459969511785
0.8760447878884651
0.8759922199443974
0.8761499237766005
0.876991010881684
0.878094937707106
0.8779372338749029
0.8783577774274446
0.8822478052884556
0.8824055091206587
0.8850339063240446
0.88513904221218
0.88697892025455
0.8870840561426855
0.8871366240867532
0.8907638122274256
0.8908163801714933
0.8919203069969154
0.8922357146613217
0.8927613941019988
0.8929716658782697
0.8938653209274209
0.8944435683121658
0.8947064080325043
0.8950218156969106
0.8979656205647027
0.8998054986070728
0.90217105609012
0.9022236240341878
0.9039583661884224
0.9043789097409641
0.9044314776850318
0.904957157125709
0.9055354045104539
0.9056405403985893
0.9057456762867248
0.9060085160070633
0.9061136518951988
0.9068496031121468
0.9074804184409594
0.90884718498672
0.9092677285392617
0.9115807180782413
0.9118435577985798
0.9121063975189184
0.9138937076172208
0.9139462755612885
0.9144719550019657
0.9144719550019657
0.9145770908901011
0.9153656100511168
0.9166798086528097
0.9175208957578932
0.9179940072545026
0.9183619828629767
0.9188350943595861
0.919045366135857
0.9210429480104302
0.9220943068917845
0.924407296430764
0.9245124323188995
0.9252483835358475
0.9254586553121184
0.9255112232561861
0.9269305577460144
0.927193397466353
0.9272985333544884
0.9274562371866916
0.9290858434527908
0.9294538190612648
0.9296640908375357
0.9300320664460097
0.9301372023341451
0.9311885612154994
0.9323976239290569
0.9326604636493955
0.9337643904748175
0.9344477737476978
0.9347106134680364
0.935341428796849
0.9356568364612553
0.935709404405323
0.9364979235663388
0.9368658991748128
0.9372864427273545
0.9377069862798962
0.9379698260002348
0.9389686169375214
0.9392840246019277
0.941649582084975
0.9422278294697198
0.9436471639595482
0.9436997319036159
0.9439100036798868
0.944225411344293
0.9449087946171734
0.9454870420019182
0.9458550176103923
0.9463281291070017
0.947011512379882
0.9492719339747938
0.9500604531358096
0.950165589023945
0.9511118120171639
0.9511118120171639
0.9512169479052993
0.9513746517375025
0.9515849235137733
0.9518477632341119
0.9522683067866536
0.9539504809968206
0.9542658886612269
0.9543710245493623
0.9544761604374977
0.9545287283815654
0.9553172475425812
0.9554749513747843
0.9559480628713938
0.9563160384798678
0.9567365820324095
0.9571045576408835
0.9573673973612221
0.9578930768018993
0.9581033485781701
0.9583661882985087
0.9584187562425764
0.9587867318510505
0.9591021395154568
0.9594701151239308
0.9603637701730819
0.9603637701730819
0.9604163381171497
0.9606266098934205
0.9608894496137591
0.9609945855018945
0.9613099931663008
0.961467696998504
0.9619933764391811
0.9621510802713843
0.9632550070968063
0.9638332544815512
0.9653051569154473
0.9654628607476504
0.9656205645798536
0.9656205645798536
0.9659359722442599
0.9667770593493433
0.9675130105662914
0.9677232823425622
0.9683540976713748
0.9687220732798488
0.9689323450561197
0.9691426168323906
0.9691951847764583
0.9695631603849323
0.9708247910425575
0.9715081743154378
0.9726646690849275
0.9729275088052661
0.9730326446934016
0.9730852126374693
0.973873731798485
0.9741891394628913
0.9743468432950945
0.9746622509595008
0.9748725227357716
0.9750827945120425
0.9754507701205165
0.975923881617126
0.976659832834074
0.9768701046103448
0.9775534878832252
0.9781843032120378
0.9784471429323763
0.9787099826527149
0.9789728223730535
0.9790253903171212
0.9790779582611889
0.9797087735900015
0.9799190453662724
0.9800767491984755
0.9801293171425433
0.9801293171425433
0.980181885086611
0.980549860695085
0.9806549965832204
0.9810229721916944
0.9811806760238976
0.9814435157442362
0.9819691951849133
0.982021763128981
0.9820743310730488
0.9824948746255905
0.9824423066815228
0.9827051464018614
0.9828102822899968
0.9828628502340645
0.9830205540662676
0.9831782578984708
0.9834410976188094
0.9834410976188094
0.983703937339148
0.9837565052832157
0.9840193450035543
0.9843347526679606
0.9847027282764346
0.9848604321086377
0.9852284077171117
0.9856489512696535
0.9857015192137212
0.9857540871577889
0.9858066551018566
0.985911790989992
0.9861746307103306
0.9862797665984661
0.9863323345425338
0.9865426063188046
0.9865951742628724
0.9868054460391432
0.9869631498713464
0.9870157178154141
0.9870682857594818
0.9871208537035495
0.9874362613679558
0.9875413972560912
0.9880145087527007
0.9880670766967684
0.9884350523052424
0.9885401881933779
0.9887504599696487
0.9888030279137164
0.989433843242529
0.9895915470747322
0.9896441150187999
0.9899069547391385
0.9902749303476125
0.9905377700679511
0.9906429059560865
0.9908531777323574
0.9910108815645605
0.9912737212848991
0.9914314251171022
0.99148399306117
0.9915891289493054
0.9919045366137117
0.9920096725018471
0.9923250801662534
0.9926404878306597
0.9927456237187952
0.992955895495066
0.9931135993272692
0.9931661672713369
0.9932187352154046
0.9932713031594723
0.993691846712014
0.9937969826001495
0.9939021184882849
0.9940072543764203
0.9940598223204881
0.9942175261526912
0.9942700940967589
0.9943752299848944
0.9944277979289621
0.9945329338170975
0.9948483414815038
0.9949534773696392
0.9951111812018424
0.9951637491459101
0.9952688850340455
0.9954791568103164
0.9957945644747227
0.9958471324187904
0.9958997003628581
0.9959522683069258
0.9961625400831967
0.9962676759713321
0.9964253798035353
0.996477947747603
0.9965830836357384
0.9966356515798062
0.9966882195238739
0.9967933554120093
0.996845923356077
0.9969510592442125
0.9970561951323479
0.9971087630764156
0.9971613310204833
0.997213898964551
0.9973190348526865
0.9974241707408219
0.9974767386848896
0.9975293066289573
0.997581874573025
0.9976870104611605
0.9977395784052282
0.9977921463492959
0.9980024181255668
0.9981075540137022
0.9981601219577699
0.9982652578459054
0.9983178257899731
0.9983703937340408
0.9984229616781085
0.9985280975662439
0.9984755296221762
0.9985806655103117
0.9986858013984471
0.9987383693425148
0.9988435052306502
0.998896073174718
0.9989486411187857
0.9990012090628534
0.9990537770069211
0.9991063449509888
0.9991589128950565
0.9992114808391243
0.999264048783192
0.9993691846713274
0.9994217526153951
0.9994743205594628
0.9995268885035306
0.9995794564475983
0.999632024391666
0.9996845923357337
0.9997371602798014
0.9997897282238691
0.9998422961679369
0.9998948641120046
0.9999474320560723
1.0000000000001399
