0.9115141955838514
0.9114536749615896
0.9112466843499759
0.9111004835535739
0.9110957593794841
0.9115472581248216
0.9115957446807029
0.9144979426070184
0.9145865626171211
0.9156355455566291
0.9156084230832352
0.9155443472665945
0.9155390893475054
0.9155012908775507
0.9156860628302924
0.9156815114711876
0.9158423868980273
0.9153151191901031
0.9192356129878307
0.9192311904500647
0.9192815289417371
0.9192505752165204
0.919559929234549
0.9196107701660512
0.9194147314751759
0.9194656911651135
0.9194567627491037
0.9193986797578554
0.9193718439596892
0.9193494671401656
0.9191789965514809
0.919170004450183
0.9191941677333939
0.919180674607736
0.9192539647082583
0.919041487039019
0.9188399280577373
0.9188171136225831
0.918855086318169
0.918818565401071
0.9185486644504626
0.9181640175076349
0.9181991122382682
0.9182059570541328
0.9181681681684702
0.9181634421022168
0.9177891314441384
0.9179594445410049
0.9178943690680818
0.9178473558395439
0.9178186060078042
0.9175450925275787
0.9175988286966289
0.9175795208245373
0.9175457102668693
0.9175408779231667
0.9179682912504916
0.9180221974281286
0.9179643885529435
0.9179595674662284
0.917954745812358
0.9180086987188825
0.9179845963901645
0.9179708261971257
0.9179930181647734
0.9176330657152759
0.9176281670035735
0.9176183678322382
0.917603664703219
0.917574242695078
0.9174235181648157
0.9174087133207108
0.9174037771935835
0.9173889652697438
0.9174108480673763
0.9174009470719048
0.9173811379578275
0.9174163368118886
0.9186461166513635
0.9187242798352848
0.9187193608909946
0.918720852765058
0.9184739687745118
0.9184802431608767
0.9184653736245332
0.9184108055490253
0.9184617256909638
0.918282717404419
0.9194741669213813
0.9194495412841502
0.9194446143496677
0.9194910069742676
0.9194811551642458
0.9195374166310701
0.9194233967841163
0.9194035368783048
0.9194453004624452
0.919430403155978
0.91938567815976
0.9193757325276007
0.9196195449457356
0.9196145477151002
0.9196095498635033
0.9195345074368494
0.9193638914875191
0.9193538327201246
0.9193488023953902
0.9193337076546482
0.9193286748189635
0.919318607263173
0.9193135725425409
0.9192682317679244
0.9192721360681505
0.919382075176511
0.9187551290953606
0.9186899342436903
0.9185965357529507
0.9183010697908494
0.9182802547772168
0.9182750493663273
0.9182750493663273
0.9180610550518554
0.9181144609095954
0.9182004089978888
0.9181742632488978
0.9174838709676197
0.9175497544582452
0.9175557710961911
0.9174413313400896
0.9174526767708047
0.9174419361136716
0.9174204464112908
0.9172490366404953
0.917308948399479
0.9173109684179409
0.9172892908637218
0.9171158143814102
0.9172255095329008
0.9171219801196914
0.9171110672197912
0.9171056096919076
0.9171168796943949
0.9170950309742372
0.9173150468151595
0.9172828096116307
0.9171022163416348
0.9171464496060799
0.9171299973525836
0.9172697696034017
0.9172647527910933
0.9172372532076392
0.9172372532076392
0.9172707321942521
0.9172156784456423
0.9172546931166047
0.9171005206244731
0.9170728450289826
0.9168958347305468
0.9169477803267815
0.9169205768837677
0.9169093248461261
0.9168980697594624
0.9168081494058894
0.9167685826877835
0.9163870437580071
0.9163755907129215
0.9170452980859869
0.9181322849853676
0.9181266381568722
0.9180644715953623
0.9182489815643884
0.9186963742043398
0.9186682356195429
0.9185787790292343
0.9186159844052999
0.9186713286711907
0.9183544303799767
0.918281084889136
0.9181657848324791
0.9181328036323239
0.9181153764282175
0.9181631059689612
0.918868733037993
0.9188938116335685
0.9187737268102157
0.91869802122194
0.9186921918694719
0.918411396503631
0.918393782383203
0.918393782383203
0.9204957240181805
0.9204586689892233
0.9204528959213414
0.9204471220150848
0.9205576937039394
0.9206187813202862
0.920668361787289
0.9205158094129725
0.920609462710691
0.9205978855266649
0.9205978855266649
0.9205549470611585
0.9202584624423145
0.9202350348878638
0.9202499081220491
0.9203058373771069
0.9202999779425791
0.9201512455518445
0.9201453251280646
0.9202076381167348
0.920189882806846
0.9199374394878003
0.9198658218410343
0.919859586227696
0.9195953540654022
0.9196522260529546
0.9198369565215345
0.9200606750092826
0.9200364852540912
0.9200304066892567
0.9200609059762294
0.9200944546007389
0.9197950913680754
0.919788958556412
0.9201474201476121
0.9201015072284747
0.9199536858352937
0.9202657807309323
0.9202534580015153
0.920216886134764
0.9207260316474016
0.9209707529557719
0.92096460521199
0.9208885424785282
0.920960324265551
0.9209766752474969
0.9212727699162564
0.9214151534124468
0.9210609161028225
0.9211272040301788
0.9211209950403773
0.9211915832610832
0.9211543010327173
0.9213660383310823
0.9214866251086286
0.9214167127833247
0.9214167127833247
0.9215500197707388
0.9213634562031112
0.9213509870766624
0.9213804046014615
0.9214348067615356
0.9216622880342034
0.9214935375776099
0.9216280925776357
0.9216891514328269
0.9216641379859885
0.921761368177371
0.9217363498281065
0.9217113154736509
0.9222826956938402
0.9221830421542822
0.9221331194869264
0.921823315853176
0.9220464816010046
0.9222186287189976
0.9220610872558066
0.9220421393840182
0.9220421393840182
0.9225146198829084
0.9225146198829084
0.9225895540571172
0.9240071907172466
0.9240827000079808
0.9239727712620424
0.9239727712620424
0.9253731343284887
0.9250373567987474
0.9250000000002018
0.9249518385125498
0.9248385202582783
0.9248322147652166
0.9249098078697867
0.9250461641766461
0.9250146947688097
0.9253517566772427
0.9253202966960093
0.9253202966960093
0.9253189152656855
0.9250783964743896
0.925059342150008
0.9268541330388523
0.9268831831322935
0.9269184958311487
0.9270389919970936
0.9270327799064739
0.9270327799064739
0.9273052667463811
0.9272990709961507
0.9268586162442083
0.9268523293794703
0.9268334622990834
0.9268754301443718
0.9268565527921668
0.9270098123600298
0.9269154529002659
0.926902853202366
0.9268271636898634
0.9267892601227462
0.926533090467333
0.9267529759317705
0.9267529759317705
0.9267211404730574
0.9267020259109326
0.9268313902904605
0.9268186564567831
0.926793175487395
0.9267354432591505
0.9268314055381625
0.9267608104553473
0.9266813186810684
0.9267024931725384
0.926753843435322
0.926878868257927
0.9268487320448747
0.9269767855555762
0.9269076305218689
0.9269642857141743
0.9269577640860577
0.9270209915142932
0.9270144720385116
0.9269883824844567
0.9269688030748904
0.9270451497543397
0.9270451497543397
0.9273573089996897
0.9278867687898656
0.9278867687898656
0.9279311581214302
0.9279756031929451
0.9280459357616524
0.9281227566405263
0.9281163062010486
0.9283598168595237
0.9293174860436987
0.9297058292725289
0.9299449309378233
0.929919624311537
0.9306698002349117
0.9306698002349117
0.9321557971014002
0.9322095341670708
0.9324324324323684
0.93241404336385
0.9324557421699365
0.9322959322957837
0.9322959322957837
0.9322527772716764
0.9322342654157073
0.932228092548616
0.932228092548616
0.9322945143063063
0.932311621966949
0.9321755027423169
0.9321925329428504
0.9323012092343029
0.9323204419888369
0.9323204419888369
0.9323017408122065
0.9322767898275992
0.9333024548403424
0.9332962757087239
0.9332900954323716
0.9332900954323716
0.9334883720929992
0.9350770667912618
0.9351851851853843
0.9356227191916485
0.9356166947407423
0.9355986146212564
0.9355986146212564
0.9355925856580306
0.9356681337203238
0.9357497424370725
0.9357437242413597
0.935838421794112
0.9359360301032901
0.9359360301032901
0.9358938153064313
0.9359034781787999
0.9363610612783024
0.9366130558184876
0.9365890592467653
0.9366944655042573
0.9385789222700395
0.9385613432552468
0.9390838672659033
0.9392894762041655
0.9392836621338635
0.9392603947115715
0.9392138063280746
0.9391963172533916
0.939239777308526
0.9392281105989236
0.939271644085572
0.9392658081873858
0.9394815457262201
0.9395196295940417
0.942494181536268
0.942494181536268
0.9425041346435029
0.9425041346435029
0.9424985405722092
0.942517537022764
0.942592592592764
0.9427540472010144
0.942748463864151
0.9431751611014626
0.9431696123426724
0.9430751173709859
0.943002644207207
0.943002644207207
0.9429858934171514
0.9429858934171514
0.9438610265975046
0.9439371624938603
0.9443678613626284
0.9448221499655873
0.9447840662591869
0.9448500394632161
0.9450310865490936
0.9450202349226737
0.945014807502481
0.9450093790107077
0.9450039494471082
0.9451905984595104
0.9451797708416646
0.9451797708416646
0.9451635213913513
0.9451147151900131
0.9451147151900131
0.9452081891008692
0.9452962706500552
0.9452529452529694
0.945247524752476
0.945308629743441
0.9452923686819715
0.9453318781623983
0.9453318781623983
0.9452993150005425
0.9454816285999573
0.9457040572790859
0.945921631347239
0.946094609461004
0.9463785514204678
0.947131270651707
0.9473684210524965
0.9473684210524965
0.9480467176803207
0.9481369587111594
0.9483279613212715
0.9483175498689326
0.9483123425694108
0.948301924821236
0.948301924821236
0.948301924821236
0.948244552057929
0.9482288828339648
0.9483525368910418
0.9483473162843522
0.9483264232984436
0.9483159704661491
0.9484066767832181
0.9484014568999597
0.9484974198119618
0.9484922080549868
0.9492900608519583
0.9493812132280023
0.9493812132280023
0.9494518879416831
0.9494364910144782
0.9501678022985679
0.9502543234996292
0.9503206759648125
0.9503004379266099
0.9503004379266099
0.950361838752576
0.950361838752576
0.9504343382729062
0.9508029047764771
0.9517714519763517
0.9519417973153992
0.9519417973153992
0.9520196842319735
0.9522100297407579
0.9552423088794219
0.9552330966346677
0.9552238805971035
0.9553084131398548
0.9581005586592891
0.958662235147375
0.958831479363586
0.958831479363586
0.9590223608945652
0.9590010405828617
0.9590010405828617
0.9590010405828617
0.9589882377430914
0.9589882377430914
0.9593453559889235
0.9637704054763762
0.9639582674677011
0.9640522875815614
0.9640522875815614
0.9640447068745943
0.9642442780297446
0.9642442780297446
0.9647009088986715
0.9648602878917791
0.9648528477664916
0.9648305084746204
0.9648305084746204
0.9649252940551796
0.9649252940551796
0.9650164316759684
0.9650090128300844
0.9651039456934424
0.9656893987676568
0.9657883552909943
0.9657883552909943
0.9658909786421123
0.9658837283450381
0.9663937041371253
0.9676903390913809
0.9677935373787355
0.9679692504805081
0.9688936397650182
0.9688869881323147
0.9688869881323147
0.9690909090910175
0.9707269997853885
0.970809186520855
0.970809186520855
0.9709989258861962
0.9709989258861962
0.9710970237454395
0.9711796967416604
0.9711796967416604
0.9712841471285322
0.9719948298149658
0.9733520336606702
0.973457056538528
0.973667170299926
0.9737495949010115
0.9750135208222527
0.9750135208222527
0.975414274883721
0.9760199652776188
0.9760173629952327
0.9763197914404083
0.9763197914404083
0.9763197914404083
0.9833643427821875
0.9833643427821875
0.9833643427821875
0.9833625218914654
0.9835760429214384
0.9837879285791084
0.9837879285791084
0.9837861524977443
0.988213262833327
0.9906077348066464
0.9908267020335071
0.9910447761195385
0.9911514213027429
0.992026578073064
0.9976604278075608
0.9976604278075608
0.997882772453734
0.9981052162281271
0.9981052162281271
0.9982164753091661
0.9982164753091661
0.9983275727506526
0.998661610528514
0.998661610528514
0.9998883305416223
1.0000000000001523
