0.9121781115876159
0.9117100371744555
0.9126186642977837
0.914250323743424
0.9133382713235086
0.9128432444882068
0.9120879120875554
0.9115142974573366
0.9106973434531497
0.9109474188526013
0.9108934832544671
0.9104167938002139
0.9100203239512878
0.9098309719117734
0.9103962879359582
0.9100341642413229
0.909525936323928
0.910769428718269
0.9101699312494275
0.9110108539298262
0.9127454856994222
0.9126594048883035
0.9129241683956922
0.91382914166242
0.9136724852274222
0.9185935148446026
0.9186991869919677
0.9184013322230004
0.917912533184172
0.9174873382102726
0.9177112102544768
0.917462580185524
0.9180833512662836
0.9176470588233531
0.9196078431373851
0.9191815856776903
0.9191354848197187
0.9188729477888676
0.9230082570855438
0.9236812570143871
0.9236905478626166
0.9233971690257304
0.9231120584653081
0.9277237577519216
0.9279334770558805
0.9288479405391238
0.928621468046833
0.9288676735269221
0.9286444811582248
0.9283567926615782
0.9281570372722644
0.928120757128024
0.9280841159002027
0.9281393660779769
0.9282878210842802
0.9281934380853186
0.9284312121707384
0.9294339932639102
0.9296204620463532
0.9293230590767981
0.9297778517346564
0.9302364441474846
0.9300335570470966
0.929756590583608
0.9319354020460011
0.9318394024274033
0.9317484662577552
0.9316626753334035
0.9331273070648284
0.9328853278196229
0.9331603977518342
0.9330961471713741
0.9332985022638527
0.933077057487273
0.933029453015318
0.9330694810907141
0.9329332862690366
0.933156263833651
0.9330254041570744
0.9328105507039204
0.9353656356160684
0.9356950672644527
0.9360323886641342
0.9359205776173415
0.9377150099584756
0.9383455915735476
0.9383424408012666
0.938984289367803
0.9389886405278202
0.9409278824070556
0.9411331183787217
0.9413394919166911
0.9411764705883774
0.9410180196917681
0.9410504749486377
0.941555410325897
0.9421564956947343
0.9421092137359998
0.9421557562076045
0.9422968131245397
0.9424440034021548
0.9424971580146372
0.9445499430306041
0.9445184621238499
0.9445875059610278
0.9466641177592825
0.946642398697267
0.9469136987614423
0.9468975468977857
0.9467900520533746
0.9469718922053322
0.9486062717768723
0.948506594259312
0.9487951807229912
0.9488901869158552
0.9493757315644175
0.9493794586141283
0.949481104366715
0.9494850416868492
0.9495922177456902
0.9495029038290549
0.9511882457352795
0.9512002370837928
0.9517118543438325
0.952324313609117
0.9528395552025525
0.9528639618136893
0.953784860557931
0.9550079808459779
0.9559352517986875
0.956169318523064
0.9563038685108933
0.956840309143904
0.956775231202407
0.9567143144755336
0.9579637096775474
0.9591156874622762
0.9593610998786786
0.9595059728687795
0.9595539787125444
0.9597036134796489
0.9604634617339338
0.9608182373293246
0.9615815754609758
0.9615306122446582
0.961683866353184
0.9616368286446347
0.9623066680325296
0.9624653881655401
0.9625218194885852
0.9635036496348937
0.9637673700464113
0.9640354492994105
0.9640978025377706
0.9643668663500305
0.9645331403162852
0.9654244306415906
0.9664213908177146
0.9668015354291795
0.9670786166788936
0.967044391308691
0.967010094702899
0.967392436711918
0.9676712900197303
0.9677419354837233
0.9683385579937023
0.968727120594232
0.9695351758792514
0.96950644451419
0.9696874344450545
0.9696587926507927
0.970050441362053
0.9709687598609137
0.9717835333755291
0.9721783117294792
0.9729957805908531
0.9729701193115748
0.9734756419737797
0.9736647276574276
0.9738541335874948
0.9739379171521887
0.9741278761531685
0.9742147707981601
0.9743017946268995
0.9742826780019374
0.9743698819527193
0.9747765006387727
0.9748642027906388
0.9751652099764022
0.9754692832762685
0.9754535752399534
0.9755446390430631
0.976063261380512
0.9762617621898003
0.9764605178687172
0.9765524625267739
0.9765373901864008
0.9766320077177632
0.9768339768339227
0.9768215473762435
0.9773459308566824
0.9778708776451419
0.9783963886502837
0.9785998494462543
0.9785883365610638
0.9785768112822785
0.9791038345543058
0.9793103448277455
0.9795170332038493
0.9797238999137996
0.9799309451876425
0.9800302245249163
0.9801295896328942
0.9801210025927556
0.9805447470817087
0.9806444636677167
0.9806360882735866
0.9806277056274981
0.9806193157212117
0.9808275563257559
0.9808192457737871
0.9812445793581285
0.9812364425164133
0.9813368055553954
0.9815458098131865
0.981646394439495
0.981855714906472
0.9819584827737741
0.9820613176775691
0.982381729200587
0.982484769364818
0.982696702579085
0.9830176355324171
0.9833387781768679
0.9833333333331997
0.9836547891468691
0.9837584477870962
0.9838621742450494
0.9839659685863008
0.9840698308782376
0.9840646147128047
0.984168577355743
0.9843818261248323
0.9843767070907108
0.9844808743170451
0.9846944353341641
0.9850174978126119
0.9853407723442404
0.985664259137747
0.9857690202518323
0.9859833552344262
0.9860882900644837
0.9864124479507196
0.9864079798311205
0.9866228070173779
0.9868377755842818
0.986944596818219
0.9870514649403611
0.9872681374164706
0.9873751235040921
0.9875919622267604
0.9875892366830505
0.9876963638358646
0.9878035380728531
0.988020661611259
0.9882378806198996
0.9882352941178768
0.9884526558890014
0.9886701132987002
0.9886676202000854
0.9886651260039424
0.9888827738029031
0.9889904216670137
0.9890981169476877
0.9893160039650037
0.9895339870001791
0.9897520661158669
0.9899702413754106
0.9901885128432474
0.9901863491014821
0.9904047645307255
0.990512961941599
0.9907315458458529
0.9908398631495692
0.9908378408214819
0.9910566412717774
0.9912755383765052
0.9913840715783923
0.9914926527457109
0.9917117913580574
0.9919310268597267
0.9921503593146741
0.9921486232444298
0.9923681008735863
0.9925876756279767
0.9926974994466967
0.9928073475709871
0.9929172200087212
0.9930271167680184
0.9931370378568739
0.9932469832833036
0.9932462356068273
0.9932454877644717
0.993244739756342
0.99324399158269
0.9933540097475451
0.9934640522874413
0.9935741192111608
0.9935734072023179
0.9935726950354472
0.9936828105952925
0.9937929505653641
0.9939031149540529
0.9939024390244688
0.9940126399822831
0.9941228653802364
0.994233115226734
0.9942324755987392
0.9943427620633897
0.9944530729976476
0.9944524575613087
0.9945628051488558
0.9945622017534914
0.9946725860157103
0.9947829947828325
0.9948934280638628
0.995003885866793
0.9951143681988929
0.9951138256525546
0.9952243447355688
0.9953348883705601
0.995334370139899
0.9954449505611712
0.9955555555553602
0.9956661851315619
0.99577683929744
0.9958875180616518
0.9959982214315727
0.996108949416339
0.9962197020236256
0.9963304792614359
0.9964412811388944
0.9964408853296223
0.9965517241378635
0.9966625876072044
0.9966622162882639
0.9967731167241193
0.9967727576228956
0.9968836950472197
0.9968833481743793
0.9969943226095062
0.9969939879760042
0.9969936532679712
0.997104677059955
0.9972157255817712
0.9973267988414404
0.9974378968473843
0.9975490196079173
0.9976601671307799
0.9977713394249843
0.9978825364982506
0.9979937583592016
0.9981050050159993
0.9982162764770597
0.9983275727506526
0.9984388938449609
0.9985502397680394
0.998661610528514
0.9987730061349637
0.9988844265951494
0.9989958719180169
0.9991073421109591
0.9992188371834029
0.9993303571430243
0.999441901998087
0.999553471757078
0.9996650664282575
0.999776686020671
0.9998883305416223
1.0000000000001523
1.0000000000001523
1.0000000000001523
1.0000000000001523
1.0000000000001523
1.0000000000001523
1.0000000000001523
1.0000000000001523
1.0000000000001523
1.0000000000001523
1.0000000000001523
1.0000000000001523
1.0000000000001523
1.0000000000001523
1.0000000000001523
1.0000000000001523
1.0000000000001523
1.0000000000001523
1.0000000000001523
1.0000000000001523
1.0000000000001523
1.0000000000001523
1.0000000000001523
1.0000000000001523
1.0000000000001523
1.0000000000001523
1.0000000000001523
1.0000000000001523
1.0000000000001523
1.0000000000001523
1.0000000000001523
1.0000000000001523
1.0000000000001523
1.0000000000001523
1.0000000000001523
1.0000000000001523
1.0000000000001523
1.0000000000001523
1.0000000000001523
1.0000000000001523
1.0000000000001523
1.0000000000001523
1.0000000000001523
1.0000000000001523
1.0000000000001523
1.0000000000001523
1.0000000000001523
1.0000000000001523
1.0000000000001523
1.0000000000001523
1.0000000000001523
1.0000000000001523
1.0000000000001523
1.0000000000001523
1.0000000000001523
1.0000000000001523
1.0000000000001523
1.0000000000001523
1.0000000000001523
1.0000000000001523
1.0000000000001523
1.0000000000001523
1.0000000000001523
1.0000000000001523
1.0000000000001523
1.0000000000001523
1.0000000000001523
1.0000000000001523
1.0000000000001523
1.0000000000001523
1.0000000000001523
1.0000000000001523
1.0000000000001523
1.0000000000001523
1.0000000000001523
1.0000000000001523
1.0000000000001523
1.0000000000001523
1.0000000000001523
1.0000000000001523
1.0000000000001523
1.0000000000001523
1.0000000000001523
1.0000000000001523
1.0000000000001523
1.0000000000001523
1.0000000000001523
1.0000000000001523
1.0000000000001523
1.0000000000001523
1.0000000000001523
1.0000000000001523
1.0000000000001523
1.0000000000001523
1.0000000000001523
1.0000000000001523
1.0000000000001523
1.0000000000001523
1.0000000000001523
1.0000000000001523
1.0000000000001523
1.0000000000001523
1.0000000000001523
1.0000000000001523
1.0000000000001523
1.0000000000001523
1.0000000000001523
1.0000000000001523
1.0000000000001523
1.0000000000001523
1.0000000000001523
1.0000000000001523
1.0000000000001523
1.0000000000001523
1.0000000000001523
1.0000000000001523
1.0000000000001523
1.0000000000001523
1.0000000000001523
1.0000000000001523
1.0000000000001523
1.0000000000001523
1.0000000000001523
1.0000000000001523
1.0000000000001523
1.0000000000001523
1.0000000000001523
1.0000000000001523
1.0000000000001523
1.0000000000001523
1.0000000000001523
1.0000000000001523
1.0000000000001523
1.0000000000001523
1.0000000000001523
1.0000000000001523
1.0000000000001523
1.0000000000001523
1.0000000000001523
1.0000000000001523
1.0000000000001523
1.0000000000001523
1.0000000000001523
1.0000000000001523
1.0000000000001523
1.0000000000001523
1.0000000000001523
1.0000000000001523
1.0000000000001523
1.0000000000001523
1.0000000000001523
1.0000000000001523
1.0000000000001523
1.0000000000001523
1.0000000000001523
1.0000000000001523
1.0000000000001523
1.0000000000001523
1.0000000000001523
1.0000000000001523
1.0000000000001523
1.0000000000001523
1.0000000000001523
1.0000000000001523
1.0000000000001523
1.0000000000001523
1.0000000000001523
1.0000000000001523
1.0000000000001523
1.0000000000001523
1.0000000000001523
1.0000000000001523
1.0000000000001523
1.0000000000001523
1.0000000000001523
1.0000000000001523
1.0000000000001523
1.0000000000001523
1.0000000000001523
1.0000000000001523
1.0000000000001523
1.0000000000001523
1.0000000000001523
1.0000000000001523
1.0000000000001523
1.0000000000001523
1.0000000000001523
1.0000000000001523
1.0000000000001523
1.0000000000001523
1.0000000000001523
1.0000000000001523
1.0000000000001523
1.0000000000001523
1.0000000000001523
1.0000000000001523
1.0000000000001523
1.0000000000001523
1.0000000000001523
1.0000000000001523
1.0000000000001523
1.0000000000001523
1.0000000000001523
1.0000000000001523
1.0000000000001523
1.0000000000001523
1.0000000000001523
1.0000000000001523
1.0000000000001523
