0.9115025689422163
0.9113957272586625
0.9113631590004709
0.9108553852678174
0.9106742173311667
0.9105986838582949
0.9104445519537375
0.9103199396749169
0.910257793118563
0.9101087132887298
0.9102452789231718
0.9108851347660063
0.9101142194998354
0.9095105672972665
0.9093038821956646
0.908994235182178
0.9088512452320044
0.9088294993230626
0.9084626713492662
0.9084674676945216
0.9083717489047243
0.9080347945517164
0.9078751004475895
0.9093432007399739
0.9092750101258357
0.9092177147504678
0.9090644127077852
0.9101957347353135
0.9110222593540835
0.911205963688579
0.9116686819832748
0.911502816645582
0.9119679883596851
0.9121942314716571
0.9121757705219977
0.9120259756174308
0.9125831076087764
0.9125077017869604
0.9125524561836577
0.912357743691004
0.9120879120880246
0.9116526085597149
0.9116576734845427
0.9124691904189863
0.9123422159886914
0.91274653730791
0.9129518457020015
0.9127977910488281
0.9125883276628227
0.9122945430634767
0.9122414020293528
0.9126413838988918
0.9127454242926347
0.912629123625257
0.9126739828691549
0.9130609511053529
0.9130317897705915
0.914117885355594
0.9137602179837742
0.9134575853091861
0.9132912261429801
0.9132796919054503
0.9130644605307322
0.9153668601804874
0.9149489975376055
0.9147659063626613
0.9151570902916636
0.9150976909414228
0.9148799772064286
0.9147812433090986
0.9146980685002056
0.9146543645931698
0.9145812237812099
0.9146270818247526
0.9145137880985558
0.9142940575268711
0.9148811700185076
0.9145839458980721
0.9165742178830047
0.9164630082203253
0.9164750389439961
0.9166666666665714
0.9164490861616889
0.9160138595963768
0.9152968036529999
0.9151384945907464
0.9146237723298386
0.9147220714782784
0.9149267684636836
0.9149486556401085
0.9151529448770498
0.9148230088493644
0.9148683898507274
0.9160844712606422
0.9159496494582456
0.9178236096621002
0.9176755447940169
0.9189910259521991
0.9190456934898595
0.9190676594366032
0.9192058346838565
0.9237606001305955
0.9241520228851482
0.9264693827360464
0.9267432321573562
0.9271031123583594
0.9269909671004667
0.9269425325481107
0.9276108251699897
0.9294567839612281
0.9294058744994029
0.9296045481148876
0.9301233118026112
0.9306621678614021
0.9319727891158536
0.9325563458737494
0.9325495580538035
0.9327817993796684
0.9327122153211229
0.9326831794250819
0.9327404593336139
0.9327970939281376
0.9328526754689923
0.9328397212544653
0.9329379959886714
0.9329667452215032
0.9348739495798287
0.9349159074979918
0.941519434629144
0.9419274758398605
0.9419068736142772
0.941805543178106
0.9418376449597954
0.9425122932500977
0.9426192820698744
0.9424750964729619
0.9425390554855504
0.9424356898722087
0.9452468007313524
0.9455231434616278
0.945667188507265
0.951515713358539
0.9514481990345978
0.9525986750024222
0.9526787380994497
0.952754435107373
0.9530692697577186
0.9556079170593195
0.9557948427315746
0.955911633639811
0.9568147304480903
0.9569055529190207
0.9570423873789529
0.9572600648732669
0.9572861920689326
0.9581818181816317
0.9581257186660621
0.9581010955216064
0.9591993841415921
0.9594412331405517
0.9595286390420038
0.9597211463981251
0.9597712291586885
0.9602327837053345
0.9603691112189395
0.9602532878714352
0.9611783066717083
0.9613620841056786
0.9613502935422078
0.9625453475832442
0.9626287395779649
0.9627078618519183
0.9627952755907184
0.9627769571639537
0.9629556650248503
0.9631163708087934
0.9631677693296036
0.9631532154498886
0.9631386500640784
0.96322657176731
0.963252773375568
0.9637609213661745
0.9636924301202743
0.9654141333597922
0.9653415900920462
0.9652617879665888
0.9654308617234972
0.9659536004821628
0.9662277615839648
0.9662209711472312
0.96613585970578
0.9661016949150671
0.9662830607713832
0.9667710332291418
0.9683698296837379
0.9689466206618128
0.9691056910570333
0.9690711160848356
0.9691383173761686
0.9691288843605301
0.9692182244421156
0.9693138954023519
0.9695794201715344
0.9696753114152382
0.9697712418303173
0.9699632202697004
0.9700500868853236
0.9700163733117553
0.9703984431016701
0.9703923778303086
0.9703741670936299
0.9704736518350006
0.9705731569771667
0.9706546275394096
0.9710353327853047
0.9710055521282471
0.971325425476965
0.9717088280846504
0.9717887775135227
0.9717829457365504
0.971777111547706
0.9717537506465291
0.9717420556879097
0.9717127758780093
0.9717010469577837
0.9717959352964017
0.9725998962116054
0.9734513274334889
0.9735195996663604
0.9736211031176558
0.9736951983298462
0.973796847269921
0.9741019214704626
0.9740856844304837
0.9746729461016118
0.9749633354283829
0.9752620545074565
0.975770925110042
0.9765854682907695
0.9766635130874937
0.9767490794319689
0.9767123287672554
0.9767859027119802
0.9768718977715397
0.9770613107823385
0.9771646051381598
0.9771549444739273
0.9771525280306013
0.9773568934505085
0.9773544973542766
0.977330508474621
0.9775209415757115
0.9775137887142251
0.9777141037885372
0.978233170524589
0.9782308590847957
0.9783001808318479
0.9783835587265215
0.9789002557547005
0.9795134443020186
0.9796114432107841
0.9797138586376729
0.9799231097820631
0.9799209655026976
0.979916675568608
0.9800170976703162
0.9801218339209604
0.9804361770363346
0.9808474213568419
0.9810573630136717
0.9810553355454354
0.9810533076430088
0.9810512793061134
0.9810492505353392
0.9812593703147362
0.9814695801198244
0.9814656095992998
0.9828344598220113
0.982827090265251
0.9830326460481066
0.98376344086032
0.9839698762776249
0.9841765339075746
0.9841748304447296
0.9841475250728713
0.9843429435266823
0.9844442043857236
0.9846519671422361
0.9848468448964498
0.9850568489441733
0.9851635260991273
0.9851603119583371
0.9851587043655018
0.9851570964248153
0.9853706111834103
0.9853690256855895
0.9853626802557818
0.9854695293863672
0.9854679535840588
0.985466377440493
0.9855591748101521
0.9856661961126425
0.9856630824374361
0.9858772406299334
0.98630434782588
0.9864115664744247
0.9865188084364286
0.9865144100053711
0.9867232560669505
0.9867218110578504
0.9868249128918668
0.9871473695674359
0.9872465663831278
0.9874550016365047
0.987771590785158
0.9877635747843638
0.987868852459122
0.9879755137733578
0.9880822217363557
0.9882944973196249
0.9884026258203937
0.9885082631061458
0.9886164623468072
0.9887246852764631
0.9889387799802347
0.9892602739727175
0.989253207588387
0.9892520289535781
0.989357033135947
0.9893558652476154
0.9895730435738637
0.9904427111938771
0.9905515271368047
0.9905494505496097
0.9905484119134903
0.9906562603055099
0.9907651715040492
0.9907641561299726
0.9908720994169895
0.9908710954685086
0.9908700912989193
0.9910881285068288
0.9911971830986982
0.9911962143719394
0.9913053048645539
0.9916327204669707
0.9917419070688096
0.9918511177185292
0.9918493226124308
0.9920678638317316
0.9921771705599522
0.9921763085401102
0.9923925027563758
0.9926113806794794
0.9928303551732853
0.9929398786542306
0.993268594129355
0.9935975273210967
0.9937065253393484
0.9937058303886995
0.9938155715073718
0.9940351264773205
0.9942547784776752
0.9944745275720034
0.9946943738255717
0.99469378730941
0.9948037589829997
0.9949137549757806
0.9950237752957399
0.9952438889501252
0.9952433628320229
0.9953534683041587
0.9954635981410979
0.9956834532373037
0.9957936683638468
0.9959039078930666
0.9959030007752133
0.9960132890365191
0.9965650969530109
0.9966755319148798
0.9967859913555729
0.996896475282722
0.9970069837047459
0.9971175166297906
0.9972280740658844
0.9973386560211758
0.9974492625040987
0.9974489795916393
0.9975596228509672
0.9976702906590641
0.9977809830245286
0.9978916999557812
0.9981132075473432
0.9982239982238347
0.9983348134990306
0.9984456533809504
0.9987783207462296
0.9988892591358606
0.9988891357475415
0.9990001110988899
0.9991111111109142
0.9992221357927459
0.9993331851520735
0.9994442591975863
0.9995553579366846
0.9996664813785402
0.9997776295308529
0.9998888024016545
1.0000000000001048
1.0000000000001048
1.0000000000001048
1.0000000000001048
1.0000000000001048
1.0000000000001048
1.0000000000001048
1.0000000000001048
1.0000000000001048
1.0000000000001048
1.0000000000001048
1.0000000000001048
1.0000000000001048
1.0000000000001048
1.0000000000001048
1.0000000000001048
1.0000000000001048
1.0000000000001048
1.0000000000001048
1.0000000000001048
1.0000000000001048
1.0000000000001048
1.0000000000001048
1.0000000000001048
1.0000000000001048
1.0000000000001048
1.0000000000001048
1.0000000000001048
1.0000000000001048
1.0000000000001048
1.0000000000001048
1.0000000000001048
1.0000000000001048
1.0000000000001048
1.0000000000001048
1.0000000000001048
1.0000000000001048
1.0000000000001048
1.0000000000001048
1.0000000000001048
1.0000000000001048
1.0000000000001048
1.0000000000001048
1.0000000000001048
1.0000000000001048
1.0000000000001048
1.0000000000001048
1.0000000000001048
1.0000000000001048
1.0000000000001048
1.0000000000001048
1.0000000000001048
1.0000000000001048
1.0000000000001048
1.0000000000001048
1.0000000000001048
1.0000000000001048
1.0000000000001048
1.0000000000001048
1.0000000000001048
1.0000000000001048
1.0000000000001048
1.0000000000001048
1.0000000000001048
1.0000000000001048
1.0000000000001048
1.0000000000001048
1.0000000000001048
1.0000000000001048
1.0000000000001048
1.0000000000001048
1.0000000000001048
1.0000000000001048
1.0000000000001048
1.0000000000001048
1.0000000000001048
1.0000000000001048
1.0000000000001048
1.0000000000001048
1.0000000000001048
1.0000000000001048
1.0000000000001048
1.0000000000001048
1.0000000000001048
1.0000000000001048
1.0000000000001048
1.0000000000001048
1.0000000000001048
1.0000000000001048
1.0000000000001048
1.0000000000001048
1.0000000000001048
1.0000000000001048
1.0000000000001048
1.0000000000001048
1.0000000000001048
1.0000000000001048
1.0000000000001048
1.0000000000001048
1.0000000000001048
1.0000000000001048
1.0000000000001048
1.0000000000001048
1.0000000000001048
1.0000000000001048
1.0000000000001048
1.0000000000001048
1.0000000000001048
1.0000000000001048
1.0000000000001048
1.0000000000001048
1.0000000000001048
1.0000000000001048
1.0000000000001048
1.0000000000001048
1.0000000000001048
1.0000000000001048
1.0000000000001048
1.0000000000001048
1.0000000000001048
1.0000000000001048
1.0000000000001048
1.0000000000001048
1.0000000000001048
1.0000000000001048
1.0000000000001048
1.0000000000001048
1.0000000000001048
1.0000000000001048
1.0000000000001048
1.0000000000001048
1.0000000000001048
1.0000000000001048
1.0000000000001048
1.0000000000001048
1.0000000000001048
1.0000000000001048
1.0000000000001048
1.0000000000001048
1.0000000000001048
1.0000000000001048
1.0000000000001048
1.0000000000001048
1.0000000000001048
1.0000000000001048
1.0000000000001048
1.0000000000001048
1.0000000000001048
1.0000000000001048
1.0000000000001048
1.0000000000001048
1.0000000000001048
1.0000000000001048
1.0000000000001048
1.0000000000001048
1.0000000000001048
1.0000000000001048
1.0000000000001048
1.0000000000001048
1.0000000000001048
1.0000000000001048
1.0000000000001048
1.0000000000001048
1.0000000000001048
1.0000000000001048
1.0000000000001048
1.0000000000001048
1.0000000000001048
1.0000000000001048
1.0000000000001048
1.0000000000001048
1.0000000000001048
1.0000000000001048
1.0000000000001048
1.0000000000001048
1.0000000000001048
1.0000000000001048
1.0000000000001048
1.0000000000001048
1.0000000000001048
