44 111 0.5
37 111 0.5
40 111 0.5
73 111 0.5
35 111 0.5
104 111 0.5
78 111 0.5
50 111 0.5
87 72 0.5
87 67 0.5
87 18 0.5
87 66 0.5
90 87 0.5
111 90 0.5
90 32 0.5
90 60 0.5
94 90 0.5
97 94 0.5
80 94 0.5
34 80 0.5
33 34 0.5
31 34 0.5
105 34 0.5
52 34 0.5
103 23 0.5
71 103 0.5
53 47 0.5
64 53 0.5
22 53 0.5
14 22 0.5
46 53 0.5
29 69 0.5
38 69 0.5
74 69 0.5
41 69 0.5
69 79 0.5
69 106 0.5
69 27 0.5
69 82 0.5
112 82 0.5
96 82 0.5
21 96 0.5
15 96 0.5
79 36 0.5
19 36 0.5
98 36 0.5
54 98 0.5
82 65 0.5
65 17 0.5
101 69 0.5
20 101 0.5
108 20 0.5
68 62 0.5
101 62 0.5
113 108 0.5
113 88 0.5
55 69 0.5
91 63 0.5
100 55 0.5
91 55 0.5
55 110 0.5
49 107 0.5
42 107 0.5
86 42 0.5
107 69 0.5
70 69 0.5
99 69 0.5
76 69 0.5
56 69 0.5
39 56 0.5
43 39 0.5
84 56 0.5
81 58 0.5
69 83 0.5
83 24 0.5
83 25 0.5
25 95 0.5
61 76 0.5
107 93 0.5
51 93 0.5
120 50 0.5
121 78 0.5
119 104 0.5
116 35 0.5
115 73 0.5
118 40 0.5
114 37 0.5
117 44 0.5
66 123 0.5
127 18 0.5
124 67 0.5
128 72 0.5
125 52 0.5
122 105 0.5
126 31 0.5
1 128 0.5
9 124 0.5
4 127 0.5
13 123 0.5
131 133 0.5
47 131 0.5
135 133 0.5
129 135 0.5
134 129 0.5
132 134 0.5
135 80 0.5
136 135 0.5
103 135 0.5
137 136 0.5
138 71 0.5
3 138 0.5
139 134 0.5
148 132 0.5
149 139 0.5
141 139 0.5
146 135 0.5
150 135 0.5
145 135 0.5
151 135 0.5
135 142 0.5
135 140 0.5
135 144 0.5
135 143 0.5
135 147 0.5
155 135 0.5
153 135 0.5
154 135 0.5
152 135 0.5
158 170 0.5
160 170 0.5
164 170 0.5
166 170 0.5
168 170 0.5
163 170 0.5
162 170 0.5
165 170 0.5
169 170 0.5
156 170 0.5
156 53 0.5
157 57 0.5
161 57 0.5
159 57 0.5
167 57 0.5
171 57 0.5
57 156 0.5
172 14 0.5
173 23 0.5
130 133 0.5
69 130 0.5
109 56 0.5
76 58 0.5
180 81 0.5
174 81 0.5
175 81 0.5
179 43 0.5
176 43 0.5
178 43 0.5
183 76 0.5
182 56 0.5
184 109 0.5
185 109 0.5
181 185 0.5
10 185 0.5
81 186 0.5
189 81 0.5
190 81 0.5
199 95 0.5
95 193 0.5
95 200 0.5
187 25 0.5
198 25 0.5
25 188 0.5
25 191 0.5
2 25 0.5
83 177 0.5
83 92 0.5
202 92 0.5
203 92 0.5
92 201 0.5
197 92 0.5
195 92 0.5
205 92 0.5
215 54 0.5
213 54 0.5
212 54 0.5
211 54 0.5
214 54 0.5
210 54 0.5
216 36 0.5
36 217 0.5
218 217 0.5
219 217 0.5
220 217 0.5
221 217 0.5
222 217 0.5
223 217 0.5
224 217 0.5
225 217 0.5
226 217 0.5
227 217 0.5
228 217 0.5
229 217 0.5
230 217 0.5
231 217 0.5
232 217 0.5
233 217 0.5
234 217 0.5
235 217 0.5
236 217 0.5
237 217 0.5
238 217 0.5
280 220 0.5
283 220 0.5
234 261 0.5
286 234 0.5
253 236 0.5
259 236 0.5
250 230 0.5
255 230 0.5
254 226 0.5
260 226 0.5
264 235 0.5
245 235 0.5
262 221 0.5
243 221 0.5
275 238 0.5
290 238 0.5
270 227 0.5
279 227 0.5
266 231 0.5
284 231 0.5
248 224 0.5
273 224 0.5
244 218 0.5
242 218 0.5
272 233 0.5
276 233 0.5
249 229 0.5
258 229 0.5
256 219 0.5
282 219 0.5
288 219 0.5
278 223 0.5
277 223 0.5
268 222 0.5
287 222 0.5
257 237 0.5
281 237 0.5
285 232 0.5
263 232 0.5
271 225 0.5
252 225 0.5
274 228 0.5
265 228 0.5
251 241 0.5
252 251 0.5
251 246 0.5
246 247 0.5
267 290 0.5
289 283 0.5
239 255 0.5
269 255 0.5
240 253 0.5
291 110 0.5
292 110 0.5
293 110 0.5
294 110 0.5
295 110 0.5
296 110 0.5
297 110 0.5
298 110 0.5
299 110 0.5
300 110 0.5
301 110 0.5
302 110 0.5
303 110 0.5
304 110 0.5
305 110 0.5
320 88 0.5
311 88 0.5
314 88 0.5
312 88 0.5
325 88 0.5
323 88 0.5
328 88 0.5
306 88 0.5
322 88 0.5
308 88 0.5
309 88 0.5
318 88 0.5
329 88 0.5
327 88 0.5
331 330 0.5
332 330 0.5
333 330 0.5
334 330 0.5
335 330 0.5
336 330 0.5
337 330 0.5
338 330 0.5
339 330 0.5
340 330 0.5
341 330 0.5
342 330 0.5
343 330 0.5
344 330 0.5
345 330 0.5
346 330 0.5
347 330 0.5
348 330 0.5
349 330 0.5
350 330 0.5
352 353 0.5
351 353 0.5
353 354 0.5
99 354 0.5
351 330 0.5
355 352 0.5
356 352 0.5
357 352 0.5
358 352 0.5
359 352 0.5
360 352 0.5
361 352 0.5
362 352 0.5
363 352 0.5
364 352 0.5
365 352 0.5
374 51 0.5
371 51 0.5
373 51 0.5
367 51 0.5
372 63 0.5
370 63 0.5
369 68 0.5
366 68 0.5
375 17 0.5
368 17 0.5
376 51 0.5
379 63 0.5
377 17 0.5
378 68 0.5
384 68 0.5
383 68 0.5
390 68 0.5
387 17 0.5
381 17 0.5
388 17 0.5
380 51 0.5
51 385 0.5
382 63 0.5
386 63 0.5
389 63 0.5
449 297 0.5
399 297 0.5
443 304 0.5
430 304 0.5
450 430 0.5
400 302 0.5
396 302 0.5
394 299 0.5
432 299 0.5
427 432 0.5
432 409 0.5
428 291 0.5
401 291 0.5
413 428 0.5
417 448 0.5
448 293 0.5
444 293 0.5
448 441 0.5
407 441 0.5
296 416 0.5
296 436 0.5
416 433 0.5
445 433 0.5
398 303 0.5
402 303 0.5
398 423 0.5
411 423 0.5
423 435 0.5
411 406 0.5
441 447 0.5
411 440 0.5
440 439 0.5
391 440 0.5
423 438 0.5
298 392 0.5
421 298 0.5
392 412 0.5
412 434 0.5
412 397 0.5
397 414 0.5
300 446 0.5
420 300 0.5
419 446 0.5
292 403 0.5
292 426 0.5
426 395 0.5
422 395 0.5
294 405 0.5
294 418 0.5
418 437 0.5
429 305 0.5
305 393 0.5
305 442 0.5
393 442 0.5
393 410 0.5
442 410 0.5
415 301 0.5
301 404 0.5
404 408 0.5
404 425 0.5
424 295 0.5
295 431 0.5