1 2 1
2 3 1 
2 5 1 
3 4 1 
3 8 1 
5 6 1 
5 7 1 
8 9 1 
9 10 1 
9 12 1 
10 11 1 
10 15 1 
12 13 1 
12 14 1 
15 16 1 
16 17 1 
16 19 1 
17 18 1 
17 21 1 
19 20 1 
20 282 1 
21 22 1 
22 23 1 
22 25 1 
23 24 1 
23 27 1 
25 26 1 
26 229 1 
27 28 1 
27 33 1 
28 29 1 
28 31 1 
29 30 1 
29 34 1 
31 32 1 
32 33 1 
34 35 1 
35 36 1 
35 38 1 
36 37 1 
36 40 1 
38 39 1 
40 41 1 
41 42 1 
41 44 1 
42 43 1 
42 48 1 
44 45 1 
44 46 1 
45 47 1 
48 49 1 
49 50 1 
49 52 1 
50 51 1 
50 55 1 
52 53 1 
52 54 1 
55 56 1 
56 57 1 
56 59 1 
57 58 1 
57 60 1 
60 61 1 
61 62 1 
61 64 1 
62 63 1 
62 71 1 
64 65 1 
65 66 1 
66 67 1 
67 68 1 
68 69 1 
68 70 1 
71 72 1 
72 73 1 
72 75 1 
73 74 1 
73 77 1 
75 76 1 
77 78 1 
78 79 1 
78 81 1 
79 80 1 
79 85 1 
81 82 1 
82 83 1 
82 84 1 
85 86 1 
86 87 1 
86 89 1 
87 88 1 
87 96 1 
89 90 1 
90 91 1 
90 92 1 
91 93 1 
92 94 1 
93 95 1 
94 95 1 
96 97 1 
97 98 1 
97 100 1 
98 99 1 
98 104 1 
100 101 1 
101 102 1 
101 103 1 
104 105 1 
105 106 1 
105 108 1 
106 107 1 
106 111 1 
108 109 1 
108 110 1 
111 112 1 
112 113 1 
112 115 1 
113 114 1 
113 117 1 
115 116 1 
116 188 1 
117 118 1 
118 119 1 
118 121 1 
119 120 1 
119 128 1 
121 122 1 
122 123 1 
123 124 1 
124 125 1 
125 126 1 
125 127 1 
128 129 1 
129 130 1 
129 132 1 
130 131 1 
130 136 1 
132 133 1 
133 134 1 
133 135 1 
136 137 1 
136 142 1 
137 138 1 
137 140 1 
138 139 1 
138 143 1 
140 141 1 
141 142 1 
143 144 1 
144 145 1 
145 146 1 
145 147 1 
147 148 1 
148 149 1 
148 151 1 
149 150 1 
149 154 1 
151 152 1 
151 153 1 
154 155 1 
154 160 1 
155 156 1 
155 158 1 
156 157 1 
156 161 1 
158 159 1 
159 160 1 
161 162 1 
162 163 1 
162 165 1 
163 164 1 
163 170 1 
165 166 1 
166 167 1 
167 168 1 
167 169 1 
170 171 1 
171 172 1 
171 174 1 
172 173 1 
172 175 1 
175 176 1 
176 177 1 
176 179 1 
177 178 1 
177 183 1 
179 180 1 
179 181 1 
180 182 1 
183 184 1 
184 185 1 
184 187 1 
185 186 1 
185 189 1 
187 188 1 
189 190 1 
190 191 1 
190 193 1 
191 192 1 
191 194 1 
194 195 1 
195 196 1 
195 198 1 
196 197 1 
196 201 1 
198 199 1 
198 200 1 
201 202 1 
202 203 1 
202 205 1 
203 204 1 
203 213 1 
205 206 1 
206 207 1 
206 208 1 
207 209 1 
208 210 1 
209 211 1 
210 211 1 
211 212 1 
213 214 1 
214 215 1 
214 217 1 
215 216 1 
215 220 1 
217 218 1 
217 219 1 
220 221 1 
221 222 1 
222 223 1 
222 224 1 
224 225 1 
225 226 1 
225 228 1 
226 227 1 
226 230 1 
228 229 1 
230 231 1 
231 232 1 
231 234 1 
232 233 1 
232 238 1 
234 235 1 
234 236 1 
235 237 1 
238 239 1 
239 240 1 
239 242 1 
240 241 1 
240 246 1 
242 243 1 
242 244 1 
243 245 1 
246 247 1 
247 248 1 
247 250 1 
248 249 1 
248 254 1 
250 251 1 
250 252 1 
251 253 1 
254 255 1 
254 260 1 
255 256 1 
255 258 1 
256 257 1 
256 261 1 
258 259 1 
259 260 1 
261 262 1 
262 263 1 
263 264 1 
263 265 1 
265 266 1 
266 267 1 
266 269 1 
267 268 1 
267 270 1 
270 271 1 
271 272 1 
271 274 1 
272 273 1 
272 277 1 
274 275 1 
274 276 1 
277 278 1 
278 279 1 
278 281 1 
279 280 1 
279 283 1 
281 282 1 
283 284 1 
283 289 1 
284 285 1 
284 287 1 
285 286 1 
285 290 1 
287 288 1 
288 289 1 
290 291 1 
291 292 1 
292 293 1 
292 294 1 
294 295 1 
295 296 1 
295 298 1 
296 297 1 
296 302 1 
298 299 1 
299 300 1 
299 301 1 
302 303 1 
303 304 1 
303 306 1 
304 305 1 
304 314 1 
306 307 1 
307 308 1 
307 309 1 
308 310 1 
309 311 1 
310 312 1 
311 312 1 
312 313 1 
314 315 1 
315 316 1 
315 318 1 
316 317 1 
316 319 1 
319 320 1 
320 321 1 
320 323 1 
321 322 1 
321 327 1 
323 324 1 
324 325 1 
324 326 1 