6 5 1.0 
6 335 1.0 
6 361 1.0 
6 119 1.0 
6 843 1.0 
6 1000 1.0 
6 1205 1.0 
6 1281 1.0 
6 1520 1.0 
6 598 1.0 
6 608 1.0 
6 1814 1.0 
8 7 1.0 
8 1491 1.0 
9 1765 1.0 
10 9 1.0 
10 452 1.0 
10 526 1.0 
10 707 1.0 
10 1018 1.0 
10 1190 1.0 
10 1480 1.0 
10 1753 1.0 
10 1850 1.0 
12 11 1.0 
12 254 1.0 
12 816 1.0 
12 940 1.0 
12 1252 1.0 
12 1265 1.0 
12 1345 1.0 
12 1373 1.0 
12 710 1.0 
12 1827 1.0 
12 1838 1.0 
14 13 1.0 
14 1685 1.0 
14 1693 1.0 
14 1828 1.0 
15 673 1.0 
16 15 1.0 
16 359 1.0 
16 510 1.0 
16 1441 1.0 
20 19 1.0 
20 308 1.0 
20 505 1.0 
20 506 1.0 
20 604 1.0 
20 932 1.0 
20 1092 1.0 
20 1127 1.0 
20 1479 1.0 
20 1593 1.0 
20 309 1.0 
20 1696 1.0 
20 1731 1.0 
20 1732 1.0 
20 1806 1.0 
20 1860 1.0 
20 1870 1.0 
24 23 1.0 
25 1071 1.0 
26 25 1.0 
30 29 1.0 
30 1648 1.0 
34 33 1.0 
34 1020 1.0 
34 1215 1.0 
35 92 1.0 
35 915 1.0 
35 580 1.0 
35 1499 1.0 
35 1541 1.0 
40 39 1.0 
46 45 1.0 
46 353 1.0 
46 469 1.0 
46 472 1.0 
46 343 1.0 
46 1338 1.0 
46 1351 1.0 
46 1394 1.0 
46 1430 1.0 
46 1654 1.0 
46 1755 1.0 
47 743 1.0 
48 47 1.0 
49 1533 1.0 
50 49 1.0 
52 51 1.0 
52 1489 1.0 
52 1547 1.0 
52 1569 1.0 
52 1819 1.0 
54 53 1.0 
54 1118 1.0 
54 1505 1.0 
54 442 1.0 
54 1688 1.0 
58 57 1.0 
60 59 1.0 
60 1631 1.0 
60 1762 1.0 
60 1771 1.0 
61 184 1.0 
63 1471 1.0 
66 65 1.0 
66 1026 1.0 
66 1131 1.0 
66 1248 1.0 
66 1389 1.0 
66 1612 1.0 
66 1647 1.0 
66 1768 1.0 
66 1786 1.0 
67 1311 1.0 
68 67 1.0 
68 1310 1.0 
72 71 1.0 
77 76 1.0 
77 1320 1.0 
77 1396 1.0 
79 78 1.0 
79 1012 1.0 
79 1669 1.0 
81 80 1.0 
83 82 1.0 
83 1164 1.0 
85 84 1.0 
87 695 1.0 
87 1006 1.0 
87 403 1.0 
91 90 1.0 
91 1649 1.0 
91 1868 1.0 
96 95 1.0 
96 300 1.0 
96 699 1.0 
96 842 1.0 
96 1126 1.0 
96 1304 1.0 
96 546 1.0 
96 1615 1.0 
96 1820 1.0 
96 1847 1.0 
97 693 1.0 
98 97 1.0 
100 99 1.0 
102 101 1.0 
105 1744 1.0 
106 105 1.0 
106 683 1.0 
106 724 1.0 
106 912 1.0 
106 984 1.0 
106 1371 1.0 
106 1428 1.0 
106 1462 1.0 
106 1562 1.0 
106 1832 1.0 
106 1842 1.0 
111 110 1.0 
111 1316 1.0 
111 1427 1.0 
111 1542 1.0 
111 1616 1.0 
111 1646 1.0 
111 1666 1.0 
111 1846 1.0 
112 20 1.0 
114 159 1.0 
117 1245 1.0 
117 1605 1.0 
117 1810 1.0 
119 118 1.0 
122 26 1.0 
124 225 1.0 
124 437 1.0 
124 610 1.0 
124 1046 1.0 
124 1062 1.0 
124 1232 1.0 
124 1398 1.0 
124 1781 1.0 
124 1861 1.0 
126 139 1.0 
127 126 1.0 
130 129 1.0 
130 528 1.0 
130 537 1.0 
130 642 1.0 
130 1317 1.0 
130 1347 1.0 
130 1473 1.0 
130 1488 1.0 
130 1823 1.0 
132 131 1.0 
132 264 1.0 
132 336 1.0 
132 368 1.0 
132 818 1.0 
132 571 1.0 
132 957 1.0 
132 901 1.0 
132 1141 1.0 
132 1146 1.0 
132 1175 1.0 
132 1195 1.0 
132 1434 1.0 
132 218 1.0 
132 1465 1.0 
132 85 1.0 
132 1545 1.0 
132 814 1.0 
132 20 1.0 
134 1235 1.0 
137 136 1.0 
137 1083 1.0 
137 1231 1.0 
137 242 1.0 
137 1361 1.0 
137 1555 1.0 
140 139 1.0 
144 143 1.0 
144 328 1.0 
144 513 1.0 
144 615 1.0 
144 702 1.0 
144 766 1.0 
144 1529 1.0 
144 1613 1.0 
146 145 1.0 
146 1437 1.0 
146 1455 1.0 
149 148 1.0 
149 1604 1.0 
153 152 1.0 
153 1425 1.0 
153 1683 1.0 
156 155 1.0 
156 1192 1.0 
156 1536 1.0 
156 1687 1.0 
156 1720 1.0 
156 1789 1.0 
158 157 1.0 
160 1115 1.0 
162 161 1.0 
162 367 1.0 
162 48 1.0 
162 1285 1.0 
162 763 1.0 
164 163 1.0 
164 411 1.0 
164 689 1.0 
164 714 1.0 
164 1185 1.0 
164 1004 1.0 
164 1372 1.0 
164 384 1.0 
166 165 1.0 
166 482 1.0 
166 1211 1.0 
166 1590 1.0 
166 1627 1.0 
167 1019 1.0 
168 1448 1.0 
169 168 1.0 
171 170 1.0 
171 454 1.0 
171 1634 1.0 
173 172 1.0 
173 688 1.0 
175 174 1.0 
175 734 1.0 
175 1238 1.0 
175 456 1.0 
175 137 1.0 
175 1708 1.0 
177 176 1.0 
177 1358 1.0 
177 1849 1.0 
179 178 1.0 
179 1013 1.0 
179 1060 1.0 
179 1153 1.0 
179 1206 1.0 
179 1366 1.0 
179 1476 1.0 
179 1495 1.0 
179 1561 1.0 
179 850 1.0 
179 1865 1.0 
185 1618 1.0 
186 207 1.0 
187 186 1.0 
188 772 1.0 
189 188 1.0 
189 248 1.0 
191 190 1.0 
191 739 1.0 
191 1446 1.0 
193 890 1.0 
193 1617 1.0 
195 667 1.0 
196 195 1.0 
196 596 1.0 
196 776 1.0 
196 535 1.0 
196 924 1.0 
196 1139 1.0 
196 14 1.0 
196 326 1.0 
196 1239 1.0 
196 861 1.0 
196 1456 1.0 
196 1633 1.0 
198 197 1.0 
198 1475 1.0 
198 1504 1.0 
198 1040 1.0 
198 1773 1.0 
199 740 1.0 
200 199 1.0 
202 201 1.0 
207 206 1.0 
207 459 1.0 
207 716 1.0 
207 760 1.0 
207 909 1.0 
207 1029 1.0 
207 1088 1.0 
207 1191 1.0 
207 1207 1.0 
207 1352 1.0 
207 1357 1.0 
207 1378 1.0 
207 1383 1.0 
207 966 1.0 
216 215 1.0 
216 149 1.0 
216 493 1.0 
216 522 1.0 
216 572 1.0 
216 611 1.0 
216 744 1.0 
216 785 1.0 
216 786 1.0 
216 639 1.0 
216 858 1.0 
216 864 1.0 
216 876 1.0 
216 883 1.0 
216 895 1.0 
216 928 1.0 
216 964 1.0 
216 978 1.0 
216 985 1.0 
216 990 1.0 
216 1061 1.0 
216 1087 1.0 
216 824 1.0 
216 1197 1.0 
216 1199 1.0 
216 468 1.0 
216 1276 1.0 
216 1287 1.0 
216 1303 1.0 
216 1380 1.0 
216 1387 1.0 
216 1477 1.0 
216 1493 1.0 
216 1496 1.0 
216 1503 1.0 
216 1535 1.0 
216 448 1.0 
216 1568 1.0 
216 1570 1.0 
216 1637 1.0 
216 1692 1.0 
216 1697 1.0 
216 1400 1.0 
216 1836 1.0 
218 217 1.0 
218 979 1.0 
218 1558 1.0 
218 1651 1.0 
220 219 1.0 
222 221 1.0 
224 223 1.0 
224 1804 1.0 
229 228 1.0 
229 12 1.0 
229 662 1.0 
236 235 1.0 
239 238 1.0 
239 721 1.0 
239 961 1.0 
239 1111 1.0 
239 224 1.0 
239 1383 1.0 
239 1516 1.0 
239 1560 1.0 
239 1591 1.0 
242 1595 1.0 
244 243 1.0 
247 977 1.0 
248 247 1.0 
248 1043 1.0 
248 503 1.0 
248 1402 1.0 
248 1672 1.0 
248 1747 1.0 
248 1831 1.0 
252 251 1.0 
255 1189 1.0 
255 1490 1.0 
255 891 1.0 
255 1749 1.0 
256 255 1.0 
256 617 1.0 
256 1007 1.0 
256 16 1.0 
256 164 1.0 
256 193 1.0 
256 597 1.0 
256 446 1.0 
256 622 1.0 
256 1596 1.0 
256 664 1.0 
258 257 1.0 
258 696 1.0 
258 907 1.0 
258 986 1.0 
258 987 1.0 
258 1027 1.0 
258 479 1.0 
258 982 1.0 
258 1422 1.0 
258 1515 1.0 
258 1549 1.0 
259 375 1.0 
264 1220 1.0 
264 1270 1.0 
264 46 1.0 
264 403 1.0 
265 560 1.0 
266 265 1.0 
276 8 1.0 
277 8 1.0 
279 278 1.0 
279 761 1.0 
279 798 1.0 
279 862 1.0 
279 1354 1.0 
279 1388 1.0 
279 1433 1.0 
279 732 1.0 
279 1741 1.0 
279 388 1.0 
286 285 1.0 
288 287 1.0 
288 941 1.0 
288 1138 1.0 
288 1247 1.0 
288 804 1.0 
288 1404 1.0 
288 1659 1.0 
302 301 1.0 
307 306 1.0 
309 308 1.0 
309 1696 1.0 
310 308 1.0 
312 311 1.0 
312 1208 1.0 
312 1468 1.0 
312 1564 1.0 
314 313 1.0 
314 1030 1.0 
315 1066 1.0 
315 1326 1.0 
315 1815 1.0 
318 317 1.0 
320 319 1.0 
321 1478 1.0 
326 325 1.0 
326 583 1.0 
326 720 1.0 
326 908 1.0 
326 1624 1.0 
326 1711 1.0 
326 1744 1.0 
326 1064 1.0 
327 325 1.0 
328 1857 1.0 
332 331 1.0 
334 333 1.0 
338 337 1.0 
342 341 1.0 
342 1102 1.0 
342 1655 1.0 
342 1807 1.0 
343 68 1.0 
348 1559 1.0 
348 1283 1.0 
351 962 1.0 
357 711 1.0 
357 1519 1.0 
359 358 1.0 
359 423 1.0 
359 430 1.0 
359 831 1.0 
359 1070 1.0 
359 50 1.0 
359 1286 1.0 
359 395 1.0 
363 362 1.0 
363 933 1.0 
363 158 1.0 
365 364 1.0 
365 574 1.0 
367 366 1.0 
367 938 1.0 
367 1023 1.0 
367 1024 1.0 
367 1122 1.0 
367 1346 1.0 
367 1438 1.0 
367 888 1.0 
367 1694 1.0 
367 1769 1.0 
367 1859 1.0 
370 369 1.0 
372 371 1.0 
377 376 1.0 
377 759 1.0 
377 1212 1.0 
377 1673 1.0 
380 379 1.0 
380 1142 1.0 
380 1551 1.0 
380 220 1.0 
382 1223 1.0 
384 383 1.0 
384 853 1.0 
384 1594 1.0 
384 1840 1.0 
388 387 1.0 
388 1076 1.0 
388 1157 1.0 
388 1315 1.0 
388 1648 1.0 
390 389 1.0 
392 391 1.0 
395 394 1.0 
396 327 1.0 
399 398 1.0 
401 400 1.0 
401 363 1.0 
403 402 1.0 
403 1750 1.0 
403 1813 1.0 
405 404 1.0 
405 821 1.0 
405 865 1.0 
405 1147 1.0 
405 1294 1.0 
407 737 1.0 
409 408 1.0 
413 412 1.0 
413 1526 1.0 
415 414 1.0 
417 416 1.0 
419 418 1.0 
419 1710 1.0 
420 256 1.0 
423 562 1.0 
425 424 1.0 
425 582 1.0 
425 1216 1.0 
427 426 1.0 
427 1251 1.0 
427 656 1.0 
427 1576 1.0 
436 435 1.0 
436 1344 1.0 
436 187 1.0 
438 1136 1.0 
442 441 1.0 
446 445 1.0 
448 447 1.0 
449 541 1.0 
450 449 1.0 
453 1816 1.0 
454 453 1.0 
454 822 1.0 
454 1200 1.0 
454 1267 1.0 
454 1300 1.0 
454 770 1.0 
454 1739 1.0 
454 1801 1.0 
461 318 1.0 
461 511 1.0 
461 518 1.0 
461 780 1.0 
461 1198 1.0 
461 1676 1.0 
461 492 1.0 
461 79 1.0 
461 1733 1.0 
461 20 1.0 
461 1740 1.0 
461 1751 1.0 
461 1864 1.0 
461 332 1.0 
463 462 1.0 
463 835 1.0 
463 880 1.0 
463 956 1.0 
463 1188 1.0 
468 467 1.0 
479 478 1.0 
480 764 1.0 
481 480 1.0 
484 715 1.0 
484 1572 1.0 
486 485 1.0 
486 1645 1.0 
486 1703 1.0 
492 491 1.0 
494 675 1.0 
495 494 1.0 
496 494 1.0 
501 504 1.0 
501 512 1.0 
501 1053 1.0 
501 1309 1.0 
501 1699 1.0 
503 502 1.0 
503 1737 1.0 
510 1032 1.0 
510 1054 1.0 
510 1161 1.0 
515 514 1.0 
515 1363 1.0 
515 1606 1.0 
515 1853 1.0 
516 1429 1.0 
518 795 1.0 
519 132 1.0 
530 529 1.0 
533 532 1.0 
533 1794 1.0 
535 534 1.0 
535 1561 1.0 
536 1140 1.0 
541 495 1.0 
543 542 1.0 
543 399 1.0 
543 1319 1.0 
543 486 1.0 
546 545 1.0 
546 1255 1.0 
551 550 1.0 
551 1597 1.0 
551 1715 1.0 
551 1745 1.0 
552 102 1.0 
554 553 1.0 
556 636 1.0 
556 793 1.0 
556 1196 1.0 
556 1343 1.0 
560 302 1.0 
571 570 1.0 
574 573 1.0 
578 577 1.0 
579 372 1.0 
580 372 1.0 
580 258 1.0 
580 198 1.0 
594 593 1.0 
594 1464 1.0 
597 596 1.0 
597 939 1.0 
597 1180 1.0 
597 1355 1.0 
597 1356 1.0 
597 948 1.0 
598 146 1.0 
602 601 1.0 
602 1788 1.0 
603 949 1.0 
603 196 1.0 
603 1405 1.0 
603 1458 1.0 
603 77 1.0 
603 1512 1.0 
603 1678 1.0 
603 1706 1.0 
603 1735 1.0 
608 607 1.0 
615 1145 1.0 
617 171 1.0 
621 1174 1.0 
622 621 1.0 
624 1845 1.0 
630 629 1.0 
635 40 1.0 
635 111 1.0 
638 781 1.0 
638 1463 1.0 
638 1554 1.0 
638 1619 1.0 
639 638 1.0 
642 662 1.0 
643 1049 1.0 
645 644 1.0 
647 1109 1.0 
648 647 1.0 
648 1150 1.0 
648 1725 1.0 
648 425 1.0 
648 1851 1.0 
650 1423 1.0 
653 1621 1.0 
656 655 1.0 
659 1382 1.0 
674 162 1.0 
675 674 1.0 
677 676 1.0 
680 784 1.0 
682 681 1.0 
685 684 1.0 
685 1107 1.0 
685 312 1.0 
685 1674 1.0 
691 690 1.0 
691 1295 1.0 
691 1484 1.0 
693 692 1.0 
698 697 1.0 
699 58 1.0 
710 709 1.0 
710 1329 1.0 
710 1626 1.0 
710 1790 1.0 
716 1009 1.0 
718 717 1.0 
718 1581 1.0 
723 722 1.0 
724 847 1.0 
724 1377 1.0 
727 726 1.0 
732 731 1.0 
737 1119 1.0 
739 738 1.0 
740 1563 1.0 
746 745 1.0 
753 752 1.0 
763 762 1.0 
770 769 1.0 
774 773 1.0 
776 775 1.0 
776 1279 1.0 
789 1855 1.0 
793 792 1.0 
793 1392 1.0 
793 1524 1.0 
793 1537 1.0 
795 943 1.0 
800 799 1.0 
800 857 1.0 
800 1401 1.0 
800 1797 1.0 
802 801 1.0 
804 803 1.0 
804 52 1.0 
807 806 1.0 
808 338 1.0 
811 810 1.0 
812 496 1.0 
814 813 1.0 
818 817 1.0 
826 825 1.0 
826 983 1.0 
826 1123 1.0 
826 1163 1.0 
826 630 1.0 
826 1368 1.0 
826 1485 1.0 
826 1264 1.0 
826 1603 1.0 
826 1630 1.0 
826 1657 1.0 
826 1709 1.0 
826 1723 1.0 
832 1172 1.0 
834 954 1.0 
835 923 1.0 
837 836 1.0 
837 1787 1.0 
850 849 1.0 
850 1135 1.0 
850 1453 1.0 
854 1125 1.0 
856 463 1.0 
858 1112 1.0 
861 860 1.0 
861 996 1.0 
861 1160 1.0 
861 1756 1.0 
876 1288 1.0 
879 413 1.0 
880 879 1.0 
888 887 1.0 
891 320 1.0 
894 1217 1.0 
901 390 1.0 
905 409 1.0 
911 910 1.0 
921 1086 1.0 
926 925 1.0 
931 930 1.0 
932 1696 1.0 
939 594 1.0 
941 993 1.0 
941 802 1.0 
946 1472 1.0 
948 727 1.0 
948 1803 1.0 
951 950 1.0 
953 952 1.0 
962 1099 1.0 
962 1727 1.0 
966 965 1.0 
973 972 1.0 
975 81 1.0 
982 981 1.0 
982 1691 1.0 
992 991 1.0 
992 1752 1.0 
999 998 1.0 
1000 1366 1.0 
1003 953 1.0 
1004 652 1.0 
1017 1016 1.0 
1022 1021 1.0 
1032 1705 1.0 
1034 1033 1.0 
1034 1337 1.0 
1038 856 1.0 
1040 30 1.0 
1040 1629 1.0 
1044 1253 1.0 
1044 1738 1.0 
1049 1224 1.0 
1053 1717 1.0 
1059 1089 1.0 
1064 1063 1.0 
1082 1081 1.0 
1084 1218 1.0 
1106 1105 1.0 
1120 175 1.0 
1125 1124 1.0 
1137 1374 1.0 
1164 905 1.0 
1165 973 1.0 
1165 698 1.0 
1165 1839 1.0 
1166 1165 1.0 
1175 1269 1.0 
1187 1257 1.0 
1188 1187 1.0 
1211 1299 1.0 
1212 1407 1.0 
1218 1217 1.0 
1220 1219 1.0 
1223 1571 1.0 
1236 66 1.0 
1237 266 1.0 
1251 60 1.0 
1251 811 1.0 
1251 415 1.0 
1264 1263 1.0 
1283 1282 1.0 
1283 1746 1.0 
1303 1702 1.0 
1308 191 1.0 
1314 1313 1.0 
1314 1713 1.0 
1314 1724 1.0 
1314 1767 1.0 
1319 1318 1.0 
1319 1835 1.0 
1332 1331 1.0 
1335 1494 1.0 
1339 1338 1.0 
1355 1384 1.0 
1356 543 1.0 
1382 807 1.0 
1389 1650 1.0 
1400 1399 1.0 
1406 1523 1.0 
1425 1424 1.0 
1441 1440 1.0 
1460 1802 1.0 
1518 1661 1.0 
1519 1518 1.0 
1551 1779 1.0 
1562 1106 1.0 
1571 1237 1.0 
1573 1572 1.0 
1583 1582 1.0 
1599 1712 1.0 
1609 1608 1.0 
1615 1614 1.0 
1616 1812 1.0 
1638 1637 1.0 
1699 1698 1.0 
1749 1748 1.0 
1792 1856 1.0 
