0.11783783783783805
0.11879049676025949
0.1197411003236243
0.11961206896551703
0.11948331539289585
0.1193548387096771
0.12459720730397436
0.12446351931330442
0.1264737406216503
0.1263383297644537
0.13262032085561484
0.13354700854700838
0.1355389541088581
0.1353944562899786
0.13525026624068132
0.13510638297872357
0.1370882040382573
0.13694267515923567
0.13679745493107137
0.1366525423728811
0.1460317460317464
0.14587737843551807
0.14572333685322064
0.14662447257383948
0.14646996838777643
0.14631578947368437
0.14616193480546744
0.14600840336134435
0.14585519412381948
0.14779874213836477
0.1486910994764395
0.14958158995815896
0.15047021943573646
0.15135699373695205
0.15224191866527617
0.15312499999999976
0.15296566077003113
0.15384615384615385
0.15472481827622012
0.15456431535269688
0.15544041450777216
0.15527950310559022
0.15511892450879025
0.15599173553718967
0.1558307533539726
0.15463917525773174
0.15962924819773477
0.1594650205761313
0.1603288797533404
0.1591375770020531
0.16205128205128244
0.1629098360655734
0.16376663254861856
0.16462167689161597
0.1685393258426971
0.16938775510204118
0.16921508664627893
0.1700610997963337
0.17090539165818877
0.1717479674796747
0.17258883248730902
0.172413793103449
0.1722391084093214
0.17307692307692332
0.17391304347826067
0.17373737373737444
0.17356205852674092
0.17439516129032245
0.17421953675730123
0.1750503018108659
0.1748743718592963
0.1757028112449804
0.17652958876629915
0.1763527054108218
0.17717717717717768
0.17700000000000013
0.1768231768231762
0.17864271457085806
0.17846460618145538
0.18127490039840624
0.18308457711442802
0.18290258449304236
0.18272095332671348
0.18452380952380898
0.18434093161546
0.18514851485148529
0.18496538081107772
0.1837944664031614
0.18460019743336542
0.18540433925049368
0.1862068965517246
0.18700787401574773
0.18879056047197693
0.1886051080550092
0.188420019627085
0.18921568627450924
0.19196865817825703
0.1917808219178082
0.19257086999022469
0.193359375
0.19512195121951234
0.1949317738791423
0.19474196689386494
0.1945525291828788
0.19533527696793068
0.19514563106796054
0.19980601357904892
0.19961240310077552
0.20038722168441508
0.20019342359767808
0.2000000000000006
0.20366795366795334
0.20540019286403174
0.2061657032755303
0.20596727622714106
0.20576923076923015
0.20557156580211303
0.20537428023032608
0.20613614573346012
0.20881226053639884
0.20956937799043124
0.21032504780114675
0.21107927411652366
0.2108778625954189
0.21163012392754904
0.21238095238095278
0.21313035204567046
0.21387832699619816
0.21462488129154694
0.21537001897533162
0.2218009478672994
0.22348484848484831
0.2336802270577107
0.23440453686200455
0.23512747875354154
0.23490566037735847
0.2346842601319522
0.23540489642184653
0.23518344308560804
0.23684210526315916
0.23755868544601
0.2373358348968102
0.23805060918462823
0.2378277153558057
0.24134705332085904
0.24299065420560864
0.24369747899159588
0.24347014925373017
0.24231127679403403
0.24208566108007426
0.24279069767441921
0.24349442379182223
0.243268337975858
0.24397031539888556
0.24374420759962898
0.24444444444444297
0.24514338575393108
0.24676524953789414
0.2465373961218828
0.248154981549814
0.24792626728110495
0.2476979742173107
0.25022999080036895
0.25091911764705804
0.25436179981634427
0.2550458715596329
0.25939505041246436
0.2600732600732593
0.2598353156450126
0.2605118829981723
0.26118721461187294
0.26186131386861455
0.2634457611668194
0.2641165755919849
0.2647861692447688
0.26636363636363763
0.2661217075386033
0.2695099818511807
0.2692656391659103
0.27445652173913127
0.2742081447963793
0.27396021699819173
0.2737127371273691
0.2743682310469334
0.27502254283137884
0.2756756756756744
0.27722772277227725
0.2778776978417254
0.2794249775381841
0.2818671454219021
0.28251121076233193
0.28315412186379946
0.28379588182632065
0.2835420393559942
0.2832886505808763
0.28303571428571345
0.2827832292595902
0.2834224598930478
0.2858414959928754
0.2864768683274025
0.28799999999999876
0.28774422735346405
0.2892635314995548
0.2898936170212744
0.2896368467670485
0.2902654867256642
0.29089301503094533
0.2906360424028284
0.29126213592232847
0.29188712522045723
0.29251101321585987
0.2922535211267615
0.2928759894459125
0.29349736379613195
0.2941176470588226
0.2947368421052639
0.309377738825589
0.30910683012259016
0.3140857392825905
0.31468531468531713
0.31528384279476257
0.31500872600348895
0.31560592850915514
0.3162020905923334
0.3159268929503924
0.316521739130435
0.31624674196351243
0.3159722222222233
0.31656548135299095
0.3180242634315413
0.3186147186147183
0.31920415224913784
0.3189282627484895
0.3195164075993095
0.3192407247627286
0.3206896551724121
0.32127476313522957
0.32185886402753583
0.3215821152192589
0.327319587628865
0.32703862660944394
0.3267581475128641
0.32819194515852396
0.32962328767123145
0.32934131736526784
0.32905982905982806
0.32963279248505417
0.3302047781569995
0.3350383631713544
0.33475298126064756
0.33446808510638076
0.3350340136054397
0.33559898045879166
0.33616298811545153
0.3375742154368123
0.3406779661016916
0.3446232006773944
0.3443316412859558
0.3516483516483488
0.3513513513513497
0.35189873417721695
0.35160202360876897
0.3521482729570346
0.35185185185185397
0.3557611438183348
0.3554621848739485
0.35600335852225196
0.35654362416107716
0.35708298407376293
0.3576214405360151
0.3581589958159032
0.35785953177257507
0.35756056808688386
0.3580968280467433
0.35863219349457615
0.35833333333333484
0.35886761032473097
0.3602329450915139
0.3607647547797192
0.3654485049833867
0.3659751037344387
0.3665008291873951
0.3661971830985898
0.3658940397350969
0.36641852770885214
0.36694214876032777
0.368290668868706
0.3679867986798668
0.37180544105523494
0.372322899505766
0.37283950617284123
0.37253289473684464
0.37304847986853085
0.3735632183908042
0.3732567678424901
0.37377049180327576
0.373464373464376
0.3731587561374788
0.3728536385936193
0.372549019607842
0.37306122448979867
0.3727569331158261
0.37408312958435336
0.3737785016286646
0.3742880390561412
0.373983739837397
0.37367993501218283
0.3750000000000017
0.37631792376317713
0.376823338735821
0.3773279352226717
0.3770226537216844
0.3775262732417162
0.3772213247172831
0.37853107344632997
0.37983870967741584
0.3795326349717983
0.3800322061191639
0.38133547868061196
0.38102893890675027
0.3823293172690726
0.38362760834670717
0.38412189254209655
0.38381410256410137
0.3843074459567641
0.3848000000000028
0.3892885691446887
0.3897763578274742
0.390263367917001
0.38995215311005066
0.38964143426295056
0.3909235668789857
0.3922036595067636
0.39348171701112955
0.39475774424146426
0.395238095238094
0.39492466296589884
0.3954041204437371
0.3966745843230391
0.3971518987341789
0.39762845849802186
0.39810426540284827
0.4001578531965228
0.39984227129337335
0.39952718676122984
0.4000000000000023
0.40047206923682394
0.40094339622642033
0.4014139827179934
0.4010989010989033
0.40156862745098293
0.40360501567397744
0.40328895849647584
0.4029733959311461
0.40265832681782504
0.4023437500000036
0.4020296643247467
0.4032761310452397
0.4037412314887016
0.40809968847351463
0.4077821011673139
0.40902021772939057
0.4094794094794071
0.40993788819875343
0.4096198603568637
0.4100775193798423
0.4105344694035584
0.4179566563467523
0.41918020108275533
0.41885625965996703
0.41930501930501496
0.4189814814814832
0.4209714726291412
0.4206471494607115
0.4203233256351064
0.42153846153845675
0.42198308993082106
0.4247311827957005
0.4251726784343876
0.4248466257668692
0.425287356321837
0.4257274119448715
0.42769701606732463
0.428899082568803
0.4293353705118362
0.42900763358778304
0.4294431731502657
0.4298780487804816
0.4303122619954342
0.4315068493150751
0.43193916349809675
0.4331306990881493
0.4328018223234588
0.43247344461304965
0.43290371493556373
0.4348484848484804
0.4360333080999282
0.43570347957640193
0.43537414965985893
0.4380664652568014
0.43773584905659946
0.4389140271493199
0.43933685003768247
0.442771084337353
0.44394281414597
0.44436090225563635
0.44477836213373134
0.4444444444444487
0.44561140285070977
0.44602698650674355
0.4464419475655485
0.4476047904191587
0.44801795063574673
0.4499252615844517
0.450336071695298
0.45074626865671186
0.45264727815062744
0.4538002980625914
0.453462397617278
0.4553571428571414
0.4565055762081844
0.45616641901931504
0.4565701559020102
0.45845697329376733
0.4588584136397362
0.46000000000000557
0.4603997039230271
0.4622781065088697
0.46193643754619046
0.46233382570162285
0.46199261992619495
0.4623893805309698
0.4620486366986001
0.46170839469808395
0.46210448859455266
0.4632352941176456
0.46509919177075487
0.4662261380323085
0.46661775495231317
0.4670087976539586
0.4673992673992659
0.4685212298682349
0.4689100219458647
0.46856725146199274
0.4682249817384883
0.46788321167883684
0.4697301239970854
0.4693877551020473
0.471230881281861
0.47161572052402284
0.4727272727272757
0.47311046511627985
0.47349310094408575
0.47242380261247796
0.4764321972443847
0.47681159420290076
0.47791455467052407
0.4775687409551431
0.4779464931308818
0.4790462427745614
0.4787003610108352
0.4826839826839887
0.4837779379956741
0.4841498559077871
0.48452123830094207
0.4848920863309391
0.48454349388929246
0.4870689655172357
0.487437185929642
0.48780487804878736
0.48745519713261404
0.48710601719197616
0.48747315676449166
0.4878397711015674
0.48749106504645573
0.4878571428571468
0.4882226980727986
0.48787446504993115
0.48823948681397494
0.4886039886039921
0.48967971530248433
0.4907539118065359
0.49253731343283047
0.49289772727273334
0.49396735273242687
0.4936170212765964
0.49539333805810837
0.49504249291784375
0.4953998584571883
0.4957567185290032
0.4961130742049508
0.4964689265536659
0.4982357092448836
0.49929478138222777
0.4996476391825319
0.5007042253521121
0.5017593244194188
0.5014064697608908
0.5017568517217101
0.5021067415730371
0.5017543859649192
0.5049088359046358
0.5059565522074317
0.5063025210084018
0.5066480055983176
0.5069930069930003
0.5080363382250142
0.5083798882681603
0.5087229588276385
0.5090655509065467
0.5108013937282274
0.5111420612813317
0.5114822546972921
0.5125173852572991
0.5128561501042344
0.5152777777777762
0.5156141568355368
0.5159500693481275
0.5169785169785228
0.5180055401662021
0.5183391003460263
0.5186721991701229
0.5203870076019409
0.5207182320441963
0.5210489993098675
0.520689655172422
0.5210199862164077
0.5206611570247871
0.5223675154852023
0.5226960110041194
0.5243986254295516
0.5247252747252731
0.5250514756348695
0.5253772290809258
0.5257025359835455
0.5273972602739818
0.5284052019164911
0.5287277701778451
0.529049897470945
0.5286885245901555
0.5290102389078544
0.5313778990450265
0.5316973415133003
0.5333787465940024
0.5336963921034678
0.5340136054421736
0.5343303874914964
0.5346467391304374
0.5349626612355723
0.5345997286295799
0.5349152542372821
0.5379403794037847
0.5389302640487559
0.5405953991880893
0.540906017579437
0.540540540540539
0.5408507765023589
0.5411605937921737
0.541469993256912
0.5417789757412382
0.5427609427609427
0.5423956931359385
0.5427034297242853
0.5423387096774224
0.5419744795164585
0.5422818791946237
0.5425888665325284
0.5422252010723828
0.5425318151373035
0.5421686746987999
0.5444816053511785
0.5447860962566827
0.5450901803607189
0.5460614152202983
0.5476984656437597
0.5479999999999975
0.5476349100599581
0.5479360852197054
0.5495675316034659
0.5505319148936113
0.5534883720930167
0.5537848605577685
0.5540809555408098
0.554376657824933
0.55467196819086
0.5543046357616005
0.5545996029119707
0.5542328042328011
0.5545274289491133
0.5548216644649981
0.555115511551158
0.5554089709762462
0.5550428477257717
0.556653491436096
0.5569453587886746
0.5572368421052518
0.5581854043392505
0.5604467805518963
0.5620485883125407
0.5623359580052508
0.562622950819678
0.5635648754914887
0.563850687622785
0.5680628272251396
0.5683453237410029
0.5686274509803904
0.5689092096668856
0.5685378590078278
0.5701239399869595
0.5704041720990886
0.5713355048859926
0.5716145833333349
0.5718932986336965
0.5721716514954476
0.5724496426250751
0.5720779220779146
0.5723556132381615
0.5732814526588828
0.5735580038885234
0.5738341968911935
0.5741100323624548
0.5737386804657235
0.5753070458952794
0.5749354005167981
0.5752098127824307
0.5748387096774239
0.5744680851063863
0.5740979381443281
0.5737282678686487
0.5740025740025747
0.5749196141479072
0.5745501285346953
0.574823378291591
0.574454428754807
0.5747273893521541
0.5769230769230751
0.5765534913516948
0.5761843790012785
0.5783749200255992
0.5805626598465404
0.5808306709265222
0.5810983397190337
0.5813656668793991
0.5816326530612268
0.5818992989165028
0.5828025477707006
0.5830681094844142
0.5833333333333279
0.5855054036872241
0.585133418043211
0.5853968253968349
0.5856598984771635
0.5871908687381124
0.5880861850443717
0.5883470550981666
0.5886075949367118
0.5901328273244683
0.5897597977244039
0.5893872394188119
0.5915404040404121
0.5917981072555227
0.5920554854981164
0.592942659105234
0.5931989924433263
0.5947136563876758
0.5949685534591195
0.5952231301068449
0.5954773869346655
0.595103578154431
0.5947302383939664
0.5949843260187997
0.5952380952380848
0.5954915466499712
0.5963704630788607
0.596622889305824
0.59812499999999
0.5983760149906344
0.5980024968789027
0.5976294447910145
0.5978802992518624
0.5981308411214961
0.5983810709838129
0.599875544492845
0.6007462686567244
0.600372902423852
0.6031055900621209
0.6033519553072713
0.6029776674937949
0.6032238065716057
0.6034696406443727
0.6037151702786373
0.6051980198019712
0.6066790352504717
0.6063040791100252
0.6059295861643057
0.607407407407411
0.6076495990129482
0.608508014796547
0.6087492298213204
0.6089901477832613
0.6086153846153852
0.6088560885608796
0.6097111247695113
0.6093366093366092
0.6095764272559838
0.6098159509202424
0.6100551808706215
0.6102941176470569
0.6099203919167284
0.6113831089351246
0.6128440366972383
0.61369193154034
0.6139279169212025
0.6141636141636122
0.6150091519218952
0.6158536585365858
0.6160877513711259
0.6169305724726011
0.6171637248934905
0.6173965936739819
0.6182370820668776
0.6184690157958729
0.6193078324225925
0.619538834951462
0.6197695573074571
0.6200000000000034
0.6202301635372556
0.6204600484261448
0.6200846944948618
0.6203143893591145
0.6199395770392694
0.6201690821256064
0.6222088111044122
0.62243667068757
0.6232670283303064
0.6234939759036131
0.6237206502107147
0.6251504211793055
0.6253758268190069
0.6268028846153999
0.6270270270270244
0.6272509003601555
0.6274745050989847
0.6282973621103084
0.6291192330736828
0.6299401197604868
0.6301615798922792
0.6297846889952243
0.6294082486551181
0.629629629629644
0.6298507462686487
0.6294749403341214
0.6290995825879554
0.6287246722288554
0.6289458010720721
0.6291666666666647
0.6293872694824494
0.6296076099881214
0.6298276886512054
0.630047505938232
0.6296735905044525
0.629893238434174
0.6301126259632464
0.6309241706161255
0.631142687981048
0.6313609467455512
0.6327616794795938
0.6329787234042507
0.6331955109273494
0.6328217237308189
0.6348082595870087
0.6344339622641394
0.6352386564525512
0.6354534746760934
0.6356680400235449
0.6364705882353062
0.636096413874181
0.6357226792009393
0.6359365825014709
0.6361502347417727
0.6357771260997191
0.6359906213364656
0.6356180433509041
0.6358313817330088
0.6372147454651901
0.6380116959064367
0.6388077147866819
0.6384345794392393
0.6386456509048385
0.6388564760793398
0.6390670553935707
0.6392773892773957
0.6394874781595857
0.6426076833527377
0.6428155904595642
0.6441860465116246
0.6443927948866989
0.6445993031358839
0.6459663377829374
0.646171693735504
0.6469565217391213
0.646581691772878
0.6462072958888117
0.6464120370370462
0.6483516483516609
0.6485549132948165
0.6481802426343135
0.648960739030021
0.6497403346797376
0.6493656286043873
0.6501440922190291
0.649769585253447
0.6511226252159077
0.651323360184101
0.6532489936745419
0.6534482758620584
0.6547960941987522
0.6561423650975942
0.6563396442914439
0.6559633027522831
0.6561604584527069
0.6575028636884286
0.6571265025758434
0.6567505720823976
0.6580903373356293
0.6588571428571344
0.6601941747572873
0.6603881278538939
0.660581859669131
0.6607753705815133
0.6609686609686627
0.6611617312072929
0.6607854297097407
0.660978384527876
0.6611711199545331
0.6625000000000052
0.6632595116411134
0.6645856980703877
0.664208735110598
0.6643990929705104
0.6640226628895156
0.6642129105322696
0.6655348047538255
0.6657239819004503
0.6659129451667423
0.6661016949152505
0.6662902315076102
0.667042889390528
0.6666666666666572
0.6668545659526579
0.670422535211252
0.6706081081081227
0.6707934721440503
0.6721034870641063
0.6722878021360222
0.67191011235955
0.6732172936552306
0.6739618406285216
0.6758272574313111
0.6760089686098637
0.6767507002801099
0.6769316909294512
0.6771124790150992
0.6772930648769653
0.6774734488540987
0.6782122905028138
0.6783919597990036
0.6785714285714187
0.6787506971556014
0.6789297658862924
0.6785515320334399
0.6787305122494337
0.6783528102392802
0.6779755283648495
0.6781545302946059
0.6783333333333157
0.6779566907273732
0.6781354051054455
0.6783139212423733
0.6796008869179732
0.6808864265927765
0.6810631229235792
0.6812396236856496
0.6830752212389468
0.6832504145936953
0.6834254143646503
0.6836002208724536
0.6837748344370709
0.6839492553778268
0.6841234840132457
0.684297520661146
0.6855726872246524
0.6851953769950382
0.6848184818481731
0.6849917537108392
0.686263736263734
0.686436024162538
0.6866081229418317
0.6867800329127779
0.6869517543859749
0.6871232876712224
0.6883899233296938
0.6885604816639352
0.688183807439817
0.6883542919628322
0.6896174863387903
0.6897870016384564
0.6905021834061007
0.6912165848336269
0.6924754634678234
0.6920980926430595
0.6928104575163438
0.6935220468154534
0.6936887921653844
0.6938553561718311
0.6940217391304337
0.694187941336219
0.694353963083605
0.6945198046662929
0.6941431670281899
0.6943089430894505
0.6950162513542635
0.6951813752030346
0.6958874458874436
0.6971335857220277
0.6989189189189126
0.6990815775256606
0.6987041036717075
0.6999460334592682
0.7001078748651689
0.7002695417789776
0.7004310344827704
0.7005923532579323
0.7012917115177647
0.7014523937600896
0.7010752688171943
0.7006985491671273
0.7003222341568258
0.7004830917874425
0.7033261802575195
0.7045576407506537
0.7052518756698842
0.7048741296197235
0.7061027837259147
0.7062600321027327
0.706417112299458
0.7065740245858066
0.7067307692307669
0.7074212493326382
0.7075773745997705
0.7088000000000176
0.7084221748400977
0.7091102823654898
0.7092651757188708
0.7099521021820246
0.7101063829787331
0.7102604997341943
0.7104144527098599
0.7105682421667697
0.7101910828025696
0.7103448275862171
0.7099681866383882
0.7095919448860639
0.7092161016949374
0.7098994176812978
0.7111111111111013
0.7112638815441445
0.7108879492600274
0.7110406761753653
0.711193241816249
0.7113456464379847
0.7109704641350152
0.7105956773853241
0.7102212855637435
0.7103738809899794
0.7121052631579144
0.7122567069963291
0.7124079915877981
0.7141355754072302
0.714285714285712
0.7144356955380733
0.716684155299064
0.7168327215521866
0.7175052410901319
0.7181770560503001
0.718324607329854
0.7179487179487125
0.7180962343096166
0.7177208572922232
0.7178683385579822
0.7180156657963657
0.7186847599164876
0.7188315075639132
0.720020855057374
0.7196456487753905
0.7192708333333325
0.7199375325351538
0.7200832466181015
0.7207488299531853
0.7214137214137055
