0.11796536796536819
0.11796536796536819
0.11904761904761928
0.12012987012987036
0.12337662337662363
0.12445887445887471
0.12445887445887471
0.1255411255411258
0.1255411255411258
0.1255411255411258
0.1255411255411258
0.1255411255411258
0.12445887445887471
0.12445887445887471
0.12445887445887471
0.1255411255411258
0.12662337662337686
0.12662337662337686
0.12662337662337686
0.12662337662337686
0.12662337662337686
0.12770562770562793
0.128787878787879
0.12770562770562793
0.12770562770562793
0.12770562770562793
0.12770562770562793
0.12770562770562793
0.12662337662337686
0.12662337662337686
0.12770562770562793
0.1255411255411258
0.1255411255411258
0.1255411255411258
0.1255411255411258
0.1255411255411258
0.12770562770562793
0.12770562770562793
0.12770562770562793
0.12770562770562793
0.12770562770562793
0.12770562770562793
0.12770562770562793
0.13528138528138545
0.13528138528138545
0.13419913419913437
0.13419913419913437
0.13419913419913437
0.13419913419913437
0.13419913419913437
0.13528138528138545
0.13528138528138545
0.13528138528138545
0.13528138528138545
0.13636363636363652
0.1374458874458876
0.1374458874458876
0.1374458874458876
0.13852813852813867
0.13852813852813867
0.13852813852813867
0.13961038961038974
0.13961038961038974
0.1406926406926408
0.13961038961038974
0.13961038961038974
0.13961038961038974
0.13961038961038974
0.1406926406926408
0.1417748917748919
0.14285714285714296
0.14393939393939403
0.1450216450216451
0.14826839826839833
0.14826839826839833
0.1493506493506494
0.1493506493506494
0.1493506493506494
0.1493506493506494
0.1493506493506494
0.15043290043290047
0.15043290043290047
0.15151515151515155
0.15151515151515155
0.15259740259740262
0.15259740259740262
0.1536796536796537
0.15476190476190477
0.15476190476190477
0.15476190476190477
0.15584415584415584
0.15584415584415584
0.1536796536796537
0.1536796536796537
0.1536796536796537
0.1536796536796537
0.15476190476190477
0.15584415584415584
0.15692640692640691
0.158008658008658
0.15909090909090906
0.16017316017316013
0.16017316017316013
0.16017316017316013
0.16017316017316013
0.16017316017316013
0.1612554112554112
0.16017316017316013
0.1612554112554112
0.16450216450216443
0.16450216450216443
0.16450216450216443
0.16450216450216443
0.1655844155844155
0.16666666666666657
0.16666666666666657
0.16666666666666657
0.16666666666666657
0.1699134199134198
0.1699134199134198
0.1699134199134198
0.1699134199134198
0.1699134199134198
0.17099567099567087
0.17099567099567087
0.17207792207792194
0.17207792207792194
0.1742424242424241
0.1742424242424241
0.17532467532467516
0.17532467532467516
0.17640692640692623
0.17640692640692623
0.17640692640692623
0.18073593073593053
0.18073593073593053
0.18073593073593053
0.1818181818181816
0.1818181818181816
0.18290043290043267
0.18290043290043267
0.18290043290043267
0.18290043290043267
0.18398268398268375
0.18506493506493482
0.18398268398268375
0.18398268398268375
0.18506493506493482
0.18506493506493482
0.1861471861471859
0.1861471861471859
0.1861471861471859
0.18722943722943697
0.18722943722943697
0.1861471861471859
0.18722943722943697
0.18831168831168804
0.18831168831168804
0.18831168831168804
0.18939393939393911
0.20346320346320307
0.2067099567099563
0.2067099567099563
0.20779220779220736
0.2067099567099563
0.20779220779220736
0.20779220779220736
0.2099567099567095
0.21103896103896058
0.21212121212121166
0.21212121212121166
0.2142857142857138
0.2142857142857138
0.2142857142857138
0.21536796536796488
0.21645021645021595
0.21753246753246702
0.21753246753246702
0.21753246753246702
0.2186147186147181
0.2186147186147181
0.21969696969696917
0.22077922077922024
0.22186147186147132
0.22510822510822454
0.22510822510822454
0.2261904761904756
0.2261904761904756
0.22727272727272668
0.22727272727272668
0.22835497835497776
0.22943722943722883
0.2305194805194799
0.2305194805194799
0.23268398268398205
0.23376623376623312
0.2348484848484842
0.2348484848484842
0.23701298701298634
0.23809523809523742
0.23809523809523742
0.23809523809523742
0.2391774891774885
0.23809523809523742
0.2391774891774885
0.24134199134199064
0.24134199134199064
0.2424242424242417
0.24350649350649278
0.24458874458874386
0.24567099567099493
0.24567099567099493
0.246753246753246
0.24783549783549708
0.24783549783549708
0.24891774891774815
0.24999999999999922
0.25216450216450137
0.25216450216450137
0.2543290043290035
0.25649350649350566
0.25649350649350566
0.25649350649350566
0.25649350649350566
0.25757575757575674
0.2586580086580078
0.2586580086580078
0.2597402597402589
0.2597402597402589
0.26082251082250996
0.26190476190476103
0.2629870129870121
0.2629870129870121
0.2629870129870121
0.2640692640692632
0.26515151515151425
0.2662337662337653
0.2673160173160164
0.26839826839826747
0.26839826839826747
0.26948051948051854
0.26948051948051854
0.26948051948051854
0.2705627705627696
0.2705627705627696
0.2716450216450207
0.27272727272727176
0.27272727272727176
0.27272727272727176
0.27272727272727176
0.27380952380952284
0.275974025974025
0.27705627705627606
0.27813852813852713
0.27813852813852713
0.27813852813852713
0.2803030303030293
0.28138528138528035
0.28463203463203357
0.28463203463203357
0.28571428571428464
0.2867965367965357
0.2878787878787868
0.28896103896103786
0.29004329004328894
0.29329004329004216
0.29437229437229323
0.2954545454545443
0.2954545454545443
0.2965367965367954
0.2954545454545443
0.2954545454545443
0.30086580086579967
0.30194805194805074
0.30194805194805074
0.3030303030303018
0.3030303030303018
0.3030303030303018
0.3041125541125529
0.30627705627705504
0.3073593073593061
0.30952380952380826
0.3084415584415572
0.3084415584415572
0.3127705627705615
0.3192640692640679
0.320346320346319
0.32251082251082114
0.3235930735930722
0.3246753246753233
0.32575757575757436
0.32683982683982543
0.32683982683982543
0.32683982683982543
0.32683982683982543
0.3279220779220765
0.3290043290043276
0.33008658008657865
0.3311688311688297
0.3311688311688297
0.3311688311688297
0.3365800865800851
0.33766233766233616
0.33874458874458724
0.3398268398268383
0.3409090909090894
0.34199134199134046
0.34307359307359153
0.3452380952380937
0.34632034632034475
0.34632034632034475
0.3474025974025958
0.3484848484848469
0.34956709956709797
0.3517316017316001
0.3528138528138512
0.3528138528138512
0.3528138528138512
0.35497835497835334
0.3560606060606044
0.3571428571428555
0.35822510822510656
0.35930735930735763
0.3603896103896087
0.3614718614718598
0.36255411255411085
0.36255411255411085
0.3658008658008641
0.36688311688311515
0.3679653679653662
0.3690476190476173
0.37012987012986837
0.37554112554112373
0.37554112554112373
0.3766233766233748
0.3777056277056259
0.3777056277056259
0.37878787878787695
0.379870129870128
0.3820346320346302
0.3820346320346302
0.3820346320346302
0.38311688311688125
0.38311688311688125
0.3841991341991323
0.3852813852813834
0.3852813852813834
0.38636363636363447
0.38636363636363447
0.38636363636363447
0.38744588744588554
0.38636363636363447
0.38636363636363447
0.38744588744588554
0.3885281385281366
0.3896103896103877
0.3896103896103877
0.3971861471861452
0.3971861471861452
0.3982683982683963
0.3982683982683963
0.3982683982683963
0.39935064935064735
0.40692640692640486
0.40692640692640486
0.41125541125540915
0.4134199134199113
0.4285714285714263
0.4296536796536774
0.44047619047618813
0.4415584415584392
0.4426406926406903
0.44372294372294135
0.4448051948051924
0.4458874458874435
0.4469696969696946
0.4469696969696946
0.4491341991341967
0.45670995670995423
0.4577922077922053
0.4588744588744564
0.4588744588744564
0.45995670995670745
0.46103896103895853
0.4621212121212096
0.4632034632034607
0.46428571428571175
0.46428571428571175
0.4653679653679628
0.4664502164502139
0.46753246753246497
0.46753246753246497
0.46861471861471604
0.46753246753246497
0.46861471861471604
0.4751082251082225
0.4751082251082225
0.47727272727272463
0.4783549783549757
0.48268398268398
0.48376623376623107
0.48484848484848214
0.4859307359307332
0.4870129870129843
0.4870129870129843
0.48809523809523536
0.4902597402597375
0.4913419913419886
0.49242424242423966
0.4956709956709929
0.49675324675324395
0.49675324675324395
0.497835497835495
0.5010822510822482
0.5021645021644994
0.5021645021644994
0.5086580086580061
0.5097402597402573
0.5097402597402573
0.5108225108225084
0.5119047619047595
0.5129870129870107
0.5140692640692618
0.5151515151515129
0.516233766233764
0.5173160173160152
0.5183982683982663
0.5194805194805174
0.5216450216450197
0.5292207792207776
0.5292207792207776
0.5303030303030287
0.5303030303030287
0.5313852813852799
0.532467532467531
0.5335497835497821
0.5357142857142844
0.5367965367965355
0.5378787878787866
0.5378787878787866
0.5400432900432889
0.54112554112554
0.5530303030303024
0.5541125541125536
0.5541125541125536
0.5551948051948047
0.5562770562770558
0.5573593073593069
0.5573593073593069
0.5562770562770558
0.5573593073593069
0.5573593073593069
0.5584415584415581
0.5584415584415581
0.566017316017316
0.5670995670995671
0.5681818181818182
0.5692640692640694
0.5681818181818182
0.5714285714285716
0.5725108225108227
0.5735930735930739
0.574675324675325
0.5822510822510829
0.583333333333334
0.5844155844155852
0.5844155844155852
0.5854978354978363
0.5865800865800874
0.5887445887445897
0.5887445887445897
0.5898268398268408
0.5919913419913431
0.5930735930735942
0.5941558441558453
0.5952380952380965
0.5963203463203476
0.5974025974025987
0.5984848484848498
0.5984848484848498
0.6006493506493521
0.6017316017316032
0.6017316017316032
0.6028138528138544
0.6038961038961055
0.6049783549783566
0.6071428571428589
0.6103896103896123
0.6114718614718634
0.6125541125541145
0.6136363636363656
0.616883116883119
0.6179653679653702
0.6190476190476213
0.6212121212121235
0.6244588744588769
0.6255411255411281
0.6244588744588769
0.6255411255411281
0.6266233766233792
0.6287878787878814
0.6298701298701326
0.6309523809523837
0.6320346320346348
0.6341991341991371
0.6363636363636394
0.6352813852813882
0.6374458874458905
0.6385281385281416
0.6428571428571461
0.6439393939393973
0.6439393939393973
0.6450216450216484
0.6525974025974063
0.6536796536796574
0.6547619047619085
0.6558441558441597
0.6569264069264108
0.6580086580086619
0.6590909090909131
0.6612554112554153
0.6634199134199176
0.6645021645021687
0.6655844155844198
0.666666666666671
0.6677489177489221
0.6688311688311732
0.6688311688311732
0.6699134199134243
0.6709956709956755
0.6807359307359356
0.6818181818181868
0.6818181818181868
0.6829004329004379
0.6829004329004379
0.683982683982689
0.6850649350649402
0.6861471861471913
0.6872294372294424
0.6883116883116935
0.6893939393939447
0.6904761904761958
0.6904761904761958
0.6915584415584469
0.6937229437229492
0.6948051948052003
0.6958874458874514
0.6969696969697026
0.6980519480519537
0.6991341991342048
0.7012987012987071
0.7023809523809582
0.7034632034632093
0.7045454545454605
0.7045454545454605
0.7056277056277116
0.7067099567099627
0.708874458874465
0.7099567099567161
0.7110389610389672
0.7110389610389672
0.7110389610389672
0.7121212121212184
0.7164502164502229
0.717532467532474
0.7186147186147251
0.7196969696969763
0.7196969696969763
0.7207792207792274
0.7305194805194876
0.7316017316017387
0.7326839826839898
0.733766233766241
0.7348484848484921
0.7402597402597477
0.7413419913419989
0.7413419913419989
0.74242424242425
0.7435064935065011
0.7445887445887522
0.7467532467532545
0.7478354978355056
0.7489177489177568
0.7500000000000079
0.751082251082259
0.751082251082259
0.751082251082259
0.7521645021645101
0.7532467532467613
0.7543290043290124
0.7554112554112635
0.7564935064935147
0.7575757575757658
0.7586580086580169
0.759740259740268
0.7608225108225192
0.7629870129870214
0.7705627705627793
0.7716450216450305
0.7727272727272816
0.7738095238095327
0.7748917748917838
0.7770562770562861
0.7781385281385372
0.7781385281385372
0.7792207792207884
0.7803030303030395
0.7824675324675417
0.7835497835497929
0.7835497835497929
0.7987012987013087
0.7997835497835598
0.8051948051948155
0.8041125541125643
0.8051948051948155
0.8062770562770666
0.8106060606060711
0.8116883116883222
0.8138528138528245
0.8149350649350756
0.8279220779220892
0.8290043290043403
0.8300865800865914
0.8311688311688425
0.8387445887446004
0.8398268398268516
0.8409090909091027
0.8419913419913538
0.843073593073605
0.843073593073605
0.8441558441558561
0.8452380952381072
0.8463203463203584
0.8474025974026095
0.8484848484848606
0.8495670995671117
0.8506493506493629
0.8528138528138651
0.8549783549783674
0.8549783549783674
0.8560606060606185
0.8571428571428696
0.8571428571428696
0.8593073593073719
0.860389610389623
0.8614718614718742
0.8625541125541253
0.8658008658008787
0.8668831168831298
0.8690476190476321
0.8701298701298832
0.8712121212121343
0.8722943722943854
0.8733766233766366
0.8744588744588877
0.8744588744588877
0.8755411255411388
0.8777056277056411
0.8777056277056411
0.8787878787878922
0.8809523809523945
0.8820346320346456
0.8831168831168967
0.8841991341991479
0.8928571428571569
0.893939393939408
0.9004329004329148
0.9015151515151659
0.9480519480519645
0.9491341991342156
0.9556277056277224
0.9567099567099735
0.9588744588744758
0.9599567099567269
0.961038961038978
0.9729437229437404
0.9740259740259916
0.977272727272745
0.9783549783549961
0.9794372294372472
0.9816017316017495
0.9826839826840006
0.9837662337662517
0.9956709956710141
0.9967532467532653
0.9978354978355164
0.9989177489177675
1.0000000000000187
