0.11713665943600847
0.11777535441657579
0.11790393013100454
0.11803278688524574
0.11816192560175036
0.11712707182320464
0.11977401129943509
0.1199095022624433
0.12004530011325058
0.12100456621004566
0.12128146453089235
0.12142038946162644
0.1215596330275226
0.12183908045976977
0.12197928653624865
0.12211981566820254
0.12368728121353555
0.12426729191090258
0.12559241706161123
0.12574139976275195
0.1258907363420429
0.12604042806183108
0.12619047619047602
0.12634088200238372
0.12694610778443127
0.12758201701093552
0.12773722627737213
0.12804878048780496
0.12607099143206874
0.12622549019607826
0.12638036809815983
0.12653562653562644
0.1256157635467979
0.12500000000000008
0.12406947890818844
0.12422360248447181
0.12437810945273609
0.12468827930174586
0.12484394506866439
0.12547051442910906
0.12578616352201258
0.12642225031605536
0.126582278481013
0.12674271229404335
0.1269035532994925
0.12645161290322604
0.12661498708010321
0.12677878395860306
0.12710765239948102
0.12613784135240594
0.1330589849108367
0.13379310344827602
0.13509749303621205
0.13585434173669445
0.13464235624123422
0.13812949640287778
0.13892908827785824
0.13913043478260875
0.13933236574745975
0.1395348837209304
0.13994169096209882
0.1403249630723783
0.14053254437869805
0.14092953523238377
0.14114114114114085
0.14156626506024103
0.14177978883861214
0.14199395770392742
0.1422087745839636
0.1430745814307458
0.14417177914110438
0.14596273291925485
0.14618973561430795
0.14641744548286603
0.14761904761904737
0.1480891719745223
0.14832535885167458
0.1509740259740258
0.15146579804560265
0.15171288743882547
0.1519607843137252
0.1522094926350244
0.15500000000000003
0.1552587646076791
0.15604026845637567
0.15816326530612257
0.1562499999999997
0.15652173913043457
0.15817223198594008
0.15845070422535196
0.15901060070671394
0.15929203539823034
0.16157989228007197
0.16423357664233562
0.16453382084095064
0.16759776536312837
0.1679104477611943
0.16853932584269685
0.17175572519083993
0.17208413001912057
0.17274472168905936
0.17307692307692268
0.17341040462427726
0.17315175097276225
0.17348927875243664
0.173828125
0.17519685039370053
0.17764471057884212
0.17800000000000013
0.17835671342685383
0.1787148594377508
0.1808943089430896
0.1812627291242365
0.18163265306122425
0.18200408997955048
0.18237704918032802
0.18275154004106794
0.18350515463917524
0.18388429752066077
0.1842650103519672
0.1846473029045643
0.18816067653276938
0.1897654584221747
0.19057815845824386
0.19098712446351904
0.18924731182795665
0.19006479481641503
0.19047619047619072
0.19088937093275468
0.18736383442265805
0.18818380743982469
0.1894273127753302
0.18984547461368678
0.19026548672566396
0.19153674832962111
0.18973214285714277
0.19015659955257302
0.19058295964125596
0.1917808219178082
0.18993135011441645
0.19036697247706386
0.19437939110070274
0.19761904761904747
0.1980906921241047
0.19904076738609147
0.19711538461538447
0.19759036144578299
0.19806763285024176
0.1985472154963679
0.1951219512195123
0.1955990220048902
0.19607843137254885
0.19506172839506145
0.19554455445544566
0.19602977667493776
0.19799498746867167
0.1964735516372794
0.19493670886075987
0.19592875318066136
0.19743589743589726
0.197943444730077
0.1984536082474225
0.19531249999999983
0.19633507853403157
0.19685039370078777
0.19137466307277617
0.1918918918918919
0.1924119241192409
0.19293478260869587
0.19346049046321553
0.19398907103825153
0.19452054794520526
0.19667590027700838
0.19722222222222202
0.19777158774373294
0.19832402234636856
0.19887955182072808
0.19662921348314638
0.19718309859154917
0.19943019943019955
0.20114942528735613
0.20172910662824187
0.20348837209302348
0.20408163265306092
0.2046783625730994
0.20527859237536644
0.2058823529411763
0.20414201183431924
0.20474777448071202
0.20535714285714265
0.20795107033639126
0.20858895705521496
0.20923076923076947
0.2087227414330218
0.20937499999999976
0.2100313479623822
0.21135646687697174
0.212025316455696
0.21269841269841247
0.21337579617834393
0.2189542483660128
0.22112211221122144
0.22185430463576136
0.22259136212624558
0.22333333333333305
0.2240802675585283
0.22558922558922592
0.22635135135135104
0.22789115646258518
0.22866894197952198
0.22945205479452097
0.231034482758621
0.23183391003460194
0.23263888888888853
0.2323943661971829
0.22968197879858643
0.23049645390070944
0.2321428571428568
0.23297491039426552
0.23465703971119117
0.23550724637681128
0.2363636363636362
0.2372262773722626
0.23616236162361648
0.23703703703703727
0.23791821561338322
0.23880597014925398
0.23970037453183543
0.24334600760456293
0.24427480916030564
0.24615384615384572
0.24710424710424694
0.2480620155038763
0.24902723735408516
0.25
0.2509803921568623
0.25296442687747056
0.2539682539682535
0.25498007968127473
0.25600000000000017
0.25702811244979895
0.2580645161290321
0.2591093117408909
0.26016260162601607
0.26122448979591806
0.2592592592592594
0.26033057851239627
0.2614107883817431
0.2625000000000003
0.26359832635983294
0.2647058823529415
0.2658227848101267
0.26694915254237256
0.268085106382979
0.2692307692307695
0.2703862660944207
0.2715517241379311
0.2727272727272727
0.27391304347826084
0.2751091703056771
0.2775330396475772
0.278761061946903
0.28378378378378405
0.28054298642533954
0.2818181818181817
0.2831050228310502
0.2844036697247705
0.2857142857142857
0.2870370370370369
0.28837209302325534
0.2897196261682243
0.29107981220657314
0.2938388625592414
0.2952380952380953
0.2966507177033494
0.29807692307692313
0.2995169082125604
0.3009708737864077
0.30243902439024406
0.30392156862745096
0.3069306930693071
0.308457711442786
0.31000000000000016
0.313131313131313
0.314720812182741
0.31632653061224514
0.3179487179487179
0.32124352331606226
0.328042328042328
0.329787234042553
0.33155080213903754
0.33333333333333315
0.33695652173913065
0.33879781420765054
0.3444444444444442
0.34636871508379863
0.34269662921348365
0.3446327683615821
0.3465909090909089
0.3485714285714291
0.35057471264367784
0.35260115606936404
0.3567251461988304
0.35882352941176454
0.3609467455621298
0.36309523809523786
0.365269461077844
0.36746987951807253
0.3696969696969696
0.37195121951219534
0.37423312883435617
0.37654320987654377
0.3788819875776402
0.38124999999999964
0.38364779874213834
0.38607594936708833
0.3885350318471337
0.39354838709677437
0.3961038961038962
0.40131578947368446
0.4039735099337745
0.4066666666666662
0.40939597315436205
0.4121621621621616
0.41496598639455806
0.41780821917808286
0.42068965517241436
0.42361111111111055
0.42657342657342645
0.42957746478873204
0.4326241134751777
0.4357142857142851
0.4388489208633098
0.43478260869565166
0.43795620437956173
0.4411764705882346
0.44776119402985115
0.45112781954887216
0.4545454545454542
0.45801526717557306
0.4615384615384608
0.46511627906976805
0.46875
0.4761904761904754
0.48000000000000037
0.4838709677419351
0.48780487804878003
0.49180327868852497
0.49586776859504056
0.5000000000000007
0.5042016806722697
0.5172413793103451
0.5217391304347827
0.5263157894736851
0.5309734513274342
0.5357142857142861
0.540540540540541
0.5454545454545453
0.5504587155963301
0.5555555555555552
0.5607476635514018
0.5660377358490566
0.5714285714285716
0.5769230769230771
0.58252427184466
0.5882352941176471
0.5940594059405944
0.6060606060606059
0.6122448979591841
0.6185567010309277
0.6249999999999999
0.631578947368421
0.6276595744680848
0.6344086021505373
0.6413043478260873
0.648351648351648
0.6555555555555552
0.6629213483146077
0.6704545454545451
0.6781609195402293
0.6860465116279076
0.6941176470588233
0.7108433734939763
0.7195121951219516
0.7283950617283961
0.7374999999999994
0.7468354430379742
0.7564102564102557
0.7662337662337664
0.7763157894736846
0.7866666666666657
0.7972972972972963
0.808219178082193
0.8194444444444434
0.8309859154929571
0.8428571428571418
0.855072463768115
0.8676470588235281
0.8805970149253739
0.8939393939393933
0.9076923076923062
0.921875
0.936507936507935
0.9516129032258057
0.9672131147540991
0.9833333333333347
0.9999999999999989
0.9999999999999989
0.9999999999999989
0.9999999999999989
0.9999999999999989
0.9999999999999989
0.9999999999999989
0.9999999999999989
0.9999999999999989
0.9999999999999989
0.9999999999999989
0.9999999999999989
0.9999999999999989
0.9999999999999989
0.9999999999999989
0.9999999999999989
0.9999999999999989
0.9999999999999989
0.9999999999999989
0.9999999999999989
0.9999999999999989
0.9999999999999989
0.9999999999999989
0.9999999999999989
0.9999999999999989
0.9999999999999989
0.9999999999999989
0.9999999999999989
0.9999999999999989
0.9999999999999989
0.9999999999999989
0.9999999999999989
0.9999999999999989
0.9999999999999989
0.9999999999999989
0.9999999999999989
0.9999999999999989
0.9999999999999989
0.9999999999999989
0.9999999999999989
0.9999999999999989
0.9999999999999989
0.9999999999999989
0.9999999999999989
0.9999999999999989
0.9999999999999989
0.9999999999999989
0.9999999999999989
0.9999999999999989
0.9999999999999989
0.9999999999999989
0.9999999999999989
0.9999999999999989
0.9999999999999989
0.9999999999999989
0.9999999999999989
0.9999999999999989
0.9999999999999989
0.9999999999999989
0.9999999999999989
0.9999999999999989
0.9999999999999989
0.9999999999999989
0.9999999999999989
0.9999999999999989
0.9999999999999989
0.9999999999999989
0.9999999999999989
0.9999999999999989
0.9999999999999989
0.9999999999999989
0.9999999999999989
0.9999999999999989
0.9999999999999989
0.9999999999999989
0.9999999999999989
0.9999999999999989
0.9999999999999989
0.9999999999999989
0.9999999999999989
0.9999999999999989
0.9999999999999989
0.9999999999999989
0.9999999999999989
0.9999999999999989
0.9999999999999989
0.9999999999999989
0.9999999999999989
0.9999999999999989
0.9999999999999989
0.9999999999999989
0.9999999999999989
0.9999999999999989
0.9999999999999989
0.9999999999999989
0.9999999999999989
0.9999999999999989
0.9999999999999989
0.9999999999999989
0.9999999999999989
0.9999999999999989
0.9999999999999989
0.9999999999999989
0.9999999999999989
0.9999999999999989
0.9999999999999989
0.9999999999999989
0.9999999999999989
0.9999999999999989
0.9999999999999989
0.9999999999999989
0.9999999999999989
0.9999999999999989
0.9999999999999989
0.9999999999999989
0.9999999999999989
0.9999999999999989
0.9999999999999989
0.9999999999999989
0.9999999999999989
0.9999999999999989
0.9999999999999989
0.9999999999999989
0.9999999999999989
0.9999999999999989
0.9999999999999989
0.9999999999999989
0.9999999999999989
0.9999999999999989
0.9999999999999989
0.9999999999999989
0.9999999999999989
0.9999999999999989
0.9999999999999989
0.9999999999999989
0.9999999999999989
0.9999999999999989
0.9999999999999989
0.9999999999999989
0.9999999999999989
0.9999999999999989
0.9999999999999989
0.9999999999999989
0.9999999999999989
0.9999999999999989
0.9999999999999989
0.9999999999999989
0.9999999999999989
0.9999999999999989
0.9999999999999989
0.9999999999999989
0.9999999999999989
0.9999999999999989
0.9999999999999989
0.9999999999999989
0.9999999999999989
0.9999999999999989
0.9999999999999989
0.9999999999999989
0.9999999999999989
0.9999999999999989
0.9999999999999989
0.9999999999999989
0.9999999999999989
0.9999999999999989
0.9999999999999989
0.9999999999999989
0.9999999999999989
0.9999999999999989
0.9999999999999989
0.9999999999999989
0.9999999999999989
0.9999999999999989
0.9999999999999989
0.9999999999999989
0.9999999999999989
0.9999999999999989
0.9999999999999989
0.9999999999999989
0.9999999999999989
0.9999999999999989
0.9999999999999989
0.9999999999999989
0.9999999999999989
0.9999999999999989
0.9999999999999989
0.9999999999999989
0.9999999999999989
0.9999999999999989
0.9999999999999989
0.9999999999999989
0.9999999999999989
0.9999999999999989
0.9999999999999989
0.9999999999999989
0.9999999999999989
0.9999999999999989
0.9999999999999989
0.9999999999999989
0.9999999999999989
0.9999999999999989
0.9999999999999989
0.9999999999999989
0.9999999999999989
0.9999999999999989
0.9999999999999989
0.9999999999999989
0.9999999999999989
0.9999999999999989
0.9999999999999989
0.9999999999999989
0.9999999999999989
0.9999999999999989
0.9999999999999989
0.9999999999999989
0.9999999999999989
0.9999999999999989
0.9999999999999989
0.9999999999999989
0.9999999999999989
0.9999999999999989
0.9999999999999989
0.9999999999999989
0.9999999999999989
0.9999999999999989
0.9999999999999989
0.9999999999999989
0.9999999999999989
0.9999999999999989
0.9999999999999989
0.9999999999999989
0.9999999999999989
0.9999999999999989
0.9999999999999989
0.9999999999999989
0.9999999999999989
0.9999999999999989
0.9999999999999989
0.9999999999999989
0.9999999999999989
0.9999999999999989
0.9999999999999989
0.9999999999999989
0.9999999999999989
0.9999999999999989
0.9999999999999989
0.9999999999999989
0.9999999999999989
0.9999999999999989
0.9999999999999989
0.9999999999999989
0.9999999999999989
0.9999999999999989
0.9999999999999989
0.9999999999999989
0.9999999999999989
0.9999999999999989
0.9999999999999989
0.9999999999999989
0.9999999999999989
0.9999999999999989
0.9999999999999989
0.9999999999999989
0.9999999999999989
0.9999999999999989
0.9999999999999989
0.9999999999999989
0.9999999999999989
0.9999999999999989
0.9999999999999989
0.9999999999999989
0.9999999999999989
0.9999999999999989
0.9999999999999989
0.9999999999999989
0.9999999999999989
0.9999999999999989
0.9999999999999989
0.9999999999999989
0.9999999999999989
0.9999999999999989
0.9999999999999989
