0.1165577342047931
0.11559432933478735
0.11572052401746742
0.11597374179431054
0.11622807017543886
0.11525795828759589
0.11538461538461527
0.11551155115511563
0.11563876651982359
0.11589403973509957
0.11615044247787626
0.11517165005537086
0.11529933481153011
0.11542730299667028
0.11555555555555524
0.11594202898550736
0.11607142857142845
0.11620111731843566
0.11633109619686823
0.1157303370786519
0.11586051743532035
0.11599099099099115
0.11612175873731653
0.11625282167042869
0.11638418079096051
0.11651583710407228
0.11664779161947933
0.11678004535147417
0.11704545454545424
0.117178612059158
0.11731207289293841
0.1174458380843783
0.11757990867579908
0.11657142857142837
0.11697247706421987
0.11737629459148455
0.11751152073732699
0.11764705882352934
0.11778290993071577
0.11791907514450863
0.11805555555555573
0.1171693735498843
0.11730545876887355
0.11744186046511602
0.11771561771561787
0.11785297549591595
0.11799065420560748
0.11840562719812416
0.11854460093896735
0.11868390129259682
0.11896348645465232
0.11910377358490565
0.11924439197166445
0.11938534278959825
0.11952662721893514
0.11966824644549749
0.11981020166073536
0.11876484560570083
0.1190476190476189
0.1191895113230035
0.11933174224343655
0.11947431302270042
0.11961722488038304
0.11976047904191628
0.1199040767386094
0.12254901960784297
0.12147239263803714
0.12177121771217693
0.12128712871287137
0.12189054726368137
0.12204234122042362
0.12219451371571094
0.12109862671660446
0.12125000000000008
0.12140175219023805
0.1191969887076536
0.1193467336683419
0.11949685534591194
0.11964735516372782
0.11979823455233267
0.11994949494949472
0.12010113780025261
0.12025316455696233
0.1204055766793412
0.11928934010152294
0.11944091486658176
0.119592875318066
0.11974522292993629
0.11989795918367357
0.12005108556832719
0.12020460358056244
0.11923076923076907
0.11810012836970452
0.11825192802056547
0.11772315653298858
0.11787564766839394
0.11802853437094667
0.11818181818181821
0.11833550065019525
0.11848958333333318
0.11864406779661008
0.12165775401069537
0.12182061579651958
0.12297297297297298
0.12313937753721219
0.1238095238095235
0.12414733969986337
0.12431693989071049
0.12448700410396717
0.12465753424657512
0.12482853223593952
0.12691771269177135
0.127094972067039
0.12745098039215666
0.1276297335203366
0.1279887482419129
0.12816901408450695
0.12834978843441455
0.12853107344632772
0.1287128712871284
0.12907801418439727
0.1292613636363636
0.12944523470839284
0.12962962962962976
0.12981455064194014
0.12875536480686675
0.12893982808022905
0.1291248206599713
0.1293103448275861
0.12968299711815548
0.12987012987012972
0.13005780346820808
0.13024602026049217
0.1304347826086957
0.13062409288824353
0.13081395348837224
0.13100436681222705
0.13119533527696767
0.13157894736842102
0.13177159590043924
0.13196480938416413
0.13215859030836996
0.1329394387001479
0.133136094674556
0.13333333333333347
0.1335311572700295
0.1337295690936105
0.13392857142857123
0.1341281669150521
0.13432835820895525
0.13452914798206259
0.13473053892215564
0.13493253373313335
0.13513513513513487
0.13533834586466173
0.1355421686746989
0.13574660633484142
0.13595166163141992
0.13615733736762478
0.13636363636363633
0.13677811550151966
0.136986301369863
0.1371951219512196
0.13740458015267187
0.1376146788990825
0.13782542113323107
0.13803680981595104
0.13824884792626743
0.1384615384615387
0.1386748844375962
0.13888888888888923
0.1391035548686242
0.14040561622464864
0.14149443561208289
0.14102564102564077
0.14125200642054572
0.13987138263665594
0.14009661835748774
0.14032258064516143
0.1405492730210015
0.13915857605177984
0.1377633711507294
0.1388429752066118
0.1390728476821191
0.13787375415282385
0.13827993254637425
0.1385135135135134
0.1387478849407782
0.13898305084745768
0.13921901528013583
0.13945578231292527
0.14137931034482779
0.14162348877374767
0.14186851211072657
0.14211438474870025
0.14236111111111086
0.14260869565217374
0.142857142857143
0.14310645724258286
0.14335664335664325
0.14185639229422098
0.14210526315789493
0.14260563380281677
0.14285714285714285
0.14310954063604245
0.1433628318584072
0.1436170212765959
0.14387211367673192
0.14412811387900334
0.1443850267379679
0.14464285714285688
0.14490161001788912
0.14516129032258068
0.14594594594594593
0.14620938628158833
0.14647377938517195
0.14492753623188395
0.1451905626134301
0.1454545454545455
0.14571948998178508
0.1459854014598539
0.14625228519195604
0.14652014652014625
0.14678899082568808
0.14705882352941146
0.14732965009208085
0.1476014760147603
0.1468926553672317
0.1471698113207547
0.14744801512287334
0.14772727272727262
0.14800759013282713
0.14638783269961975
0.14476190476190492
0.14503816793893148
0.14531548757170168
0.14559386973180075
0.1458733205374279
0.14615384615384586
0.14643545279383424
0.1467181467181466
0.14700193423597674
0.14728682170542656
0.14757281553398074
0.14785992217898802
0.14814814814814814
0.1484375
0.1487279843444227
0.14901960784313695
0.14931237721021623
0.14960629921259821
0.14990138067061148
0.150197628458498
0.1504950495049506
0.15079365079365048
0.15109343936381697
0.15139442231075687
0.151696606786427
0.1520000000000001
0.15230460921843697
0.15261044176706812
0.15291750503018123
0.1532258064516128
0.1535353535353537
0.15384615384615385
0.15415821501014215
0.1544715447154472
0.15306122448979573
0.15337423312883464
0.15625000000000006
0.15690376569037678
0.15723270440251574
0.15546218487394967
0.15578947368421062
0.1561181434599157
0.15644820295983075
0.15677966101694893
0.15811965811965817
0.15845824411134896
0.15879828326180248
0.1591397849462364
0.15948275862068959
0.1586956521739129
0.1568627450980393
0.15720524017467266
0.1575492341356672
0.15789473684210556
0.15824175824175826
0.158590308370044
0.15894039735099347
0.15964523281596457
0.1599999999999998
0.16035634743875268
0.16071428571428573
0.15883668903803155
0.15695067264574017
0.1573033707865169
0.15765765765765782
0.15801354401805848
0.15837104072398192
0.15873015873015883
0.15909090909090892
0.15945330296127552
0.1598173515981735
0.16018306636155613
0.16055045871559614
0.16091954022988486
0.16129032258064507
0.16166281755196288
0.16203703703703706
0.16241299303944334
0.1627906976744183
0.16317016317016333
0.16355140186915887
0.16393442622950832
0.16431924882629131
0.16470588235294104
0.16587677725118466
0.16666666666666663
0.16706443914081123
0.16746411483253604
0.16786570743405294
0.16826923076923073
0.16867469879518068
0.16908212560386482
0.1694915254237287
0.16990291262135918
0.17031630170316286
0.17114914425427885
0.171990171990172
0.17241379310344812
0.17326732673267337
0.17369727047146385
0.17412935323383072
0.174563591022444
0.1750000000000001
0.17543859649122806
0.17587939698492475
0.17632241813601998
0.1767676767676766
0.177215189873418
0.17766497461928935
0.1781170483460558
0.17857142857142871
0.1790281329923272
0.17948717948717938
0.17994858611825182
0.18134715025906747
0.18229166666666655
0.182767624020888
0.18324607329842946
0.1837270341207352
0.18421052631578955
0.18469656992084446
0.18518518518518517
0.18567639257294427
0.18617021276595727
0.18716577540106966
0.18766756032171591
0.18817204301075258
0.18867924528301877
0.1891891891891892
0.18970189701896992
0.19021739130434803
0.19073569482288855
0.19125683060109305
0.1895604395604394
0.1818181818181817
0.1823361823361824
0.18000000000000027
0.1805157593123207
0.18103448275862052
0.1815561959654177
0.18208092485549127
0.182608695652174
0.18313953488372112
0.1836734693877549
0.18421052631578946
0.1847507331378298
0.18529411764705872
0.1858407079646015
0.18639053254437848
0.18694362017804145
0.18749999999999986
0.18805970149253745
0.1886227544910178
0.18918918918918898
0.18975903614457845
0.19033232628398802
0.19090909090909083
0.19148936170212766
0.19207317073170743
0.1896024464831803
0.18769230769230785
0.18827160493827189
0.18885448916408676
0.1894409937888201
0.19003115264797507
0.19062499999999982
0.19303797468354417
0.1936507936507935
0.19426751592356686
0.19488817891373772
0.19551282051282032
0.1961414790996783
0.19677419354838718
0.1974110032362458
0.1980519480519481
0.19869706840390886
0.19934640522875796
0.20065789473684223
0.20132013201320156
0.20198675496688726
0.20265780730896987
0.2033333333333331
0.20469798657718102
0.20538720538720565
0.2060810810810808
0.20748299319727903
0.2081911262798633
0.20890410958904143
0.20962199312714752
0.21180555555555527
0.21328671328671323
0.21403508771929844
0.21478873239436602
0.21554770318021188
0.21631205673758885
0.2170818505338076
0.21785714285714256
0.21863799283154148
0.2194244604316549
0.2202166064981948
0.22101449275362292
0.2226277372262772
0.22344322344322312
0.2242647058823526
0.22509225092250945
0.22592592592592614
0.22676579925650586
0.22761194029850768
0.22846441947565563
0.22932330827067668
0.22641509433962262
0.2272727272727271
0.22433460076045644
0.22519083969465675
0.22605363984674345
0.22692307692307656
0.22779922779922768
0.22868217054263595
0.2295719844357973
0.23046875
0.23137254901960747
0.23228346456692883
0.23320158102766816
0.23412698412698374
0.23505976095617512
0.23600000000000018
0.23694779116465842
0.23790322580645143
0.23886639676113383
0.23983739837398352
0.24081632653061197
0.24180327868852478
0.24279835390946522
0.24380165289256162
0.2448132780082991
0.24583333333333368
0.24686192468619272
0.24789915966386591
0.24894514767932505
0.24999999999999972
0.2510638297872343
0.25213675213675246
0.25321888412017185
0.25431034482758635
0.2554112554112553
0.25652173913043486
0.2576419213973801
0.2587719298245618
0.25991189427312794
0.265765765765766
0.265765765765766
0.273148148148148
0.273148148148148
0.273148148148148
0.273148148148148
0.273148148148148
0.273148148148148
0.2769953051643196
0.2769953051643196
0.2769953051643196
0.2769953051643196
0.2783018867924528
0.2850241545893719
0.2864077669902912
0.28780487804878063
0.2935323383084577
0.2935323383084577
0.2935323383084577
0.2935323383084577
0.29500000000000015
0.2964824120603015
0.30256410256410254
0.30256410256410254
0.30256410256410254
0.30729166666666663
0.30890052356020964
0.30890052356020964
0.31216931216931215
0.31720430107526865
0.31891891891891894
0.3206521739130436
0.3206521739130436
0.3206521739130436
0.3224043715846997
0.33146067415730385
0.33146067415730385
0.33146067415730385
0.3333333333333335
0.3333333333333335
0.3333333333333335
0.3619631901840494
0.3687499999999997
0.3710691823899371
0.3710691823899371
0.38562091503267937
0.38562091503267937
0.38562091503267937
0.38562091503267937
0.3881578947368423
0.3881578947368423
0.3881578947368423
0.4041095890410965
0.4041095890410965
0.4125874125874125
0.41549295774647854
0.41549295774647854
0.4184397163120571
0.4214285714285709
0.4244604316546767
0.44029850746268695
0.44029850746268695
0.44360902255639095
0.44360902255639095
0.44696969696969663
0.44696969696969663
0.44696969696969663
0.47200000000000036
0.47200000000000036
0.47967479674796704
0.48760330578512323
0.49166666666666736
0.49579831932773183
0.49579831932773183
0.49579831932773183
0.49999999999999944
0.49999999999999944
0.49999999999999944
0.49999999999999944
0.49999999999999944
0.5086206896551727
0.5086206896551727
0.5130434782608697
0.5175438596491236
0.5175438596491236
0.5175438596491236
0.5175438596491236
0.5175438596491236
0.531531531531532
0.531531531531532
0.5363636363636363
0.5363636363636363
0.5412844036697246
0.546296296296296
0.5619047619047621
0.5619047619047621
0.5841584158415845
0.5841584158415845
0.5900000000000003
0.6020408163265311
0.6082474226804123
0.6344086021505373
0.6413043478260873
0.6555555555555552
0.6629213483146077
0.6629213483146077
0.6629213483146077
0.6629213483146077
0.6941176470588233
0.6941176470588233
0.6941176470588233
0.6941176470588233
0.6941176470588233
0.6941176470588233
0.6941176470588233
0.702380952380952
0.7108433734939763
0.7108433734939763
0.7195121951219516
0.7195121951219516
0.7195121951219516
0.7283950617283961
0.7564102564102557
0.7763157894736846
0.7763157894736846
0.7763157894736846
0.7763157894736846
0.7866666666666657
0.7866666666666657
0.7866666666666657
0.7972972972972963
0.7972972972972963
0.7972972972972963
0.808219178082193
0.808219178082193
0.808219178082193
0.808219178082193
0.808219178082193
0.808219178082193
0.8194444444444434
0.8194444444444434
0.8194444444444434
0.8309859154929571
0.8309859154929571
0.8309859154929571
0.8309859154929571
0.8309859154929571
0.8428571428571418
0.8428571428571418
0.855072463768115
0.855072463768115
0.8676470588235281
0.8676470588235281
0.8676470588235281
0.8805970149253739
0.8805970149253739
0.8805970149253739
0.8805970149253739
0.8805970149253739
0.8805970149253739
0.8805970149253739
0.8939393939393933
0.8939393939393933
0.8939393939393933
0.8939393939393933
0.8939393939393933
0.8939393939393933
0.921875
0.921875
0.921875
0.921875
0.921875
0.921875
0.921875
0.936507936507935
0.936507936507935
0.936507936507935
0.936507936507935
0.936507936507935
0.936507936507935
0.936507936507935
0.936507936507935
0.936507936507935
0.936507936507935
0.936507936507935
0.9516129032258057
0.9672131147540991
0.9672131147540991
0.9833333333333347
0.9833333333333347
0.9833333333333347
0.9833333333333347
0.9833333333333347
0.9833333333333347
0.9833333333333347
0.9833333333333347
0.9833333333333347
0.9833333333333347
0.9833333333333347
0.9833333333333347
0.9833333333333347
0.9999999999999989
0.9999999999999989
0.9999999999999989
0.9999999999999989
0.9999999999999989
