0.2806199217574456
0.27806199217574235
0.2749021968101089
0.2738489316882311
0.2746012639181438
0.273547998796266
0.27399939813421365
0.27430033102617873
0.2746012639181438
0.27475173036412637
0.27505266325609146
0.2749021968101089
0.27806199217574235
0.2789647908516376
0.27911525729762016
0.2798675895275329
0.28016852241949797
0.2806199217574456
0.28077038820342815
0.2806199217574456
0.28077038820342815
0.28242551910923613
0.2825759855552187
0.28212458621727105
0.2822750526632536
0.28317785133914886
0.28212458621727105
0.2825759855552187
0.2825759855552187
0.28377971712307903
0.28212458621727105
0.2822750526632536
0.2840806500150441
0.2843815829070092
0.2846825157989743
0.2867890460427299
0.285434848028887
0.2846825157989743
0.2843815829070092
0.28453204935299176
0.2846825157989743
0.2849834486909394
0.28483298224495684
0.2849834486909394
0.28754137827264264
0.28513391513692193
0.285434848028887
0.28558531447486957
0.28648811315076483
0.2839301835690616
0.2839301835690616
0.2840806500150441
0.28453204935299176
0.2852843815829045
0.28558531447486957
0.28558531447486957
0.2857357809208521
0.28588624736683466
0.2867890460427299
0.287089978934695
0.28754137827264264
0.28754137827264264
0.28453204935299176
0.28423111646102667
0.28453204935299176
0.2840806500150441
0.28453204935299176
0.2825759855552187
0.2827264520012012
0.28212458621727105
0.28212458621727105
0.28317785133914886
0.2833283177851314
0.28423111646102667
0.28423111646102667
0.28317785133914886
0.2839301835690616
0.28317785133914886
0.2836292506770965
0.2840806500150441
0.28287691844718377
0.2836292506770965
0.2833283177851314
0.2836292506770965
0.28423111646102667
0.28483298224495684
0.28483298224495684
0.2840806500150441
0.28212458621727105
0.28242551910923613
0.2833283177851314
0.2843815829070092
0.28453204935299176
0.2840806500150441
0.28453204935299176
0.2843815829070092
0.2849834486909394
0.285434848028887
0.28558531447486957
0.28588624736683466
0.28588624736683466
0.2863376467047823
0.28648811315076483
0.2866385795967474
0.28724044538067756
0.28754137827264264
0.28784231116460773
0.2881432440565728
0.2881432440565728
0.28889557628648554
0.2884441769485379
0.28889557628648554
0.288745109840503
0.28889557628648554
0.28919650917845063
0.2897983749623808
0.28994884140836336
0.28994884140836336
0.29024977430032844
0.29055070719229353
0.2907011736382761
0.2897983749623808
0.29055070719229353
0.28964790851639827
0.2897983749623808
0.28964790851639827
0.2894974420704157
0.28919650917845063
0.2890460427324681
0.28919650917845063
0.290400240746311
0.29160397231417134
0.29190490520613643
0.2928077038820317
0.29160397231417134
0.2914535058681888
0.2914535058681888
0.29160397231417134
0.2917544387601539
0.29190490520613643
0.292055371652119
0.2922058380981015
0.292055371652119
0.292055371652119
0.29190490520613643
0.2917544387601539
0.29190490520613643
0.29190490520613643
0.292055371652119
0.29235630454408407
0.2925067709900666
0.29371050255792697
0.29235630454408407
0.29295817032801424
0.2941619018958746
0.29401143544989206
0.29265723743604916
0.2908516400842586
0.2897983749623808
0.28994884140836336
0.2900993078543459
0.2907011736382761
0.29055070719229353
0.2911525729762237
0.2911525729762237
0.2922058380981015
0.2928077038820317
0.2928077038820317
0.2928077038820317
0.2934095696659619
0.29325910321997933
0.2934095696659619
0.2935600361119444
0.29295817032801424
0.29295817032801424
0.29295817032801424
0.2931086367739968
0.29325910321997933
0.2934095696659619
0.2934095696659619
0.2944628347878397
0.2947637676798048
0.29566656635570004
0.29671983147757786
0.2955160999097175
0.2961179656936477
0.29777309659945567
0.2974721637074906
0.2965693650315953
0.29506470057176987
0.29596749924766513
0.2961179656936477
0.2965693650315953
0.2961179656936477
0.2962684321396302
0.29641889858561277
0.2965693650315953
0.29671983147757786
0.2968702979235604
0.2968702979235604
0.29777309659945567
0.29807402949142076
0.2982244959374033
0.29837496238338584
0.2985254288293684
0.298976828167316
0.29942822750526366
0.2992777610592811
0.2992777610592811
0.3001805597351764
0.30138429130303673
0.3009328919650891
0.30003009328919383
0.3001805597351764
0.3003310261811589
0.30048149262714147
0.3009328919650891
0.2995786939512462
0.29972916039722874
0.30003009328919383
0.30138429130303673
0.30138429130303673
0.30213662353294946
0.30213662353294946
0.30243755642491454
0.30273848931687963
0.3028889557628622
0.30318988865482727
0.3046945531146527
0.3042431537767051
0.3046945531146527
0.30514595245260034
0.3057478182365305
0.30544688534456543
0.305597351790548
0.305597351790548
0.30544688534456543
0.30589828468251307
0.30619921757447816
0.30755341558832106
0.3074029491423385
0.3077038820343036
0.30815528137225123
0.30860668071019887
0.3084562142642163
0.3084562142642163
0.30860668071019887
0.3096599458320767
0.3096599458320767
0.3098104122780592
0.3101113451700243
0.3093590129401116
0.3090580800481465
0.3087571471561814
0.30890761360216396
0.30920854649412904
0.30996087872404177
0.31026181161600686
0.31026181161600686
0.312518808305745
0.31266927475172757
0.3128197411977101
0.3131206740896752
0.3137225398736054
0.3128197411977101
0.3114655431838672
0.3114655431838672
0.31086367739993703
0.31131507673788467
0.3114655431838672
0.3107132109539545
0.31191694252181484
0.3120674089677974
0.3134216069816403
0.314173939211553
0.31597953656334354
0.3164309359012912
0.3179356003611166
0.31808606680709917
0.31838699969906425
0.31868793259102934
0.31898886548299443
0.3204935299428199
0.32109539572675005
0.32169726151068023
0.3218477279566628
0.3219981944026453
0.3229009930785406
0.3229009930785406
0.3232019259705057
0.3229009930785406
0.3226000601865755
0.3229009930785406
0.3229009930785406
0.3232019259705057
0.3232019259705057
0.3233523924164882
0.32380379175443585
0.3239542582004184
0.32380379175443585
0.3239542582004184
0.3229009930785406
0.32410472464640094
0.32440565753836603
0.3245561239843486
0.3247065904303311
0.3269635871200693
0.32711405356605183
0.3272645200120344
0.32756545290399947
0.327715919349982
0.32952151670177254
0.3296719831477551
0.3304243153776678
0.33117664760758053
0.33222991272945834
0.3323803791754409
0.33253084562142343
0.3328317785133885
0.33328317785133615
0.3337345771892838
0.33388504363526633
0.3337345771892838
0.33599157387902195
0.33599157387902195
0.3361420403250045
0.3364429732169696
0.33734577189286485
0.3394523021366205
0.3391513692446554
0.3391513692446554
0.33900090279867284
0.3391513692446554
0.33930183569063793
0.33975323502858557
0.3399037014745681
0.3402046343665332
0.34170929882635864
0.3432139632861841
0.34336442973216663
0.3435148961781492
0.34411676196207935
0.34471862774600953
0.3448690941919921
0.3463737586518175
0.34652422509780006
0.3475774902196779
0.3475774902196779
0.34787842311164296
0.34817935600360805
0.34817935600360805
0.3489316882335208
0.3490821546795033
0.34923262112548586
0.35058681913932876
0.3507372855853113
0.35088775203129385
0.3510382184772764
0.3513391513692415
0.3516400842612066
0.34953355401745095
0.3480288895576255
0.34817935600360805
0.3489316882335208
0.3490821546795033
0.3486307553415557
0.34848028889557314
0.3475774902196779
0.3475774902196779
0.3477279566656604
0.3477279566656604
0.3483298224495906
0.3483298224495906
0.34923262112548586
0.35013541980138113
0.3499849533553986
0.3499849533553986
0.3502858862473637
0.3504363526933462
0.3510382184772764
0.3513391513692415
0.3513391513692415
0.3516400842612066
0.3520914835991542
0.3523924164911193
0.3537466145049622
0.3537466145049622
0.35419801384290983
0.3557026783027353
0.35600361119470036
0.3561540776406829
0.35630454408666545
0.35630454408666545
0.35630454408666545
0.356455010532648
0.35660547697863054
0.3570568763165782
0.3578092085464909
0.358110141438456
0.3588624736683687
0.35901294011435125
0.35931387300631634
0.3594643394522989
0.3599157387902465
0.3605176045741767
0.3605176045741767
0.36096900391212433
0.3615708696960545
0.3612699368040894
0.3611194703581069
0.36142040325007196
0.36202226903400214
0.3621727354799847
0.3626241348179323
0.36277460126391486
0.36307553415587995
0.3639783328317752
0.36442973216972285
0.36473066506168794
0.3648811315076705
0.36503159795365303
0.36638579596749593
0.36683719530544356
0.3672885946433912
0.3675895275353563
0.3675895275353563
0.3680409268733039
0.36849232621125155
0.36849232621125155
0.3686427926572341
0.36909419199518173
0.36909419199518173
0.3693951248871468
0.3696960577791119
0.3696960577791119
0.37014745711705954
0.36984652422509445
0.3702979235630421
0.3710502557929548
0.371652121576885
0.37180258802286753
0.37180258802286753
0.3719530544688501
0.3721035209148326
0.37225398736081516
0.3724044538067977
0.37255492025278025
0.3727053866987628
0.3734577189286755
0.37360818537465806
0.3740595847126057
0.37451098405055333
0.3743605176045708
0.3746614504965359
0.37496238338850096
0.3754137827264486
0.3754137827264486
0.37496238338850096
0.3751128498344835
0.3754137827264486
0.37556424917243114
0.3757147156184137
0.37586518206439623
0.37631658140234386
0.37661751429430895
0.3797773096599424
0.3805296418898551
0.3808305747818202
0.3811315076737853
0.3814324405657504
0.38128197411976783
0.3815829070117329
0.38173337345771546
0.381883839903698
0.38203430634968055
0.38368943725548854
0.3842913030394187
0.38399037014745363
0.3842913030394187
0.38474270237736635
0.38474270237736635
0.3848931688233489
0.3848931688233489
0.38338850436352345
0.38368943725548854
0.3838399037014711
0.3841408365934362
0.3842913030394187
0.38444176948540126
0.3845922359313838
0.38444176948540126
0.38579596749924416
0.38579596749924416
0.3859464339452267
0.38609690039120925
0.3862473668371918
0.38579596749924416
0.38534456816129653
0.3854950346072791
0.3859464339452267
0.3848931688233489
0.38504363526933144
0.386849232621122
0.386849232621122
0.38715016551308706
0.3876015648510347
0.3879024977429998
0.3882034306349649
0.38880529641889505
0.38910622931086014
0.39211555823051103
0.39256695756845866
0.3927174240144412
0.3930183569064063
0.39316882335238884
0.39286789046042375
0.39392115558230156
0.3936202226903365
0.3936202226903365
0.39392115558230156
0.393770689136319
0.3940716220282841
0.3946734878122143
0.39557628648810955
0.3967800180559699
0.397080950947935
0.39828468251579535
0.39888654829972553
0.3990370147457081
0.3991874811916906
0.400391212759551
0.4005416792055335
0.4005416792055335
0.4011435449894637
0.4014444778814288
0.4014444778814288
0.40159494432741133
0.4018958772193764
0.4018958772193764
0.4018958772193764
0.40204634366535896
0.4021968101113415
0.40234727655732405
0.4024977430033066
0.4024977430033066
0.40264820944928914
0.40294914234125423
0.40340054167920186
0.4035510081251844
0.40370147457116695
0.40370147457116695
0.4038519410171495
0.4046042732470622
0.4049052061390273
0.40535660547697494
0.4055070719229575
0.40610893770688766
0.40806500150466074
0.4086668672885909
0.408967800180556
0.40941919951850364
0.41107433042431163
0.41182666265422435
0.412278061992172
0.41242852843815453
0.412278061992172
0.41242852843815453
0.412278061992172
0.4127294613301196
0.4125789948841371
0.4125789948841371
0.41242852843815453
0.412278061992172
0.41212759554618944
0.4119771291002069
0.4119771291002069
0.41212759554618944
0.41212759554618944
0.41212759554618944
0.41212759554618944
0.41212759554618944
0.41212759554618944
0.412278061992172
0.41287992777610216
0.4133313271140498
0.41348179356003234
0.41619018958771814
0.41649112247968323
0.4170929882636134
0.4166415889256658
0.41694252181763086
0.4173939211555785
0.41754438760156104
0.41829671983147376
0.4201023171832643
0.42025278362924684
0.4204032500752294
0.42055371652121193
0.42190791453505483
0.42326211254889773
0.4238639783328279
0.42401444477881045
0.4244658441167581
0.4244658441167581
0.42536864279265335
0.4268733072524788
0.4276256394823915
0.4268733072524788
0.42837797171230424
0.42867890460426933
0.43003310261811223
0.43108636773999004
0.4315377670779377
0.43183869996990276
0.43213963286186785
0.4328919650917806
0.43274149864579803
0.43349383087571075
0.4336442973216933
0.43409569665964093
0.434396629551606
0.43454709599758856
0.43484802888955365
0.4349984953355362
0.43514896178151874
0.4352994282275013
0.43680409268732673
0.4366536262413442
0.43725549202527436
0.43785735780920454
0.43860969003911726
0.43921155582304744
0.4404152873909078
0.4411676196208205
0.44131808606680306
0.4423713511886809
0.44628347878422703
0.4464339452302096
0.4465844116761921
0.44673487812217466
0.4464339452302096
0.4465844116761921
0.44673487812217466
0.4471862774601223
0.44733674390610484
0.4471862774601223
0.44733674390610484
0.4474872103520874
0.4482395425820001
0.44914234125789537
0.451248871501651
0.4515498043936161
0.4530544688534415
0.452904002407459
0.45275353596147644
0.45320493529942407
0.45380680108335425
0.45350586819138916
0.4536563346373717
0.45380680108335425
0.45410773397531934
0.45380680108335425
0.4544086668672844
0.45591333132710987
0.4560637977730924
0.4560637977730924
0.4563647306650575
0.4566656635570226
0.45681613000300514
0.4569665964489877
0.4569665964489877
0.459825458922656
0.45997592536863857
0.46057779115256875
0.4604273247065862
0.4610291904905164
0.4610291904905164
0.46223292205837674
0.46298525428828946
0.46298525428828946
0.463135720734272
0.4637375865182022
0.4638880529641847
0.4644899187481149
0.46479085164008
0.46494131808606254
0.46494131808606254
0.46539271742401017
0.46629551609990544
0.46764971411374834
0.4682515798976785
0.46900391212759124
0.46945531146553887
0.47005717724946905
0.47035811014143414
0.4706590430333992
0.4706590430333992
0.4705085765874167
0.4705085765874167
0.47035811014143414
0.4720132410472421
0.47216370749322467
0.4729160397231374
0.47442070418296284
0.47442070418296284
0.47487210352091047
0.475022569966893
0.47517303641287556
0.4756244357508232
0.4769786337646661
0.4774300331026137
0.476677700872701
0.47758049954859627
0.478332831778509
0.4786337646704741
0.47953656334636935
0.4813421606981599
0.4813421606981599
0.4817935600361075
0.4826963587120028
0.48299729160396787
0.4834486909419155
0.4855552211856711
0.4858561540776362
0.48600662052361876
0.48600662052361876
0.48901594944326965
0.49172434547095545
0.491874811916938
0.49202527836292054
0.49247667770086817
0.4926271441468507
0.49277761059283326
0.49337947637676344
0.49443274149864125
0.49548600662051906
0.49578693951248415
0.49548600662051906
0.4956364730665016
0.4956364730665016
0.49578693951248415
0.4959374059584667
0.49608787240444924
0.4962383388504318
0.4966897381883794
0.49684020463436196
0.4983448690941874
0.4986458019861525
0.49924766777008267
0.4993981342160652
0.5007523322299083
0.5024074631357169
0.5025579295816995
0.5048149262714385
0.5051158591634037
0.5051158591634037
0.5051158591634037
0.5057177249473341
0.5069214565151949
0.5076737887451079
0.5081251880830557
0.5082756545290383
0.5084261209750209
0.5085765874210035
0.5085765874210035
0.5088775203129687
0.5096298525428817
0.5103821847727947
0.5103821847727947
0.5136924465844119
0.5142943123683423
0.5141438459223597
0.5141438459223597
0.5145952452603075
0.5150466445982553
0.5156485103821857
0.5159494432741509
0.5157989768281683
0.5156485103821857
0.5168522419500465
0.5179055070719247
0.5188083057478203
0.5189587721938029
0.5191092386397855
0.5197111044237159
0.5198615708696985
0.5200120373156811
0.5201625037616637
0.5204634366536289
0.5206139030996115
0.5207643695455941
0.5207643695455941
0.5206139030996115
0.5218176346674723
0.5218176346674723
0.5224195004514027
0.5231718326813157
0.5248269635871243
0.5251278964790895
0.5251278964790895
0.5257297622630199
0.5258802287090025
0.5261811616009677
0.5270839602768633
0.5278362925067763
0.5284381582907067
0.5285886247366893
0.5287390911826719
0.5288895576286545
0.5294914234125849
0.5300932891965153
0.5303942220884805
0.5306951549804457
0.5305446885344631
0.5320493529942891
0.5326512187782195
0.5331026181161673
0.5334035510081325
0.5337044839000977
0.5338549503460803
0.5340054167920629
0.5353596148059063
0.5355100812518889
0.5353596148059063
0.5356605476978715
0.5386698766175235
0.5388203430635061
0.5403250075233321
0.5403250075233321
0.5404754739693147
0.5407764068612799
0.5409268733072625
0.5413782726452103
0.5413782726452103
0.5416792055371755
0.5416792055371755
0.5418296719831581
0.5427324706590537
0.5425820042130711
0.5424315377670885
0.5430334035510189
0.5434848028889667
0.5433343364429841
0.5433343364429841
0.5434848028889667
0.5436352693349493
0.5449894673487927
0.5455913331327231
0.5457417995787057
0.5467950647005839
0.5469455311465665
0.5476978633764795
0.5484501956063925
0.5486006620523751
0.5486006620523751
0.5490520613903229
0.5498043936202359
0.5501053265122011
0.5529641889858705
0.5529641889858705
0.5528137225398879
0.5529641889858705
0.5529641889858705
0.5528137225398879
0.5529641889858705
0.5528137225398879
0.5526632560939053
0.5526632560939053
0.5526632560939053
0.5528137225398879
0.5528137225398879
0.5528137225398879
0.5544688534456965
0.5546193198916791
0.5559735179055225
0.5564249172434703
0.5568763165814181
0.5577791152573137
0.5579295817032963
0.5580800481492789
0.5594342461631223
0.5595847126091049
0.5597351790550875
0.5598856455010701
0.5612398435149135
0.5615407764068787
0.5619921757448265
0.5628949744207221
0.5633463737586699
0.5637977730966177
0.5639482395426003
0.5640987059885829
0.5642491724345655
0.5643996388805481
0.5645501053265307
0.5647005717725133
0.5648510382184959
0.5660547697863567
0.5662052362323393
0.5669575684622523
0.5689136322600261
0.5687631658140435
0.5692145651519913
0.5699668973819043
0.5707192296118173
0.5708696960577999
0.5716220282877129
0.5726752934095911
0.5732771591935215
0.5746313572073649
0.5768883538971039
0.5773397532350517
0.5779416190189821
0.5797472163707733
0.5808004814926515
0.5814023472765819
0.5815528137225645
0.5818537466145297
0.5823051459524775
0.5826060788444427
0.5830574781823905
0.5839602768582861
0.5857658742100773
0.5862172735480251
0.5869696057779381
0.5875714715618685
0.5880228708998163
0.5893770689136597
0.5893770689136597
0.5905808004815205
0.5944929280770681
0.5979536563346679
0.5981041227806505
0.5990069214565461
0.5990069214565461
0.5997592536864591
0.5999097201324417
0.6000601865784243
0.6002106530244069
0.6005115859163721
0.6006620523623547
0.6008125188083373
0.6009629852543199
0.6015648510382503
0.6026181161601285
0.6024676497141459
0.6044237135119197
0.6045741799579023
0.6045741799579023
0.6048751128498675
0.6047246464038849
0.6056274450797805
0.6057779115257631
0.6059283779717457
0.6062293108637109
0.6063797773096935
0.6066807102016587
0.6071321095396065
0.6086367739994325
0.6093891062293455
0.6095395726753281
0.6102919049052411
0.6113451700271193
0.6114956364731019
0.6120975022570323
0.6126993680409627
0.6136021667168583
0.6140535660548061
0.6151068311766843
0.6155582305146321
0.6176647607583885
0.6185675594342841
0.6199217574481275
0.6211254890159883
0.6220282876918839
0.6223292205838491
0.6227806199217969
0.6230815528137621
0.6230815528137621
0.6238338850436751
0.6239843514896577
0.6241348179356403
0.6244357508276055
0.6245862172735881
0.6247366837195707
0.6248871501655533
0.6260908817334141
0.6259404152874315
0.6260908817334141
0.6262413481793967
0.6263918146253793
0.6266927475173445
0.6277460126392227
0.6278964790852053
0.6280469455311879
0.6284983448691357
0.6291002106530661
0.6294011435450313
0.6309058080048573
0.6309058080048573
0.6307553415588747
0.6306048751128921
0.6304544086669095
0.6322600060187007
0.6324104724646833
0.6336142040325441
0.6337646704785267
0.6343665362624571
0.6348179356004049
0.6351188684923701
0.6351188684923701
0.6357207342763005
0.6358712007222831
0.6361721336142483
0.6370749322901439
0.6379777309660395
0.6385795967499699
0.6393319289798829
0.6408365934397089
0.6461029190490999
0.6462533854950825
0.6464038519410651
0.6465543183870477
0.6467047848330303
0.6471561841709781
0.6470057177249955
0.6479085164008911
0.6482094492928563
0.6497141137526823
0.6503159795366127
0.6506169124285779
0.6506169124285779
0.6504664459825953
0.6503159795366127
0.6521215768884039
0.6519711104424213
0.6519711104424213
0.6518206439964387
0.6525729762263517
0.6528739091183169
0.6528739091183169
0.6531748420102821
0.6534757749022473
0.6534757749022473
0.6537767077942125
0.6542281071321603
0.6549804393620733
0.6555823051460037
0.6561841709299341
0.6572374360518123
0.6575383689437775
0.6579897682817253
0.6582907011736905
0.6585916340656557
0.6588925669576209
0.6593439662955687
0.6600962985254817
0.6605476978634295
0.6614504965393251
0.6617514294312903
0.6622028287692381
0.6623532952152207
0.6629551609991511
0.6635570267830815
0.6643093590129945
0.6649112247969249
0.6650616912429075
0.6650616912429075
0.6650616912429075
0.6652121576888901
0.6653626241348727
0.6655130905808553
0.6656635570268379
0.6658140234728205
0.6659644899188031
0.6664158892567509
0.6673186879326465
0.6679205537165769
0.6680710201625595
0.6689738188384551
0.6691242852844377
0.6694252181764029
0.6707794161902463
0.6710803490822115
0.6719831477581071
0.6724345470960549
0.6731868793259679
0.6739392115558809
0.6745410773398113
0.6751429431237417
0.6769485404755329
0.6777008727054459
0.6786036713813415
0.6787541378273241
0.6789046042733067
0.6796569365032197
0.6808606680710805
0.6813120674090283
0.6819139331929587
0.6820643996389413
0.6823653325309065
0.6825157989768891
0.6826662654228717
0.6838699969907325
0.6846223292206455
0.6850737285585933
0.6853746614505585
0.6853746614505585
0.6853746614505585
0.6862774601264541
0.6874811916943149
0.6876316581402975
0.6886849232621757
0.6888353897081583
0.6910923863978973
0.6916942521818277
0.6922961179657581
0.6925970508577233
0.6950045139934449
0.6951549804394275
0.6957568462233579
0.6962082455613057
0.6963587120072883
0.6963587120072883
0.6983147758050621
0.6993680409269403
0.7001203731568533
0.7007222389407837
0.7008727053867663
0.7020764369546271
0.7017755040626619
0.7023773698465923
0.7028287691845401
0.7040325007524009
0.7046343665363313
0.7052362323202617
0.7062894974421399
0.7068913632260703
0.7079446283479485
0.7085464941318789
0.7092988263617919
0.7102016250376875
0.7100511585917049
0.7124586217274265
0.7126090881734091
0.7150165513091307
0.7148660848631481
0.7148660848631481
0.7147156184171655
0.7153174842010959
0.7154679506470785
0.7156184170930611
0.7157688835390437
0.7159193499850263
0.7160698164310089
0.7163707493229741
0.7168221486609219
0.7169726151069045
0.7183268131207479
0.7184772795667305
0.7190791453506609
0.7192296117966435
0.7195305446886087
0.7195305446886087
0.7211856755944173
0.7216370749323651
0.7217875413783477
0.7219380078243303
0.7220884742703129
0.7222389407162955
0.7222389407162955
0.7222389407162955
0.7222389407162955
0.7222389407162955
0.7229912729462085
0.7234426722841563
0.7249473367439823
0.7276557327716691
0.7281071321096169
0.7297622630154255
0.7297622630154255
0.7297622630154255
0.7305145952453385
0.7311164610292689
0.7308155281373037
0.7309659945832863
0.7320192597051645
0.7341257899489209
0.7344267228408861
0.7342762563949035
0.7353295215167817
0.7353295215167817
0.7356304544087469
0.7360818537466947
0.7368341859766077
0.7369846524225903
0.7377369846525033
0.7386397833283989
0.7390911826663467
0.7390911826663467
0.7390911826663467
0.7393921155583119
0.7393921155583119
0.7393921155583119
0.7401444477882249
0.7422509780319813
0.7427023773699291
0.7436051760458247
0.7439061089377899
0.7442070418297551
0.7445079747217203
0.7452603069516333
0.7455612398435985
0.7461631056275289
0.7466145049654767
0.747216370749407
0.7473668371953897
0.7475173036413723
0.7478182365333375
0.7481191694253027
0.7485705687632505
0.7485705687632505
0.7508275654529895
0.750978031898972
0.7512789647909373
0.7518808305748677
0.7575985555222065
0.7580499548601543
0.7582004213061369
0.7586518206440847
0.7586518206440847
0.7588022870900673
0.7589527535360499
0.7588022870900673
0.7598555522119455
0.7604574179958759
0.7609088173338237
0.7613602166717715
0.761510683117754
0.7619620824557019
0.762263015347667
0.7624134817936496
0.7625639482396322
0.7628648811315974
0.7646704784833886
0.7670779416191102
0.7678302738490232
0.7681312067409884
0.7687330725249188
0.7688835389709014
0.769034005416884
0.7696358712008144
0.7711405356606404
0.771291002106623
0.7714414685526056
0.7738489316883272
0.774300331026275
0.7744507974722576
0.7746012639182402
0.7747517303642228
0.7749021968102054
0.7755040625941358
0.7756545290401184
0.775804995486101
0.775804995486101
0.7762563948240488
0.7764068612700314
0.7791152572977182
0.7794161901896834
0.7798675895276312
0.7801685224195964
0.7800180559736138
0.7809208546495094
0.7813722539874572
0.7815227204334398
0.7816731868794224
0.7827264520013006
0.784080650015144
0.7843815829071092
0.7845320493530918
0.7851339151370222
0.7867890460428308
0.7896479085165002
0.7897983749624828
0.7899488414084654
0.790099307854448
0.7902497743004306
0.7904002407464132
0.7905507071923958
0.7920553716522218
0.7926572374361522
0.7928077038821348
0.7929581703281174
0.7932591032200826
0.7935600361120478
0.7937105025580304
0.7940114354499956
0.7940114354499956
0.793860969004013
0.7941619018959782
0.7944628347879434
0.7943123683419608
0.7967198314776824
0.7965693650316998
0.7982244959375084
0.8004814926272474
0.801384291303143
0.801384291303143
0.8012338248571604
0.8010833584111778
0.8009328919651952
0.8007824255192126
0.8009328919651952
0.8007824255192126
0.8007824255192126
0.8007824255192126
0.80063195907323
0.8007824255192126
0.8010833584111778
0.8012338248571604
0.802136623533056
0.8022870899790386
0.8025880228710038
0.8024375564250212
0.8027384893169864
0.8030394222089516
0.8049954860067254
0.8049954860067254
0.8057478182366384
0.805898284682621
0.8072524826964644
0.8075534155884296
0.8075534155884296
0.8078543484803948
0.8090580800482556
0.8092085464942382
0.8093590129402208
0.8095094793862034
0.809659945832186
0.8101113451701338
0.810412278062099
0.8108636774000468
0.811164610292012
0.8113150767379946
0.8123683418598728
0.8125188083058554
0.812669274751838
0.8125188083058554
0.8123683418598728
0.8122178754138902
0.8122178754138902
0.8120674089679076
0.811916942521925
0.8117664760759424
0.8116160096299598
0.8114655431839772
0.8113150767379946
0.811164610292012
0.8150767378875596
0.8155281372255074
0.8180860668072116
0.8183869996991768
0.818687932591142
0.8192897983750724
0.8195907312670376
0.8215467950648114
0.8230514595246374
0.8238037917545504
0.8236533253085678
0.8238037917545504
0.823954258200533
0.8241047246465156
0.8242551910924982
0.8244056575384808
0.8245561239844634
0.8248570568764286
0.8250075233224112
0.8253084562143764
0.825458922660359
0.8256093891063416
0.8265121877822372
0.826963587120185
0.8272645200121502
0.8280168522420632
0.8286187180259936
0.8287691844719762
0.8290701173639414
0.8293710502559066
0.8343364429733324
0.8362925067711062
0.8362925067711062
0.8362925067711062
0.8364429732170888
0.8365934396630714
0.8377971712309322
0.8377971712309322
0.8403551008126364
0.840505567258619
0.8408065001505842
0.841257899488532
0.8448690941921144
0.845019560638097
0.8451700270840796
0.8453204935300622
0.8454709599760448
0.8456214264220274
0.84577189286801
0.8459223593139926
0.8462232922059578
0.8474270237738186
0.8475774902198012
0.8477279566657838
0.8492326211256098
0.849533554017575
0.8496840204635576
0.8504363526934706
0.8505868191394532
0.8507372855854358
0.851038218477401
0.8514896178153488
0.851790550707314
0.8520914835992792
0.8522419500452618
0.852542882937227
0.8529942822751748
0.85329521516714
0.8535961480591052
0.8537466145050878
0.8543484802890182
0.8560036111948268
0.8564550105327746
0.857809208546618
0.858561540776531
0.859313873006444
0.8596148058984092
0.8612699368042178
0.8621727354801134
0.8624736683720786
0.8626241348180612
0.8627746012640438
0.863075534156009
0.8636773999399394
0.8662353295216436
0.8666867288595914
0.8671381281975392
0.8686427926573652
0.8687932591033478
0.8687932591033478
0.8687932591033478
0.8687932591033478
0.8687932591033478
0.8687932591033478
0.8687932591033478
0.869094191995313
0.8692446584412956
0.8693951248872782
0.8701474571171912
0.8702979235631738
0.8707493229011216
0.8708997893471042
0.8710502557930868
0.8712007222390694
0.871351188685052
0.8715016551310346
0.8719530544689824
0.872103520914965
0.8725549202529128
0.873608185374791
0.8746614504966692
0.875112849834617
0.8760156485105126
0.876617514294443
0.8772193800783734
0.8776707794163212
0.878122178754269
0.8782726452002516
0.8785735780922168
0.878874510984182
0.8790249774301646
0.8791754438761472
0.8791754438761472
0.879626843214095
0.8797773096600776
0.879626843214095
0.879626843214095
0.880379175444008
0.8812819741199036
0.8814324405658862
0.8817333734578514
0.8815829070118688
0.881883839903834
0.8821847727957992
0.8824857056877644
0.8829371050257122
0.8832380379176774
0.8844417694855382
0.884893168823486
0.885645501053399
0.8862473668373294
0.8866987661752772
0.8868492326212598
0.8869996990672424
0.887150165513225
0.8873006319592076
0.8877520312971554
0.887902497743138
0.8880529641891206
0.8882034306351032
0.8883538970810858
0.8904604273248422
0.8906108937708248
0.8915136924467204
0.8915136924467204
0.893168823352529
0.8951248871503028
0.8955762864882506
0.8957267529342332
0.8958772193802158
0.8967800180561114
0.896930484502094
0.8970809509480766
0.8972314173940592
0.8973818838400418
0.8975323502860244
0.897682816732007
0.8978332831779896
0.8979837496239722
0.8981342160699548
0.8982846825159374
0.89843514896192
0.8985856154079026
0.8987360818538852
0.8990370147458504
0.899187481191833
0.8994884140837982
0.8996388805297808
0.8997893469757634
0.899939813421746
0.9000902798677286
0.9002407463137112
0.9008426120976416
0.9020463436655024
0.902949142341398
0.9034005416793458
0.9058080048150674
0.90595847126105
0.9080650015048064
0.9091182666266846
0.9094191995186498
0.9095696659646324
0.9118266626543714
0.912729461330267
0.9140836593441104
0.914234125790093
0.9145350586820582
0.9148359915740234
0.914986458020006
0.9152873909119712
0.9154378573579538
0.915738790249919
0.9158892566959016
0.9160397231418842
0.9188985856155536
0.9204032500753796
0.9216069816432404
0.9238639783329794
0.9253686427928054
0.9273247065905792
0.927776105928527
0.92852843815844
0.9291303039423704
0.929280770388353
0.9301835690642486
0.9303340355102312
0.930785434848179
0.9310863677401442
0.931537767078092
0.9318386999700572
0.9319891664160398
0.932290099308005
0.9324405657539876
0.9328919650919354
0.933042431537918
0.934547095997744
0.9349984953356918
0.9351489617816744
0.9356003611196222
0.9362022269035526
0.9366536262415004
0.936804092687483
0.9369545591334656
0.9372554920254308
0.9378573578093612
0.9386096900392742
0.9395124887151698
0.941318086066961
0.9416190189589262
0.9419199518508914
0.9422208847428566
0.9425218176348218
0.9432741498647348
0.9434246163107174
0.9441769485406304
0.9449292807705434
0.945079747216526
0.9452302136625086
0.9456816130004564
0.945832079446439
0.9459825458924216
0.9468853445683172
0.9470358110142998
0.9476376767982302
0.9485404754741258
0.948841408366091
0.9491423412580562
0.9492928077040388
0.9494432741500214
0.9500451399339518
0.9507974721638648
0.9509479386098474
0.95109840505583
0.9515498043937778
0.9517002708397604
0.951850737285743
0.9520012037317256
0.9521516701777082
0.9523021366236908
0.9524526030696734
0.952603069515656
0.9544086668674472
0.9545591333134298
0.9547095997594124
0.954860066205395
0.9550105326513776
0.9551609990973602
0.9554619319893254
0.9566656635571862
0.957117062895134
0.9575684622330818
0.9584712609089774
0.95862172735496
0.9595245260308556
0.9599759253688034
0.9605777911527338
0.9614805898286294
0.9617815227205946
0.9626843213964902
0.963135720734438
0.9637375865183684
0.963888052964351
0.9647908516402466
0.965392717424177
0.9656936503161422
0.9664459825460552
0.9665964489920378
0.9667469154380204
0.9670478483299856
0.9673487812219508
0.9688534456817768
0.9690039121277594
0.9702076436956202
0.9703581101416028
0.9709599759255332
0.9730665061692896
0.9754739693050112
0.9775804995487676
0.9793860969005588
0.9805898284684196
0.9807402949144022
0.98119169425235
0.9828468251581586
0.9832982244961064
0.9843514896179846
0.9848028889559324
0.9851038218478976
0.9860066205237932
0.9867589527537062
0.9876617514296018
0.9878122178755844
0.987962684321567
0.9893168823354104
0.9900692145653234
0.9903701474572886
0.9914234125791668
0.991724345471132
0.9920252783630972
0.9921757448090798
0.992476677701045
0.9930785434849754
0.993229009930958
0.9936804092689058
0.9938308757148884
0.993981342160871
0.9950346072827492
0.9953355401747144
0.9956364730666796
0.9957869395126622
0.9960878724046274
0.99623833885061
0.9963888052965926
0.9965392717425752
0.9966897381885578
0.9972916039724882
0.9974420704184708
0.9975925368644534
0.997743003310436
0.9978934697564186
0.9981944026483838
0.9983448690943664
0.998495335540349
0.9990972013242794
0.999247667770262
0.9993981342162446
0.9996990671082098
0.9998495335541924
1.000000000000175
