0.2803189888654805
0.28046945531146306
0.2809208546494107
0.2809208546494107
0.28107132109539323
0.28107132109539323
0.28107132109539323
0.28107132109539323
0.2809208546494107
0.2812217875413758
0.2816731868793234
0.28182365332530596
0.28182365332530596
0.2816731868793234
0.2816731868793234
0.2813722539873583
0.2813722539873583
0.28107132109539323
0.2812217875413758
0.2813722539873583
0.2813722539873583
0.2813722539873583
0.2812217875413758
0.2813722539873583
0.2813722539873583
0.2813722539873583
0.2812217875413758
0.28182365332530596
0.28182365332530596
0.28182365332530596
0.28317785133914886
0.2827264520012012
0.2830273848931663
0.2827264520012012
0.2813722539873583
0.28182365332530596
0.28182365332530596
0.2816731868793234
0.2809208546494107
0.2809208546494107
0.28077038820342815
0.2812217875413758
0.2812217875413758
0.28182365332530596
0.2819741197712885
0.2816731868793234
0.28152272043334087
0.2812217875413758
0.28107132109539323
0.28107132109539323
0.2809208546494107
0.28107132109539323
0.28107132109539323
0.28077038820342815
0.2809208546494107
0.28077038820342815
0.2795666566355678
0.2795666566355678
0.27911525729762016
0.27941619018958525
0.2792657237436027
0.2792657237436027
0.27911525729762016
0.27941619018958525
0.27941619018958525
0.2795666566355678
0.2792657237436027
0.2792657237436027
0.2792657237436027
0.27911525729762016
0.2789647908516376
0.2789647908516376
0.2789647908516376
0.2789647908516376
0.27911525729762016
0.2789647908516376
0.2789647908516376
0.2789647908516376
0.2789647908516376
0.27881432440565507
0.27881432440565507
0.2786638579596725
0.2786638579596725
0.27851339151369
0.2786638579596725
0.27881432440565507
0.27881432440565507
0.27881432440565507
0.27806199217574235
0.2782124586217249
0.27836292506770743
0.27851339151369
0.27851339151369
0.2779115257297598
0.2782124586217249
0.2782124586217249
0.27836292506770743
0.2782124586217249
0.2782124586217249
0.2782124586217249
0.2759554619319867
0.2759554619319867
0.27610592837796927
0.27610592837796927
0.2758049954860042
0.2758049954860042
0.27565452904002163
0.2755040625940391
0.27565452904002163
0.27535359614805655
0.27535359614805655
0.27475173036412637
0.2738489316882311
0.27399939813421365
0.27264520012037075
0.27264520012037075
0.27264520012037075
0.27294613301233583
0.2732470659043009
0.2732470659043009
0.27294613301233583
0.27294613301233583
0.2727956665663533
0.2732470659043009
0.2732470659043009
0.2732470659043009
0.2732470659043009
0.2732470659043009
0.273547998796266
0.27369846524224856
0.27369846524224856
0.27399939813421365
0.27430033102617873
0.2762563948239518
0.27565452904002163
0.27565452904002163
0.2758049954860042
0.2758049954860042
0.2759554619319867
0.276858260607882
0.27700872705386453
0.2779115257297598
0.2782124586217249
0.27700872705386453
0.2771591934998471
0.2771591934998471
0.2762563948239518
0.27640686126993436
0.2762563948239518
0.27640686126993436
0.2759554619319867
0.2758049954860042
0.2759554619319867
0.2759554619319867
0.2759554619319867
0.27565452904002163
0.27565452904002163
0.2755040625940391
0.27535359614805655
0.275203129702074
0.275203129702074
0.2755040625940391
0.2758049954860042
0.27610592837796927
0.27610592837796927
0.27610592837796927
0.2762563948239518
0.2762563948239518
0.27640686126993436
0.27640686126993436
0.2771591934998471
0.27700872705386453
0.2782124586217249
0.2776105928377947
0.2776105928377947
0.27776105928377726
0.2786638579596725
0.2789647908516376
0.27836292506770743
0.27851339151369
0.27851339151369
0.27851339151369
0.27836292506770743
0.2786638579596725
0.2786638579596725
0.2782124586217249
0.27851339151369
0.27851339151369
0.27836292506770743
0.27836292506770743
0.2786638579596725
0.27851339151369
0.27806199217574235
0.27806199217574235
0.27806199217574235
0.27806199217574235
0.27881432440565507
0.2786638579596725
0.27700872705386453
0.27746012639181217
0.27776105928377726
0.27776105928377726
0.27776105928377726
0.27776105928377726
0.2782124586217249
0.27851339151369
0.27851339151369
0.27851339151369
0.27881432440565507
0.27881432440565507
0.27851339151369
0.2782124586217249
0.27881432440565507
0.27851339151369
0.2779115257297598
0.27776105928377726
0.2782124586217249
0.2779115257297598
0.27806199217574235
0.27806199217574235
0.27806199217574235
0.27836292506770743
0.27851339151369
0.27911525729762016
0.2792657237436027
0.2792657237436027
0.27881432440565507
0.2786638579596725
0.27851339151369
0.2786638579596725
0.2795666566355678
0.2795666566355678
0.27971712308155033
0.2798675895275329
0.2800180559735154
0.2800180559735154
0.28046945531146306
0.28077038820342815
0.2812217875413758
0.2813722539873583
0.2809208546494107
0.2809208546494107
0.28077038820342815
0.28077038820342815
0.2819741197712885
0.28182365332530596
0.28182365332530596
0.2822750526632536
0.2822750526632536
0.28317785133914886
0.2830273848931663
0.2830273848931663
0.2827264520012012
0.2827264520012012
0.2827264520012012
0.28287691844718377
0.2827264520012012
0.2827264520012012
0.2830273848931663
0.2830273848931663
0.28287691844718377
0.2827264520012012
0.2827264520012012
0.2839301835690616
0.2839301835690616
0.2840806500150441
0.2836292506770965
0.2833283177851314
0.28317785133914886
0.2836292506770965
0.2833283177851314
0.2830273848931663
0.28287691844718377
0.2830273848931663
0.2830273848931663
0.2830273848931663
0.2830273848931663
0.28287691844718377
0.28287691844718377
0.28377971712307903
0.2840806500150441
0.2840806500150441
0.2839301835690616
0.2840806500150441
0.28423111646102667
0.2843815829070092
0.2833283177851314
0.2833283177851314
0.2825759855552187
0.28287691844718377
0.28317785133914886
0.28317785133914886
0.2833283177851314
0.2833283177851314
0.2833283177851314
0.28347878423111394
0.28377971712307903
0.2839301835690616
0.2849834486909394
0.28483298224495684
0.2849834486909394
0.2840806500150441
0.285434848028887
0.2860367138128172
0.2879927776105903
0.288745109840503
0.288745109840503
0.28859464339452046
0.2907011736382761
0.29160397231417134
0.2917544387601539
0.2917544387601539
0.29130303942220626
0.29130303942220626
0.2911525729762237
0.2914535058681888
0.2917544387601539
0.29100210653024117
0.2908516400842586
0.29100210653024117
0.2911525729762237
0.29100210653024117
0.2911525729762237
0.29100210653024117
0.29100210653024117
0.29100210653024117
0.29100210653024117
0.29100210653024117
0.29130303942220626
0.2914535058681888
0.2938609690039095
0.2935600361119444
0.2938609690039095
0.2938609690039095
0.2944628347878397
0.2944628347878397
0.2941619018958746
0.2941619018958746
0.29401143544989206
0.2941619018958746
0.2941619018958746
0.2944628347878397
0.2944628347878397
0.2944628347878397
0.29431236834185714
0.2935600361119444
0.29371050255792697
0.29371050255792697
0.29431236834185714
0.2947637676798048
0.29566656635570004
0.2958170328016826
0.29671983147757786
0.2974721637074906
0.2965693650315953
0.29641889858561277
0.2962684321396302
0.2962684321396302
0.2962684321396302
0.2961179656936477
0.2962684321396302
0.29641889858561277
0.29702076436954294
0.29671983147757786
0.2965693650315953
0.29671983147757786
0.2965693650315953
0.29671983147757786
0.29671983147757786
0.2965693650315953
0.29671983147757786
0.2968702979235604
0.2968702979235604
0.29671983147757786
0.2968702979235604
0.298976828167316
0.298976828167316
0.2988263617213335
0.2988263617213335
0.29867589527535093
0.2992777610592811
0.29942822750526366
0.3012338248570542
0.30003009328919383
0.30183569064098437
0.3019861570869669
0.30213662353294946
0.30213662353294946
0.30318988865482727
0.30379175443875744
0.3036412879927749
0.30349082154679236
0.30349082154679236
0.3033403551008098
0.30318988865482727
0.302287089978932
0.30213662353294946
0.3012338248570542
0.3012338248570542
0.3009328919650891
0.30108335841107164
0.3012338248570542
0.3009328919650891
0.30108335841107164
0.3012338248570542
0.3003310261811589
0.300631959073124
0.30078242551910656
0.3003310261811589
0.3003310261811589
0.30138429130303673
0.30138429130303673
0.3012338248570542
0.30108335841107164
0.30108335841107164
0.3016852241950018
0.3015347577490193
0.30138429130303673
0.3016852241950018
0.30183569064098437
0.30183569064098437
0.302287089978932
0.302287089978932
0.30243755642491454
0.30138429130303673
0.3016852241950018
0.3025880228708971
0.302287089978932
0.3025880228708971
0.3025880228708971
0.3025880228708971
0.30273848931687963
0.30273848931687963
0.3028889557628622
0.3028889557628622
0.3030394222088447
0.30138429130303673
0.3012338248570542
0.3012338248570542
0.3012338248570542
0.3012338248570542
0.3015347577490193
0.30138429130303673
0.30108335841107164
0.3012338248570542
0.3015347577490193
0.3016852241950018
0.30183569064098437
0.302287089978932
0.3015347577490193
0.30213662353294946
0.30318988865482727
0.30349082154679236
0.3033403551008098
0.3033403551008098
0.3036412879927749
0.30394222088474
0.30454408666867017
0.3046945531146527
0.3069515498043909
0.3074029491423385
0.3071020162503734
0.3071020162503734
0.3069515498043909
0.30680108335840833
0.30680108335840833
0.30680108335840833
0.3071020162503734
0.3083057478182338
0.3077038820343036
0.3077038820343036
0.30785434848028614
0.30785434848028614
0.3080048149262687
0.3080048149262687
0.30785434848028614
0.30860668071019887
0.3090580800481465
0.30920854649412904
0.30920854649412904
0.3090580800481465
0.3090580800481465
0.3090580800481465
0.30920854649412904
0.30920854649412904
0.30996087872404177
0.30996087872404177
0.31056274450797194
0.3107132109539545
0.3152272043334308
0.3155281372253959
0.31567860367137845
0.3155281372253959
0.31597953656334354
0.31703280168522135
0.3179356003611166
0.31808606680709917
0.31808606680709917
0.31868793259102934
0.31838699969906425
0.3185374661450468
0.31868793259102934
0.31868793259102934
0.3188383990370119
0.32079446283478497
0.3206439963888024
0.31974119771290715
0.31974119771290715
0.3198916641588897
0.31974119771290715
0.32004213060487224
0.32034306349683733
0.32004213060487224
0.32109539572675005
0.32109539572675005
0.32079446283478497
0.3206439963888024
0.32034306349683733
0.3206439963888024
0.32079446283478497
0.3212458621727326
0.3212458621727326
0.32139632861871514
0.3215467950646977
0.32214866084862787
0.32214866084862787
0.3222991272946104
0.3219981944026453
0.3239542582004184
0.32410472464640094
0.3242551910923835
0.32440565753836603
0.3245561239843486
0.32440565753836603
0.3247065904303311
0.3245561239843486
0.3245561239843486
0.3245561239843486
0.3256093891062264
0.3256093891062264
0.326060788444174
0.3259103219981915
0.326060788444174
0.32575985555220893
0.3253084562142613
0.32545892266024384
0.32545892266024384
0.3253084562142613
0.3253084562142613
0.3253084562142613
0.3253084562142613
0.32545892266024384
0.32651218778212165
0.32651218778212165
0.3266626542281042
0.3269635871200693
0.32756545290399947
0.3274149864580169
0.3269635871200693
0.327715919349982
0.3274149864580169
0.32756545290399947
0.3286187180258773
0.32937105025579
0.32922058380980745
0.3286187180258773
0.3287691844718598
0.3287691844718598
0.32891965091784237
0.3287691844718598
0.3287691844718598
0.3287691844718598
0.32982244959373763
0.32982244959373763
0.32982244959373763
0.32937105025579
0.32922058380980745
0.32937105025579
0.3290701173638249
0.32937105025579
0.32922058380980745
0.32922058380980745
0.32937105025579
0.32937105025579
0.32952151670177254
0.3296719831477551
0.3296719831477551
0.32922058380980745
0.32922058380980745
0.32937105025579
0.32937105025579
0.32937105025579
0.32952151670177254
0.3296719831477551
0.3296719831477551
0.3296719831477551
0.3304243153776678
0.3304243153776678
0.33027384893168527
0.3313271140535631
0.33117664760758053
0.3313271140535631
0.33117664760758053
0.3313271140535631
0.3314775804995456
0.3313271140535631
0.3314775804995456
0.3317785133915107
0.3317785133915107
0.3320794462834758
0.3331327114053536
0.33328317785133615
0.3334336442973187
0.33358411074330124
0.33358411074330124
0.33358411074330124
0.3337345771892838
0.3331327114053536
0.332681312067406
0.33388504363526633
0.33493830875714414
0.33493830875714414
0.3350887752031267
0.33523924164910923
0.3353897080950918
0.3355401745410743
0.33569064098705687
0.3355401745410743
0.3355401745410743
0.3358411074330394
0.33569064098705687
0.3358411074330394
0.33599157387902195
0.33629250677098704
0.33629250677098704
0.33629250677098704
0.3368943725549172
0.33704483900089977
0.3371953054468823
0.33734577189286485
0.3371953054468823
0.33704483900089977
0.33704483900089977
0.33704483900089977
0.3371953054468823
0.33734577189286485
0.3374962383388474
0.3374962383388474
0.33659343966295213
0.33659343966295213
0.3364429732169696
0.3364429732169696
0.3367439061089347
0.3368943725549172
0.33704483900089977
0.3368943725549172
0.33704483900089977
0.33734577189286485
0.3371953054468823
0.33734577189286485
0.3377971712308125
0.3371953054468823
0.33764670478482994
0.3377971712308125
0.33794763767679503
0.3380981041227776
0.33839903701474267
0.3388504363526903
0.33900090279867284
0.33869996990670775
0.33869996990670775
0.33869996990670775
0.3388504363526903
0.33900090279867284
0.33900090279867284
0.3394523021366205
0.339602768582603
0.33975323502858557
0.34005416792055065
0.3409569665964459
0.34110743304242847
0.34140836593439355
0.34110743304242847
0.341257899488411
0.34140836593439355
0.34140836593439355
0.34471862774600953
0.3450195606379746
0.34517002708395716
0.3453204935299397
0.34547095997592225
0.3456214264219048
0.34652422509780006
0.3466746915437826
0.34682515798976515
0.3469756244357477
0.34712609088173024
0.3472765573277128
0.3475774902196779
0.3477279566656604
0.3486307553415557
0.3489316882335208
0.3490821546795033
0.3507372855853113
0.3510382184772764
0.3510382184772764
0.3507372855853113
0.3507372855853113
0.3516400842612066
0.35148961781522403
0.35359614805897965
0.35389708095094474
0.3537466145049622
0.35389708095094474
0.3540475473969273
0.35389708095094474
0.35389708095094474
0.35389708095094474
0.35389708095094474
0.3540475473969273
0.3544989467348749
0.3544989467348749
0.35419801384290983
0.35389708095094474
0.35389708095094474
0.3543484802888924
0.3544989467348749
0.35464941318085746
0.35479987962684
0.35630454408666545
0.356455010532648
0.356455010532648
0.35660547697863054
0.3567559434246131
0.35690640987059563
0.3567559434246131
0.35690640987059563
0.3575082756545258
0.358110141438456
0.358110141438456
0.3584110743304211
0.3608185374661418
0.36096900391212433
0.3611194703581069
0.3612699368040894
0.36142040325007196
0.3648811315076705
0.36503159795365303
0.3651820643996356
0.3653325308456181
0.36548299729160066
0.36608486307553084
0.36608486307553084
0.3675895275353563
0.3675895275353563
0.36773999398133883
0.3678904604273214
0.3680409268733039
0.3680409268733039
0.368341859765269
0.368341859765269
0.36849232621125155
0.3686427926572341
0.3696960577791119
0.369996990671077
0.37089978934697226
0.3710502557929548
0.37120072223893735
0.3713511886849199
0.3713511886849199
0.37225398736081516
0.37225398736081516
0.37225398736081516
0.37285585314474534
0.37285585314474534
0.37315678603671043
0.37360818537465806
0.37421005115858824
0.37496238338850096
0.37496238338850096
0.3751128498344835
0.37721938007823913
0.3770689136322566
0.3770689136322566
0.37691844718627404
0.37691844718627404
0.3775203129702042
0.3773698465242217
0.37767077941618676
0.3778212458621693
0.37827264520011694
0.3800782425519075
0.37992777610592493
0.3800782425519075
0.3800782425519075
0.3805296418898551
0.38068010833583765
0.3808305747818202
0.38308757147155836
0.3838399037014711
0.3838399037014711
0.3842913030394187
0.3856455010532616
0.38609690039120925
0.3862473668371918
0.3859464339452267
0.38609690039120925
0.38775203129701724
0.38775203129701724
0.3883538970809474
0.3882034306349649
0.3886548299729125
0.3882034306349649
0.3882034306349649
0.39046042732470304
0.39151369244658085
0.39151369244658085
0.39181462533854594
0.39211555823051103
0.3927174240144412
0.3927174240144412
0.3924164911224761
0.39256695756845866
0.39286789046042375
0.39316882335238884
0.39346975624435393
0.39482395425819683
0.39482395425819683
0.3951248871501619
0.395425820042127
0.39557628648810955
0.39617815227203973
0.3963286187180223
0.39662955160998736
0.3967800180559699
0.39693048450195245
0.3967800180559699
0.3978332831778477
0.4008426120974986
0.40069214565151606
0.4065603370448353
0.4068612699368004
0.40701173638278293
0.40671080349081784
0.4071622028287655
0.4071622028287655
0.4071622028287655
0.4071622028287655
0.4068612699368004
0.4071622028287655
0.4076136021667131
0.4076136021667131
0.40746313572073056
0.4076136021667131
0.40776406861269565
0.40806500150466074
0.40911826662653855
0.40911826662653855
0.4092687330725211
0.408967800180556
0.40911826662653855
0.4100210653024338
0.41182666265422435
0.41182666265422435
0.4116761962082418
0.4116761962082418
0.41212759554618944
0.4140836593439625
0.4140836593439625
0.41453505868191015
0.41483599157387524
0.4154378573578054
0.41724345470959595
0.41754438760156104
0.41784532049352613
0.4179957869395087
0.4179957869395087
0.41829671983147376
0.4179957869395087
0.41754438760156104
0.4179957869395087
0.4184471862774563
0.41859765272343885
0.41919951850736903
0.41965091784531666
0.4204032500752294
0.4207041829671945
0.42100511585915956
0.42100511585915956
0.42100511585915956
0.42296117965693264
0.4231116461029152
0.42326211254889773
0.4235630454408628
0.42326211254889773
0.42401444477881045
0.42401444477881045
0.424164911224793
0.4247667770087232
0.4247667770087232
0.4252181763466708
0.42506770990068826
0.42536864279265335
0.4255191092386359
0.42566957568461844
0.4271742401444439
0.4276256394823915
0.42807703882033915
0.4282275052663217
0.4292807703881995
0.4303340355100773
0.43078543484802495
0.43274149864579803
0.43319289798374566
0.43349383087571075
0.43379476376767584
0.4346975624435711
0.43484802888955365
0.4363526933493791
0.43680409268732673
0.4371050255792918
0.43725549202527436
0.4374059584712569
0.43755642491723945
0.4374059584712569
0.43951248871501253
0.43936202226903
0.43951248871501253
0.4396629551609951
0.4396629551609951
0.43951248871501253
0.43996388805296016
0.441017153174838
0.441017153174838
0.4417694854047507
0.44191995185073324
0.4428227505266285
0.44297321697261105
0.4431236834185936
0.44327414986457614
0.4434246163105587
0.44327414986457614
0.44492928077038413
0.4450797472163667
0.44538068010833176
0.44568161300029685
0.4458320794462794
0.4468853445681572
0.44733674390610484
0.4485404754739652
0.44914234125789537
0.4501956063797732
0.451248871501651
0.45215167017754626
0.45215167017754626
0.4526030695154939
0.45380680108335425
0.4539572675293368
0.45410773397531934
0.4547095997592495
0.4557628648811273
0.4560637977730924
0.45591333132710987
0.4577189286789004
0.4577189286789004
0.45817032801684804
0.45817032801684804
0.4584712609088131
0.4584712609088131
0.4610291904905164
0.461480589828464
0.46133012338248147
0.461480589828464
0.46163105627444656
0.46223292205837674
0.4628347878423069
0.46298525428828946
0.463135720734272
0.46358712007221964
0.46358712007221964
0.46403851941016727
0.4641889858561498
0.4655431838699927
0.46569365031597526
0.4655431838699927
0.46599458320794035
0.46629551609990544
0.4671983147758007
0.46734878122178325
0.46734878122178325
0.4674992476677658
0.4679506470057134
0.46840204634366106
0.4688534456816087
0.4699067108034865
0.4705085765874167
0.4706590430333992
0.47080950947938177
0.4726151068311723
0.4729160397231374
0.47306650616911994
0.4747216370749279
0.475022569966893
0.47517303641287556
0.47547396930484065
0.4790851640084217
0.47923563045440426
0.47923563045440426
0.4796870297923519
0.4817935600361075
0.48224495937405515
0.4823954258200377
0.4823954258200377
0.48254589226602024
0.48254589226602024
0.4823954258200377
0.48254589226602024
0.4828468251579853
0.48329822449593296
0.4831477580499504
0.48329822449593296
0.48329822449593296
0.4834486909419155
0.4848028889557584
0.48525428829370604
0.48465242250977586
0.48766175142942675
0.4878122178754093
0.48796268432139184
0.488564550105322
0.4894673487812173
0.4899187481191649
0.49337947637676344
0.4936804092687285
0.49443274149864125
0.49473367439060634
0.4948841408365889
0.4948841408365889
0.49608787240444924
0.49608787240444924
0.4962383388504318
0.49744207041829214
0.49744207041829214
0.4983448690941874
0.49849533554016995
0.4990972013241001
0.5021065302437517
0.5021065302437517
0.5024074631357169
0.5028588624736647
0.5036111947035777
0.5043635269334907
0.5043635269334907
0.5043635269334907
0.5045139933794733
0.5054167920553689
0.5057177249473341
0.5081251880830557
0.5094793860968991
0.5097803189888643
0.5097803189888643
0.5097803189888643
0.5096298525428817
0.5097803189888643
0.5111345170027077
0.5109840505567251
0.5111345170027077
0.5112849834486903
0.5112849834486903
0.5115859163406555
0.5117363827866381
0.5118868492326207
0.5123382485705685
0.5123382485705685
0.5132410472464641
0.5194101715317507
0.5195606379777333
0.5197111044237159
0.5236232320192635
0.5237736984652461
0.5240746313572113
0.5242250978031939
0.5240746313572113
0.5260306951549851
0.5267830273848981
0.5300932891965153
0.5302437556424979
0.5317484201023239
0.5332530845621499
0.5334035510081325
0.5334035510081325
0.5332530845621499
0.5355100812518889
0.5358110141438541
0.5359614805898367
0.5358110141438541
0.5361119470358193
0.5362624134818019
0.5364128799277845
0.5365633463737671
0.5376166114956453
0.5379175443876105
0.5380680108335931
0.5391212759554713
0.5412278061992277
0.5409268733072625
0.5425820042130711
0.5446885344568275
0.5448390009028101
0.5452904002407579
0.5461931989166535
0.5461931989166535
0.5463436653626361
0.5466445982546013
0.5466445982546013
0.5466445982546013
0.5467950647005839
0.5472464640385317
0.5476978633764795
0.5484501956063925
0.5484501956063925
0.5486006620523751
0.5507071922961315
0.5513090580800619
0.5520613903099749
0.5540174541077487
0.5538669876617661
0.5546193198916791
0.5547697863376617
0.5549202527836443
0.5549202527836443
0.5547697863376617
0.5556725850135573
0.5555221185675747
0.5555221185675747
0.5556725850135573
0.5570267830274007
0.5588323803791919
0.5597351790550875
0.5598856455010701
0.5606379777309831
0.5606379777309831
0.5607884441769657
0.5612398435149135
0.5615407764068787
0.5633463737586699
0.5633463737586699
0.5645501053265307
0.5651519711104611
0.5653024375564437
0.5654529040024263
0.5681613000301131
0.5683117664760957
0.5684622329220783
0.5687631658140435
0.5690640987060087
0.5692145651519913
0.5698164309359217
0.5699668973819043
0.5716220282877129
0.5722238940716433
0.5723743605176259
0.5726752934095911
0.5726752934095911
0.5744808907613823
0.5744808907613823
0.5746313572073649
0.5761360216671909
0.5764369545591561
0.5762864881131735
0.5782425519109473
0.5794462834788081
0.5794462834788081
0.5798976828167559
0.5801986157087211
0.5809509479386341
0.5811014143846167
0.5817032801685471
0.5830574781823905
0.5838098104123035
0.5841107433042687
0.5842612097502513
0.5860668071020425
0.5860668071020425
0.5862172735480251
0.5875714715618685
0.5880228708998163
0.5883238037917815
0.5884742702377641
0.5889256695757119
0.5890761360216945
0.5892266024676771
0.5901294011435727
0.5905808004815205
0.5938910622931377
0.5941919951851029
0.5943424616310855
0.5944929280770681
0.5946433945230507
0.5947938609690333
0.5949443274150159
0.5952452603069811
0.5953957267529637
0.5973517905507375
0.5976527234427027
0.5988564550105635
0.5990069214565461
0.6017153174842329
0.6018657839302155
0.6021667168221807
0.6039723141739719
0.6044237135119197
0.6047246464038849
0.6048751128498675
0.6066807102016587
0.6068311766476413
0.6069816430936239
0.6071321095396065
0.6074330424315717
0.6075835088775543
0.6081853746614847
0.6084863075534499
0.6089377068913977
0.6107433042431889
0.6108937706891715
0.6110442371351541
0.6111947035811367
0.6114956364731019
0.6137526331628409
0.6146554318387365
0.6149563647307017
0.6208245561240231
0.6212759554619709
0.6223292205838491
0.6224796870298317
0.6232320192597447
0.6236834185976925
0.6245862172735881
0.6247366837195707
0.6250376166115359
0.6253385495035011
0.6278964790852053
0.6281974119771705
0.6283478784231531
0.6283478784231531
0.6287992777611009
0.6295516099910139
0.6297020764369965
0.6298525428829791
0.6301534757749443
0.6330123382486137
0.6334637375865615
0.6333132711405789
0.6343665362624571
0.6352693349383527
0.6358712007222831
0.6367739993981787
0.6370749322901439
0.6372253987361265
0.6373758651821091
0.6379777309660395
0.6381281974120221
0.6382786638580047
0.6394823954258655
0.6396328618718481
0.6420403250075697
0.6426421907915001
0.6429431236834653
0.6430935901294479
0.6438459223593609
0.6441468552513261
0.6444477881432913
0.6444477881432913
0.6459524526031173
0.6462533854950825
0.6462533854950825
0.6482094492928563
0.6483599157388389
0.6486608486308041
0.6513692446584909
0.6515197111044735
0.6516701775504561
0.6524225097803691
0.6525729762263517
0.6531748420102821
0.6557327715919863
0.6590430334036035
0.6597953656335165
0.6603972314174469
0.6605476978634295
0.6625037616612033
0.6629551609991511
0.6637074932290641
0.6637074932290641
0.6646102919049597
0.6647607583509423
0.6649112247969249
0.6647607583509423
0.6649112247969249
0.6650616912429075
0.6656635570268379
0.6659644899188031
0.6676196208246117
0.6677700872705943
0.6695756846223855
0.6697261510683681
0.6698766175143507
0.6701775504063159
0.6712308155281941
0.6713812819741767
0.6713812819741767
0.6727354799880201
0.6730364128799853
0.6731868793259679
0.6736382786639157
0.6736382786639157
0.6737887451098983
0.6739392115558809
0.6752934095697243
0.6766476075835677
0.6777008727054459
0.6778513391514285
0.6783027384893763
0.6784532049353589
0.6816130003009935
0.6823653325309065
0.6855251278965411
0.6858260607885063
0.6856755943425237
0.6867288594644019
0.6868793259103845
0.6870297923563671
0.6873307252483323
0.6876316581402975
0.6880830574782453
0.6888353897081583
0.6907914535059321
0.6910923863978973
0.6915437857358451
0.6919951850737929
0.6922961179657581
0.6924465844117407
0.6934998495336189
0.6936503159796015
0.6941017153175493
0.6945531146554971
0.6947035811014797
0.6948540475474623
0.6951549804394275
0.6953054468854101
0.6956063797773753
0.6966596448992535
0.6965091784532709
0.6966596448992535
0.6968101113452361
0.6969605777912187
0.6972615106831839
0.6974119771291665
0.6975624435751491
0.6980138429130969
0.6983147758050621
0.6984652422510447
0.6996689738189055
0.6995185073729229
0.6996689738189055
0.7001203731568533
0.7002708396028359
0.7004213060488185
0.7005717724948011
0.7007222389407837
0.7011736382787315
0.7014745711706967
0.7025278362925749
0.7028287691845401
0.7028287691845401
0.7029792356305227
0.7041829671983835
0.7049352994282965
0.7056876316582095
0.7061390309961573
0.7076436954559833
0.7077941619019659
0.7077941619019659
0.7079446283479485
0.7080950947939311
0.7082455612399137
0.7086969605778615
0.7088474270238441
0.7091483599158093
0.7159193499850263
0.7163707493229741
0.7162202828769915
0.7175744808908349
0.7204333433645043
0.7223894071622781
0.7226903400542433
0.7234426722841563
0.7243454709600519
0.7244959374060345
0.7247968702979997
0.7246464038520171
0.7250978031899649
0.7258501354198779
0.7264520012038083
0.7269034005417561
0.7273547998797039
0.7281071321096169
0.7287089978935473
0.7290099307855125
0.7306650616913211
0.7309659945832863
0.7309659945832863
0.7317183268131993
0.7324706590431123
0.7323201925971297
0.7336743906109731
0.7338248570569557
0.7341257899489209
0.7344267228408861
0.7377369846525033
0.7375865182065207
0.7390911826663467
0.7393921155583119
0.7404453806801901
0.7405958471261727
0.7416491122480509
0.7436051760458247
0.7442070418297551
0.7457117062895811
0.7458621727355637
0.7466145049654767
0.7470659043034245
0.7478182365333375
0.7508275654529895
0.7511284983449547
0.7514294312369199
0.7515798976829025
0.7520312970208503
0.7523322299128155
0.7538368943726415
0.7548901594945197
0.7550406259405023
0.756244357508363
0.7566957568463109
0.7571471561842587
0.7575985555222065
0.7591032199820325
0.7606078844418585
0.7609088173338237
0.7610592837798063
0.7612097502257889
0.7621125489016845
0.7640686126994582
0.7640686126994582
0.7642190791454408
0.764520012037406
0.7655732771592842
0.7657237436052668
0.766024676497232
0.7661751429432146
0.766777008727145
0.7669274751731276
0.7687330725249188
0.7688835389709014
0.7691844718628666
0.7703882034307274
0.77053866987671
0.7718928678905534
0.772043334336536
0.772043334336536
0.7723442672285012
0.7723442672285012
0.7732470659043968
0.773547998796362
0.7736984652423446
0.7738489316883272
0.7739993981343098
0.7739993981343098
0.7747517303642228
0.7753535961481532
0.7755040625941358
0.7767077941619966
0.7770087270539618
0.7771591934999444
0.777309659945927
0.7797171230816486
0.780318988865579
0.7819741197713876
0.7828769184472832
0.784832982245057
0.7881432440566742
0.7882937105026568
0.7884441769486394
0.788594643394622
0.7890460427325698
0.7896479085165002
0.7935600361120478
0.7937105025580304
0.7958170328017868
0.7959674992477694
0.796117965693752
0.796870297923665
0.7971712308156302
0.7979235630455432
0.7982244959375084
0.798374962383491
0.8015347577491256
0.8016852241951082
0.8030394222089516
0.8031898886549342
0.8042431537768124
0.804393620222795
0.8048450195607428
0.8052964188986906
0.8077038820344122
0.8093590129402208
0.8093590129402208
0.8095094793862034
0.8105627445080816
0.8120674089679076
0.8122178754138902
0.8125188083058554
0.8143244056576466
0.8152272043335422
0.8161300030094378
0.8165814023473856
0.8170328016853334
0.817183268131316
0.8173337345772986
0.8174842010232812
0.8176346674692638
0.8198916641590028
0.82320192597062
0.8236533253085678
0.823954258200533
0.8244056575384808
0.824706590430446
0.8245561239844634
0.826211254890272
0.832229912729576
0.8331327114054716
0.8341859765273498
0.8346373758652976
0.8350887752032454
0.8349383087572628
0.836743906109054
0.837496238338967
0.8377971712309322
0.8379476376769148
0.841257899488532
0.8415588323804972
0.8424616310563928
0.842762563948358
0.8430634968403232
0.846524225097923
0.848028889557749
0.8484802888956968
0.850285886247488
0.8504363526934706
0.8505868191394532
0.85329521516714
0.8534456816131226
0.8535961480591052
0.8538970809510704
0.856304544086792
0.8573578092086702
0.8575082756546528
0.857809208546618
0.8594643394524266
0.8612699368042178
0.8626241348180612
0.8650315979537828
0.8654829972917306
0.8663857959676262
0.867589527535487
0.8677399939814696
0.8678904604274522
0.8680409268734348
0.869846524225226
0.8699969906712086
0.8702979235631738
0.8718025880229998
0.8719530544689824
0.8731567860368432
0.8749623833886344
0.8760156485105126
0.8775203129703386
0.8778212458623038
0.8808305747819558
0.8809810412279384
0.8812819741199036
0.8814324405658862
0.8815829070118688
0.8823352392417818
0.8827866385797296
0.8857959674993816
0.8859464339453642
0.8860969003913468
0.8862473668373294
0.886397833283312
0.8885043635270684
0.888654829973051
0.8895576286489466
0.8898585615409118
0.8907613602168074
0.89091182666279
0.8915136924467204
0.8922660246766334
0.8930183569065464
0.893168823352529
0.893921155582442
0.8943725549203898
0.8960276858261984
0.8994884140837982
0.8996388805297808
0.9041528739092588
0.9046042732472066
0.9047547396931892
0.906710803490963
0.9070117363829282
0.910472464640528
0.9106229310865106
0.9115257297624062
0.9116761962083888
0.9140836593441104
0.914986458020006
0.917243454709745
0.9173939211557276
0.9173939211557276
0.920252783629397
0.9204032500753796
0.9205537165213622
0.9228107132111012
0.9229611796570838
0.9231116461030664
0.9273247065905792
0.9273247065905792
0.9274751730365618
0.9280770388204922
0.9288293710504052
0.9289798374963878
0.930033102618266
0.9301835690642486
0.9306349684021964
0.930785434848179
0.9342461631057788
0.934547095997744
0.9348480288897092
0.9351489617816744
0.9357508275656048
0.9378573578093612
0.9378573578093612
0.9386096900392742
0.9389106229312394
0.939061089377222
0.9395124887151698
0.9425218176348218
0.9432741498647348
0.9438760156486652
0.944327414986613
0.9444778814325956
0.9446283478785782
0.9447788143245608
0.9459825458924216
0.9468853445683172
0.9492928077040388
0.9523021366236908
0.9524526030696734
0.9527535359616386
0.9532049352995864
0.9536563346375342
0.9559133313272732
0.9575684622330818
0.9580198615710296
0.959374059584873
0.9602768582607686
0.9605777911527338
0.9607282575987164
0.9610291904906816
0.9614805898286294
0.9625338549505076
0.963135720734438
0.9632861871804206
0.964640385194264
0.9678001805598986
0.9681011134518638
0.9682515798978464
0.970659043033568
0.9709599759255332
0.9720132410474114
0.9735179055072374
0.9745711706291156
0.9747216370750982
0.9748721035210808
0.9763767679809068
0.976677700872872
0.9769786337648372
0.9778814324407328
0.9780318988867154
0.98119169425235
0.9816430935902978
0.9817935600362804
0.9820944929282456
0.9822449593742282
0.9823954258202108
0.9828468251581586
0.9832982244961064
0.9867589527537062
0.9873608185376366
0.9876617514296018
0.987962684321567
0.9881131507675496
0.9885645501054974
0.98871501655148
0.9983448690943664
1.000000000000175
