0.28216019417475285
0.2804878048780434
0.28058326937835293
0.27815489046590136
0.2787164780654123
0.27858142790480367
0.2794048551292109
0.2802457466918713
0.281230183893474
0.28216560509554695
0.28239043824700644
0.2824354478801405
0.28324808184143263
0.28454370179948485
0.28518518518518754
0.2859912748424716
0.2870370370370232
0.2894650475877856
0.2917218543046444
0.2904674762934701
0.2911455727863961
0.2911941294196226
0.2899011890805569
0.2904962153069806
0.2905234808954683
0.2915540540540581
0.2922946655376867
0.2913117546848387
0.29148899880607304
0.29258688580721837
0.2934409340659331
0.29387474191327695
0.2944626530964375
0.2938634399308575
0.29333333333333844
0.2915796798886551
0.292780982345748
0.2937050675083243
0.2938081038414372
0.2936117936117854
0.29395218002813384
0.2943768729067505
0.29341105811694035
0.2937112488928267
0.2966147232670614
0.29672101773875487
0.2971808224097691
0.296549245147374
0.2968496849684908
0.29646974063399717
0.29679047962496047
0.29726795730052546
0.2969147005444752
0.2981944191136172
0.2986301369863046
0.29634392798089654
0.29360679970435843
0.29256994626644334
0.293723225926622
0.2935916542473941
0.29466791393825426
0.29379801386546295
0.29365377393917136
0.2937089201877893
0.29426152398871447
0.29443920829406756
0.29254916792738517
0.29299242424241756
0.29315899185143884
0.29322452078194394
0.29359193763072267
0.29493791786054957
0.2937009381581392
0.2925378860541015
0.29355149181905604
0.2933565083043764
0.2928529924462544
0.29434774105220857
0.2942672666797093
0.2949597960384298
0.2950755346282101
0.2949372056514875
0.2955752212389329
0.29569152075545685
0.2954724409448812
0.2950754567116789
0.29584253866238464
0.29685610640870025
0.2969917221885752
0.2980145867098829
0.2970558375634462
0.29730831973898597
0.2959705461239499
0.2960687960687868
0.2964937461554286
0.29718048981270706
0.2964565306963375
0.29731404958677
0.29745394328296
0.2973645984644056
0.29614984391259275
0.2962114904246519
0.2966367244620837
0.29688480033452097
0.2973821989528811
0.29662261380323385
0.2967633459436642
0.29665474437197203
0.29669404085070017
0.29803007837322726
0.29828280686877173
0.29840933191940655
0.29927628778202775
0.29895366218236974
0.2995076000856397
0.2992058381626964
0.2992041299204136
0.2993740556874533
0.29961005199306545
0.30004342162396475
0.30010857763300713
0.29991300565462964
0.30015247222827035
0.3003487358326145
0.3006550218340604
0.2991901947909852
0.29896907216494967
0.2993630573248435
0.2994288224956153
0.2979519929530934
0.2963535911602247
0.29614873837981415
0.29621430152755407
0.2962798937112512
0.29634551495016004
0.2964111652636287
0.29651807496117955
0.2964935641367071
0.29673260724605593
0.2973395931142363
0.29693443723427526
0.29737609329446013
0.2971698113207526
0.29770477047704624
0.2978388113462376
0.2979058770547252
0.2980162308385972
0.29792512404149435
0.29699163085274444
0.2975974614687253
0.2978384527872506
0.29790623577606296
0.2980418943533641
0.29869833295273085
0.2998394127093376
0.30002297266253153
0.3000919117647154
0.30027611596870196
0.3005073800738016
0.30099330099330357
0.3016941285681048
0.30190431955411784
0.30188240762259216
0.30209302325580767
0.3021632937892563
0.30032695002336146
0.3009617640159489
0.29915333960488494
0.29723991507430164
0.2958146133837876
0.29641925539482433
0.2952222486332258
0.296314025849681
0.2968562514998733
0.2974272661697567
0.2977595760057779
0.29746070133011
0.29753265602323065
0.2976766698935134
0.29728419010669976
0.29725794710021375
0.2973300970873854
0.2980019493177455
0.2982199463545573
0.298583984375
0.2992164544564181
0.2995098039215676
0.2992125984251964
0.3012406947890912
0.30146511050409847
0.3017648521004175
0.301741293532332
0.3017676767676729
0.3018438999747319
0.30192016169782365
0.3026082552545006
0.303307888040709
0.30338508526342484
0.3036942675159243
0.3037716615698332
0.3034571062740029
0.30538302277432583
0.3065731358794535
0.30661114003124024
0.30659025787965805
0.3062401678028359
0.30702446724545673
0.30659630606859795
0.3068992862807286
0.30722413336861604
0.30544488711818707
0.3055851063829822
0.30574773815860035
0.3064000000000041
0.30682730923694485
0.30756843800322187
0.3073406829792964
0.30721593968766425
0.3062820167160963
0.3068181818181831
0.30748373101951865
0.30756712774614176
0.30777626193724117
0.307166301969362
0.30783991228070573
0.3080087767416353
0.3085399449035768
0.3086045228902353
0.30711714206591373
0.30690324369281624
0.3069883527454241
0.3068812430632662
0.30647402056126954
0.30685618729097014
0.3083638411714977
0.30806087936866056
0.3070398642917751
0.3071266968325782
0.307213578500705
0.30753968253967773
0.30692788188529263
0.307758128921845
0.3083738210917374
0.30863844393593476
0.3093463302752247
0.3087093992526605
0.30740312319260255
0.3050699300699331
0.30515884581754077
0.30533683289589175
0.3055150277210316
0.30560420315236103
0.305693430656932
0.30575855013153885
0.30593740859901114
0.306295754026355
0.3065650644783147
0.3066549399003252
0.30663145539905573
0.30681150910158606
0.3067881281222447
0.3068783068783019
0.3069685386651004
0.3074653290056056
0.30773774365032497
0.3080106414425118
0.3094743094743133
0.3095662507427152
0.31021137243226926
0.31095195464040676
0.3121248499399817
0.31306441902468296
0.3111380145278423
0.31028207461328594
0.31111111111111706
0.31299816063764035
0.3119237861094022
0.31211562115620844
0.3122116271916298
0.3110151187904995
0.3094645080946462
0.30869971936389345
0.30903972474194574
0.30841708542713153
0.3074015748031472
0.30689001264222665
0.30698703762250756
0.3098051740657884
0.3114964675658329
0.3115755627009613
0.3118348919703367
0.31139077121651776
0.31082390953150496
0.31023316062176265
0.3103336572724291
0.3105348460291714
0.3106355382619964
0.30961663417803265
0.3093922651933744
0.31015344433561964
0.308221421552573
0.30842346771550827
0.30892974392645867
0.30949241924851717
0.3095944609297713
0.30957095709570925
0.3092170465807672
0.30886748588509466
0.3086378737541487
0.30874044533067213
0.30884308510637964
0.30872034747744925
0.3101820633850335
0.3104961187985129
0.3107058426207376
0.310915849949311
0.31016949152542006
0.3110959836623562
0.31045081967212884
0.3105335157318788
0.3111720356408499
0.31149228130359846
0.3115991763898411
0.3109504132231358
0.31137931034483346
0.31202487906012416
0.3121327341859615
0.31284916201117563
0.31394533987386436
0.3148083010903945
0.3139534883720949
0.31382228490832115
0.31448763250883227
0.31471004243281564
0.3144676335337838
0.31480169971671584
0.3145589798087152
0.31522896698615355
0.3161083392729899
0.3159771754636209
0.31431646932185175
0.3135562747213266
0.3118007939372117
0.3120926864590844
0.31231884057970793
0.3121827411167499
0.3125226860254109
0.31286337209301895
0.3129770992366382
0.3135469774217008
0.3138899015676263
0.3142335766423356
0.31432748538012145
0.314536799707067
0.31465201465201365
0.31518940787054134
0.31530537159676447
0.3153789004457642
0.3157307549274813
0.3162011173184355
0.316318926974667
0.3164368244502447
0.3165360209033204
0.3178410794602673
0.31886792452829676
0.3194549583648799
0.31957591821280096
0.31992409867172095
0.32004555808656104
0.32041049030786883
0.3206542411563307
0.32137404580152734
0.3222349789514019
0.3225930187955507
0.3199536858355877
0.3192887514495505
0.319719953325557
0.321064996084578
0.3213166144200572
0.32156862745097786
0.32124556562869866
0.3245298119247658
0.32445520581114057
0.3249797898140713
0.3231334149326802
0.32405891980360263
0.3241803278688493
0.3233237350884422
0.32317826265952804
0.3244923331951886
0.32570715474209627
0.32584269662921306
0.32511491851232294
0.3232450609499759
0.3208104685521329
0.3209459459459459
0.32093023255813574
0.32133784928027664
0.3213073005093354
0.32129196770080953
0.32238805970148776
0.3220989761092141
0.32231759656652104
0.3215517241379253
0.3216753022452523
0.32445414847161486
0.32415902140673164
0.3238262395787588
0.3236714975845425
0.32395604395604777
0.32438380281690726
0.3245266402465854
0.3246696035242264
0.32377591530657174
0.32420494699646846
0.32434821034025096
0.3244916003536722
0.32463511720478233
0.325643300798583
0.3270944741532973
0.32841163310961563
0.32914798206277623
0.3300359712230198
0.3303330333033301
0.33092876465283844
0.331078033378436
0.33122743682310846
0.33092550790068137
0.33197463768115565
0.3318223028105206
0.331669691470051
0.33151680290645263
0.3313636363636333
0.3312101910827997
0.3315118397085601
0.3321151210598493
0.33241883859168014
0.33180778032036884
0.3319597069597059
0.33226397800183616
0.332110091743113
0.33118971061092717
0.33164673413063017
0.33333333333333454
0.3336426914153101
0.33364398881640034
0.3334888059701523
0.33364442370508623
0.33286582515194374
0.3330215154349883
0.33333333333332915
0.332394366197184
0.3325504931892887
0.3334903438530425
0.3336475023562698
0.33396226415094826
0.33427762039659636
0.3345935727788304
0.33506862281116456
0.33554502369668515
0.33730347784658876
0.3374642516682545
0.3376251788268959
0.3382846190704355
0.34223300970873993
0.3427321341759814
0.34260614934113676
0.341963849535901
0.3413202933985361
0.3410093091621769
0.34117647058823414
0.3413437959784215
0.34151128557409627
0.3416789396170828
0.3420404139970441
0.3435643564356438
0.3446046742913991
0.34482758620689363
0.34673366834171426
0.3469079939668163
0.34644478063540357
0.34661957618566636
0.34679454820797345
0.3491094147582721
0.34895568008150946
0.34931157572666816
0.3494897959183707
0.3496681980602365
0.34933605720122657
0.34951456310679907
0.35112936344968854
0.3513097072419069
0.35142118863049343
0.3517847904811153
0.3519668737060084
0.351631279129985
0.35150571131879366
0.35168831168831616
0.3520540821632819
0.35190005205622676
0.3520833333333377
0.35245046923879003
0.35251046025104305
0.3532494758909834
0.3541776142932171
0.3545502367175132
0.3548046462513233
0.35517970401691656
0.3553675304071957
0.35668789808917195
0.3563462559745054
0.35653560042507454
0.35638297872340424
0.3566098081023456
0.35683760683760574
0.35668449197861524
0.3568753344034215
0.3567220139260895
0.356377277599139
0.3560321715817671
0.3556866952789686
0.3553408480944727
0.3555316863587513
0.35572272971521185
0.3553763440860255
0.35502958579881383
0.3546824542518855
0.3550646551724183
0.354716981132072
0.35490830636462184
0.3547516198704069
0.35440302539168367
0.3540540540540512
0.35370470524608105
0.35335497835498136
0.3535462912831671
0.35373781148429206
0.3539295392953968
0.35412147505422625
0.3537710255019027
0.3539630836047775
0.35415535035306467
0.35434782608695997
0.35454051114736596
0.3547334058759471
0.35492651061513036
0.355119825708058
0.35406437534097557
0.35335882031676547
0.35374521596500913
0.3539387308533888
0.3541324575807313
0.353070175438597
0.35384615384615276
0.3542354235423496
0.35443037974683944
0.3546255506607898
0.35482093663911735
0.355641592920354
0.3558384061981189
0.3568257491675949
0.357420789327403
0.35654596100279123
0.35702294348069
0.3572228443449084
0.35742296918767397
0.358225715889945
0.3584269662921381
0.359032076533478
0.35830985915492664
0.35794813979706563
0.3578708946772406
0.3577512776831348
0.3564920273348568
0.3572247706422003
0.3572659391154541
0.3576768257619357
0.3577188940092156
0.3575547866205355
0.35681293302540656
0.3561088592935699
0.35631517960602554
0.356521739130431
0.3565621370499396
0.35756154747948726
0.3576042278332311
0.3602853745541051
0.360499702558006
0.3609291244788586
0.3622235505080727
0.36244019138756123
0.36501210653753335
0.36374695863747436
0.36297198538367886
0.36319317489335967
0.3643031784841088
0.3645259938837901
0.36436007348438987
0.36419374616799277
0.36508912108174374
0.36666666666666387
0.36689314391600075
0.36650185414091824
0.36672850958565617
0.3669554455445547
0.36656346749226193
0.36679058240396833
0.3670179789212647
0.36838830118232946
0.36822429906541665
0.36868371802869343
0.3693749999999949
0.3700688791484061
0.3696741854636537
0.3701380175658691
0.37067337948395546
0.37090680100755935
0.37213740458015
0.37284894837475835
0.3726866624122564
0.3729246487867214
0.3741191543882101
0.37459910198845475
0.3742765273311919
0.3738738738738756
0.3734707018673574
0.3730670103092772
0.37354838709677773
0.37427278603749076
0.3737046632124364
0.3733766233766182
0.3758169934640511
0.37606278613472843
0.3780407626561465
0.379537953795382
0.3796296296296275
0.38038436050364766
0.37935656836461146
0.3803763440860212
0.3808882907133283
0.38047138047138024
0.3809844908968288
0.3817567567567535
0.38201487491547814
0.3825321597833478
0.38305084745762347
0.3835709436524076
0.38409245411284637
0.38435374149659485
0.38619275461380403
0.3869863013698671
0.38720770288858003
0.38800827015851475
0.38827586206896925
0.3876986869384984
0.3882352941176506
0.3885041551246507
0.38931297709924056
0.390243902439026
0.391456582633052
0.3922807017543909
0.3925561797752821
0.393108298171584
0.393939393939399
0.39378969654199014
0.3943462897526517
0.39475549255846565
0.3950354609929083
0.3955965909090942
0.3967236467236482
0.39728958630527883
0.39985642498204943
0.39884809215263123
0.3994232155731795
0.3995664739884366
0.3994211287988455
0.3997103548153477
0.4002900652646882
0.4014545454545469
0.4026258205689301
0.40350877192982715
0.4040995607613523
0.4036630036630024
0.4039589442815246
0.4030837004405312
0.4022058823529399
0.40162122328666194
0.4025110782865567
0.40280857354027816
0.4037037037037075
0.4040029651593798
0.40430267062314434
0.4046028210838942
0.4055059523809511
0.4058078927773663
0.4061102831594627
0.4067164179104444
0.4070201643017197
0.40657698056801017
0.4057099924868497
0.40556809631301344
0.405120481927714
0.4049773755656096
0.40558912386707235
0.40589569160997324
0.4062027231467496
0.40651021953066163
0.40978593272170877
0.4100994644223364
0.4105909439754462
0.4104534973097604
0.4109483423284474
0.4112654320987671
0.4122196442382077
0.4131782945736407
0.4134988363072128
0.41336441336441093
0.4129082426127498
0.412451361867703
0.41199376947039923
0.4123148869836356
0.4126365054602161
0.4129586260733806
0.41328125000000376
0.4139280125195657
0.4134690681284257
0.4130094043887107
0.413333333333336
0.4128728414442723
0.41241162608013043
0.4119496855345968
0.41148701809599003
0.41181102362204985
0.4121355397951148
0.4116719242902187
0.41199684293606464
0.41232227488152173
0.4118577075098795
0.4121835443037992
0.41250989707046554
0.41003184713376345
0.4151857835218054
0.41585760517799597
0.4169381107491858
0.425335570469803
0.4252100840336121
0.42592592592593015
0.42628475147430506
0.4265202702702666
0.42832909245123213
0.42905692438402254
0.42942176870747756
0.42978723404254987
0.4308873720136563
0.4319931565440501
0.43273350471293576
0.4331046312178402
0.43384879725085773
0.4342218400687852
0.43459552495696613
0.43388072601556094
0.43425605536332645
0.43463203463203187
0.435008665511263
0.4353859496964418
0.4357638888888934
0.43614248479583384
0.4365217391304328
0.4372822299651547
0.4464446444644419
0.447249774571684
0.44765342960289256
0.44846292947559174
0.4492753623188422
0.45049954586739804
0.4517304189435372
0.45214220601641003
0.4525547445255457
0.4529680365296765
0.4524680073126097
0.4519670631290005
0.45362718089990517
0.4544618215271348
0.4572490706319654
0.4580223880597039
0.4584500466853393
0.4588785046729009
0.4593077642656704
0.4597378277153568
0.45923149015932047
0.4587242026266472
0.4582159624413109
0.45770676691728995
0.4594339622641509
0.4603024574669216
0.46073793755912384
0.4620493358633827
0.4617590822179705
0.4622009569377963
0.4634615384615369
0.46435452793834575
0.46744412050534084
0.470185728250244
0.47156862745097883
0.4734251968503929
0.47389162561576686
0.4733727810650908
0.47713717693837415
0.4766169154228797
0.4760956175298801
0.47557328015951844
0.4750499001996064
0.47690763052209256
0.4763819095477444
0.4817073170731744
0.4821973550356034
0.48167006109979876
0.48114169215086233
0.4806122448979633
0.48008171603676797
0.481557377049176
0.4820512820512802
0.4815195071868541
0.4820143884892093
0.48595213319458574
0.48849372384936873
0.4895178197065022
0.49054621848739355
0.4910620399579364
0.4915789473684187
0.4920969441517343
0.49261603375526986
0.49313621964097454
0.4936575052854163
0.49626467449306527
0.497326203208562
0.496788008565313
0.4962486602358009
0.49570815450644173
0.495166487647693
0.49569892473118654
0.4962325080731993
0.49676724137931483
0.4983783783783748
0.4978308026030332
0.5027442371020909
0.5032967032967018
0.5044052863436148
0.5049614112458619
0.5055187637969116
0.505530973451322
0.5055432372505515
0.5055555555555573
0.5055679287305084
0.506696428571433
0.5089686098654718
0.5084175084175065
0.5078651685393236
0.5073115860517472
0.5096045197740111
0.5101809954751116
0.5154285714285759
0.5172018348623882
0.5177956371986179
0.5172413793103476
0.5184331797235059
0.5196304849884509
0.5202312138728331
0.5191193511008161
0.519163763066199
0.5192083818393495
0.5198598130841129
0.5193434935521729
0.5182138660399552
0.5194346289752675
0.5188679245283054
0.5182998819362417
0.5183431952662744
0.5183867141162501
0.5214797136038227
0.5227272727272698
0.5357142857142915
0.5383663366336637
0.5384615384615404
0.5419274092615765
0.5420326223337529
0.5414572864321564
0.5420918367346917
0.5427841634738183
0.5442875481386414
0.5458064516129029
0.5452196382428932
0.5459249676584766
0.5466321243523332
0.547341115434499
0.5481770833333318
0.5488917861799255
0.5503267973856193
0.5504587155963352
0.5498687664041978
0.5499999999999993
0.5494071146245072
0.5501319261213734
0.5515873015873038
0.5523178807947027
0.554521276595741
0.5552596537949365
0.5560000000000016
0.556742323097466
0.5582329317269106
0.5589812332439681
0.559731543624156
0.5612382234185779
0.5600539811066166
0.561569688768602
0.5637860082304539
0.5645604395604379
0.5661157024793406
0.5668965517241382
0.5684647302904547
0.5692520775623228
0.5694444444444428
0.5718270571827041
0.5726256983240262
0.573426573426568
0.574229691876749
0.5736325385694313
0.5730337078651663
0.5724331926863548
0.5718309859154923
0.5712270803949216
0.5706214689265531
0.5700141442715704
0.5694050991501441
0.5687943262411355
0.5681818181818185
0.5774240231548478
0.5768115942028955
0.5801749271137034
0.5818713450292385
0.5827232796486154
0.5835777126099703
0.5844346549192398
0.5852941176470571
0.5861561119293061
0.5870206489675522
0.5887573964497029
0.5896296296296304
0.5905044510385742
0.5913818722139655
0.592261904761903
0.5931445603576777
0.5940298507462678
0.594917787742901
0.5958083832335301
0.5952023988005968
0.5945945945945988
0.5939849624060117
0.5933734939759072
0.5927601809954733
0.5921450151057397
0.5915279878971279
0.5909090909090904
0.5927051671732515
0.5945121951219482
0.595419847328245
0.5972434915773375
0.5966257668711632
0.5960061443932393
0.5953846153846138
0.5956790123456813
0.5950540958268944
0.5944272445820467
0.5937984496124039
0.593167701863349
0.592534992223947
0.5919003115264765
0.5912636505460224
0.5921875000000042
0.5931142410015693
0.5940438871473344
0.5959119496855378
0.5968503937007866
0.5977917981072527
0.5987361769352317
0.6006339144215525
0.6025437201907802
0.6035031847133793
0.6044657097288683
0.6054313099041535
0.607371794871793
0.6067415730337045
0.6061093247588397
0.6054750402576508
0.6048387096774146
0.6042003231017757
0.6035598705501616
0.602917341977313
0.6022727272727294
0.6081967213114713
0.611202635914335
0.6105610561056108
0.6125827814569521
0.6119402985074608
0.6191275167785287
0.6201680672268889
0.6233108108108096
0.626485568760614
0.6286201022146511
0.6307692307692289
0.6329331046312167
0.6340206185566991
0.6344827586206865
0.6349480968858189
0.635416666666669
0.6347826086956526
0.635888501742158
0.636998254799299
0.6392294220665461
0.6414762741651985
0.6437389770723059
0.6460176991150437
0.6471631205673706
0.6483126110124329
0.6494661921708214
0.650623885918005
0.6517857142857123
0.6529516994633306
0.6541218637992816
0.6552962298025108
0.6564748201438818
0.657657657657654
0.6612318840579732
0.663636363636367
0.6672760511882969
0.6697247706421967
0.670955882352939
0.6721915285451182
0.6734317343173378
0.6746765249537943
0.6759259259259257
0.6759259259259257
0.6784386617100338
0.6784386617100338
0.6784386617100338
0.6784386617100338
0.6784386617100338
0.6797020484171369
0.6797020484171369
0.6797020484171369
0.6797020484171369
0.680970149253732
0.680970149253732
0.680970149253732
0.680970149253732
0.680970149253732
0.680970149253732
0.680970149253732
0.6822429906542102
0.6848030018761772
0.6860902255639083
0.6873822975517933
0.6873822975517933
0.6873822975517933
0.6873822975517933
0.6873822975517933
0.6873822975517933
0.6873822975517933
0.6899810964083212
0.6899810964083212
0.6939163498098834
0.6992337164750989
0.7019230769230747
0.7019230769230747
0.7032755298651288
0.7087378640776649
0.7115009746588754
0.712890625
0.712890625
0.712890625
0.712890625
0.7142857142857082
0.7142857142857082
0.7142857142857082
0.7142857142857082
0.719921104536492
0.719921104536492
0.719921104536492
0.7227722772277233
0.7242063492063469
0.7242063492063469
0.7242063492063469
0.7256461232604432
0.7270916334661349
0.731462925851704
0.731462925851704
0.7344064386317947
0.7418699186991901
0.7418699186991901
0.7448979591836791
0.746421267893656
0.7479508196721252
0.7479508196721252
0.7479508196721252
0.7510288065843661
0.7525773195876269
0.7525773195876269
0.7525773195876269
0.7525773195876269
0.7572614107883797
0.7588357588357519
0.7588357588357519
0.7620041753653409
0.7620041753653409
0.7620041753653409
0.7620041753653409
0.7620041753653409
0.7635983263598276
0.7635983263598276
0.7635983263598276
0.7635983263598276
0.7635983263598276
0.7684210526315758
0.7684210526315758
0.7700421940928208
0.7716701902748471
0.7749469214437367
0.7765957446808449
0.7765957446808449
0.7765957446808449
0.7782515991471282
0.7799145299145278
0.7799145299145278
0.7799145299145278
0.783261802575111
0.7849462365591432
0.7849462365591432
0.7900432900432861
0.7900432900432861
0.7900432900432861
0.7900432900432861
0.7917570498915364
0.7934782608695614
0.795206971677561
0.795206971677561
0.8004385964912227
0.8004385964912227
0.8021978021978
0.8039647577092549
0.8057395143487892
0.8057395143487892
0.8057395143487892
0.8057395143487892
0.8057395143487892
0.8075221238937987
0.8075221238937987
0.8075221238937987
0.811111111111114
0.811111111111114
0.811111111111114
0.811111111111114
0.8129175946547841
0.8129175946547841
0.8129175946547841
0.8129175946547841
0.8129175946547841
0.8129175946547841
0.8129175946547841
0.8129175946547841
0.8129175946547841
0.8129175946547841
0.8147321428571483
0.8147321428571483
0.8183856502242174
0.8220720720720666
0.8220720720720666
0.8220720720720666
0.8239277652370175
0.8239277652370175
0.8239277652370175
0.8276643990929751
0.8333333333333263
0.8333333333333263
0.8333333333333263
0.8352402745995403
0.8352402745995403
0.8352402745995403
0.8371559633027562
0.8390804597701188
0.8390804597701188
0.8390804597701188
0.8390804597701188
0.8429561200923761
0.8429561200923761
0.8449074074074021
0.8449074074074021
0.8449074074074021
0.8449074074074021
0.8449074074074021
0.8449074074074021
0.8449074074074021
0.8449074074074021
0.8449074074074021
0.8449074074074021
0.8449074074074021
0.8468677494199496
0.8468677494199496
0.8508158508158534
0.8528037383177582
0.8528037383177582
0.8528037383177582
0.8548009367681507
0.8548009367681507
0.8548009367681507
0.8568075117370925
0.8568075117370925
0.8588235294117624
0.8588235294117624
0.8588235294117624
0.8588235294117624
0.8588235294117624
0.8588235294117624
0.8588235294117624
0.8628841607565023
0.8628841607565023
0.8628841607565023
0.8628841607565023
0.8628841607565023
0.8628841607565023
0.8628841607565023
0.8628841607565023
0.8628841607565023
0.8628841607565023
0.8628841607565023
0.8628841607565023
0.8628841607565023
0.8628841607565023
0.8649289099526041
0.8649289099526041
0.8669833729216175
0.8690476190476165
0.8690476190476165
0.871121718377095
0.8732057416267894
0.8752997601918433
0.8752997601918433
0.8752997601918433
0.8752997601918433
0.8752997601918433
0.8752997601918433
0.8752997601918433
0.8752997601918433
0.8752997601918433
0.8752997601918433
0.8752997601918433
0.8752997601918433
0.8752997601918433
0.8752997601918433
0.8752997601918433
0.8752997601918433
0.8752997601918433
0.8752997601918433
0.8752997601918433
0.8752997601918433
0.8752997601918433
0.8752997601918433
0.8752997601918433
0.8774038461538436
0.8774038461538436
0.8774038461538436
0.8774038461538436
0.8774038461538436
0.8774038461538436
0.8774038461538436
0.8774038461538436
0.8774038461538436
0.8774038461538436
0.8774038461538436
0.8774038461538436
0.8795180722891525
0.8795180722891525
0.8795180722891525
0.8795180722891525
0.8795180722891525
0.8795180722891525
0.8795180722891525
0.8816425120772979
0.8816425120772979
0.8816425120772979
0.8816425120772979
0.8837772397094494
0.8880778588807776
0.8880778588807776
0.8880778588807776
0.8880778588807776
0.8880778588807776
0.8880778588807776
0.8880778588807776
0.8880778588807776
0.8902439024390251
0.8902439024390251
0.8902439024390251
0.8902439024390251
0.8902439024390251
0.8902439024390251
0.892420537897305
0.892420537897305
0.892420537897305
0.8946078431372523
0.896805896805893
0.896805896805893
0.896805896805893
0.8990147783251311
0.8990147783251311
0.8990147783251311
0.8990147783251311
0.8990147783251311
0.8990147783251311
0.8990147783251311
0.8990147783251311
0.8990147783251311
0.8990147783251311
0.8990147783251311
0.8990147783251311
0.8990147783251311
0.8990147783251311
0.8990147783251311
0.8990147783251311
0.8990147783251311
0.8990147783251311
0.8990147783251311
0.9012345679012309
0.9012345679012309
0.9012345679012309
0.9012345679012309
0.9012345679012309
0.9012345679012309
0.9012345679012309
0.9012345679012309
0.9012345679012309
0.9012345679012309
0.9012345679012309
0.9012345679012309
0.9057071960297826
0.9057071960297826
0.9079601990049807
0.9079601990049807
0.9079601990049807
0.9102244389027374
0.9102244389027374
0.9102244389027374
0.9102244389027374
0.9124999999999915
0.9124999999999915
0.9124999999999915
0.9124999999999915
0.9147869674185372
0.9170854271356724
0.9170854271356724
0.9193954659949589
0.9193954659949589
0.9193954659949589
0.9193954659949589
0.9193954659949589
0.9193954659949589
0.9193954659949589
0.9193954659949589
0.9193954659949589
0.9217171717171663
0.9217171717171663
0.9240506329113967
0.9263959390862873
0.928753180661574
0.9358974358974331
0.9358974358974331
0.9358974358974331
0.9358974358974331
0.9383033419023202
0.9383033419023202
0.9407216494845333
0.9407216494845333
0.9407216494845333
0.9407216494845333
0.9431524547803581
0.9431524547803581
0.9455958549222826
0.9480519480519483
0.9480519480519483
0.9480519480519483
0.9480519480519483
0.9480519480519483
0.9480519480519483
0.9505208333333283
0.9505208333333283
0.9505208333333283
0.9505208333333283
0.9505208333333283
0.9505208333333283
0.9505208333333283
0.9505208333333283
0.9505208333333283
0.9505208333333283
0.9505208333333283
0.9530026109660615
0.9530026109660615
0.9530026109660615
0.9530026109660615
0.9530026109660615
0.9530026109660615
0.9530026109660615
0.9530026109660615
0.9530026109660615
0.9530026109660615
0.9530026109660615
0.9530026109660615
0.9530026109660615
0.9530026109660615
0.9530026109660615
0.9530026109660615
0.9530026109660615
0.9530026109660615
0.9530026109660615
0.9530026109660615
0.9530026109660615
0.9530026109660615
0.9530026109660615
0.9530026109660615
0.9530026109660615
0.9530026109660615
0.9530026109660615
0.9530026109660615
0.9530026109660615
0.9530026109660615
0.9530026109660615
0.9530026109660615
0.9554973821989464
0.9554973821989464
0.9554973821989464
0.9554973821989464
0.9554973821989464
0.9554973821989464
0.9554973821989464
0.9554973821989464
0.9554973821989464
0.9554973821989464
0.9554973821989464
0.9554973821989464
0.9554973821989464
0.9554973821989464
0.9554973821989464
0.9554973821989464
0.9554973821989464
0.9554973821989464
0.9554973821989464
0.9554973821989464
0.9554973821989464
0.9554973821989464
0.9554973821989464
0.9580052493438267
0.9580052493438267
0.9580052493438267
0.9580052493438267
0.9580052493438267
0.9580052493438267
0.9580052493438267
0.9580052493438267
0.9580052493438267
0.9580052493438267
0.9580052493438267
0.9580052493438267
0.9605263157894761
0.9605263157894761
0.9605263157894761
0.9605263157894761
0.9605263157894761
0.9605263157894761
0.9605263157894761
0.9605263157894761
0.9605263157894761
0.9630606860158363
0.9630606860158363
0.9630606860158363
0.9630606860158363
0.9630606860158363
0.9630606860158363
0.9630606860158363
0.9630606860158363
0.9630606860158363
0.9630606860158363
0.9630606860158363
0.9630606860158363
0.9630606860158363
0.9630606860158363
0.9630606860158363
0.9630606860158363
0.9630606860158363
0.9630606860158363
0.9630606860158363
0.9630606860158363
0.965608465608473
0.965608465608473
0.965608465608473
0.965608465608473
0.9681697612732171
0.9681697612732171
0.9681697612732171
0.9681697612732171
0.9681697612732171
0.9707446808510584
0.9707446808510584
0.9733333333333393
0.9733333333333393
0.9733333333333393
0.9733333333333393
0.9733333333333393
0.9733333333333393
0.9733333333333393
0.9733333333333393
0.9733333333333393
0.9733333333333393
0.9733333333333393
0.9733333333333393
0.9733333333333393
0.9733333333333393
0.9733333333333393
0.9733333333333393
0.9733333333333393
0.9733333333333393
0.9733333333333393
0.9733333333333393
0.9733333333333393
0.9733333333333393
0.9733333333333393
0.9733333333333393
0.9733333333333393
0.9733333333333393
0.9733333333333393
0.9733333333333393
0.9733333333333393
0.9733333333333393
0.9733333333333393
0.9733333333333393
0.9733333333333393
0.9733333333333393
0.9733333333333393
0.9733333333333393
0.9733333333333393
0.9733333333333393
0.9733333333333393
0.9733333333333393
0.9733333333333393
0.9759358288770086
0.9759358288770086
0.9759358288770086
0.9759358288770086
0.9759358288770086
0.9759358288770086
0.9759358288770086
0.9785522788203759
0.9785522788203759
0.9785522788203759
0.9785522788203759
0.9785522788203759
0.9785522788203759
0.9785522788203759
0.9785522788203759
0.9785522788203759
0.981182795698924
0.9838274932614629
0.986486486486479
0.986486486486479
0.986486486486479
0.986486486486479
0.986486486486479
0.986486486486479
0.986486486486479
0.986486486486479
0.986486486486479
0.986486486486479
0.986486486486479
0.9891598915989194
0.9891598915989194
0.9891598915989194
0.9891598915989194
0.9891598915989194
0.9891598915989194
0.9891598915989194
0.9891598915989194
0.9918478260869502
0.9918478260869502
0.9918478260869502
0.9918478260869502
0.9918478260869502
0.9918478260869502
0.9918478260869502
0.9918478260869502
0.9918478260869502
0.9918478260869502
0.9918478260869502
0.9918478260869502
0.9918478260869502
0.9945504087193525
0.9945504087193525
0.9945504087193525
0.9945504087193525
0.9945504087193525
0.9945504087193525
0.9945504087193525
0.9945504087193525
0.9945504087193525
0.9945504087193525
0.9945504087193525
0.9945504087193525
0.9945504087193525
0.9945504087193525
0.9945504087193525
0.9945504087193525
0.9945504087193525
0.9945504087193525
0.9945504087193525
0.9945504087193525
0.9972677595628425
0.9972677595628425
0.9972677595628425
0.9972677595628425
0.9972677595628425
0.9972677595628425
0.9972677595628425
0.9972677595628425
0.9972677595628425
0.9972677595628425
0.9972677595628425
0.9999999999999966
0.9999999999999966
0.9999999999999966
0.9999999999999966
0.9999999999999966
0.9999999999999966
0.9999999999999966
0.9999999999999966
0.9999999999999966
0.9999999999999966
0.9999999999999966
0.9999999999999966
0.9999999999999966
0.9999999999999966
0.9999999999999966
0.9999999999999966
0.9999999999999966
0.9999999999999966
0.9999999999999966
0.9999999999999966
0.9999999999999966
0.9999999999999966
0.9999999999999966
0.9999999999999966
0.9999999999999966
0.9999999999999966
0.9999999999999966
0.9999999999999966
0.9999999999999966
0.9999999999999966
0.9999999999999966
0.9999999999999966
0.9999999999999966
0.9999999999999966
0.9999999999999966
0.9999999999999966
0.9999999999999966
0.9999999999999966
0.9999999999999966
0.9999999999999966
0.9999999999999966
0.9999999999999966
0.9999999999999966
0.9999999999999966
0.9999999999999966
0.9999999999999966
0.9999999999999966
0.9999999999999966
0.9999999999999966
0.9999999999999966
0.9999999999999966
0.9999999999999966
0.9999999999999966
0.9999999999999966
0.9999999999999966
0.9999999999999966
0.9999999999999966
0.9999999999999966
0.9999999999999966
0.9999999999999966
0.9999999999999966
0.9999999999999966
0.9999999999999966
0.9999999999999966
0.9999999999999966
0.9999999999999966
0.9999999999999966
0.9999999999999966
0.9999999999999966
0.9999999999999966
0.9999999999999966
0.9999999999999966
0.9999999999999966
0.9999999999999966
0.9999999999999966
0.9999999999999966
0.9999999999999966
0.9999999999999966
0.9999999999999966
0.9999999999999966
0.9999999999999966
0.9999999999999966
0.9999999999999966
0.9999999999999966
