0.28015800668490726
0.2802508796083875
0.27931933159589506
0.2790733353789409
0.2790661956688603
0.27919483712353876
0.2813033359193178
0.28121118012422286
0.28049159925326006
0.2795263321907103
0.27950116913483114
0.27990617670055506
0.280169040538426
0.2791026043300901
0.27919020715631154
0.2787659373524261
0.27804955026036887
0.2772418155938601
0.27768014059753693
0.27703134996801576
0.2774751682153097
0.27780452575831177
0.27843011098600684
0.2780817508850972
0.2780731432253826
0.2780016116035376
0.2775806451612896
0.27775984506132323
0.27703248747373527
0.2782113821138189
0.2782849690251091
0.27804957599479446
0.2779872152106244
0.27765014768624363
0.2775771503611237
0.27873989774038904
0.2788318759280661
0.27924653007270295
0.27935825339067805
0.28030554633012594
0.27998001332445815
0.2785762032085492
0.27932305630026033
0.2794290512174568
0.27930048764081683
0.27895622895623295
0.27987155653202966
0.278624661246605
0.2790027137042176
0.27880341880340936
0.2787671232876789
0.27819677751114746
0.2785027472527463
0.2773747841105406
0.2782111284451396
0.2784436338370672
0.2788344093526432
0.2796150481189905
0.27990891574706006
0.27738640366325784
0.27814101431349014
0.2782101167315156
0.27830856334040815
0.2780435938330734
0.2786797502230217
0.27892857142856237
0.27896995708153854
0.2781266822178358
0.27837643678160745
0.27839683680805216
0.2784673502428466
0.2790404040403965
0.279305354558617
0.2798908098271158
0.2783561643835666
0.2787845506132212
0.2788778877887726
0.2786463123045815
0.27992565055762775
0.2805970149253745
0.2811214953271057
0.2810861423220901
0.2812441446505484
0.28264556246467654
0.2826948480845424
0.2823373676248132
0.28329849895496917
0.2833523375142488
0.2831841553989648
0.28401913875597967
0.2841278958452927
0.2843174846625817
0.2829897900211874
0.28378117146722626
0.28433081541739513
0.28419010669252914
0.2840512223515707
0.2838283828382831
0.28404896055955375
0.2849902534113
0.2852958406561215
0.2826855123674912
0.28363206618081643
0.283687943262407
0.28466282076785776
0.2848895082619911
0.28503089495714684
0.2846598843008239
0.2847166799680787
0.2847734983037267
0.285371222733645
0.285342410893069
0.2879676440849373
0.28817334953422075
0.28774350649350344
0.2857142857142887
0.2859778597785944
0.2858022158391496
0.28627209206741516
0.2863309352517998
0.286687306501539
0.2867464905037171
0.2875181121920887
0.2876371919652027
0.2879950238440753
0.2889027951606209
0.28867056856188356
0.2883730656628984
0.2888609188168683
0.2902748414376336
0.29067796610170166
0.2901103565364941
0.2914798206278103
0.2933189655172345
0.29240397065170187
0.2931631328429342
0.2934806151180426
0.2931744312026093
0.29272529858849106
0.29355400696864425
0.2945804195804124
0.294220665499132
0.2946605141727028
0.296329057938966
0.2957465662383739
0.2947719688542809
0.29617192746810206
0.29608062709966637
0.297047554654041
0.29785310734463255
0.2984531392174679
0.2984293193717236
0.2989056087551371
0.29837788439571244
0.29963235294118595
0.29861751152074173
0.29813234955038104
0.29683529683529897
0.29533317854655544
0.29608938547486224
0.296296296296294
0.2961753731343322
0.29718969555034447
0.29736718382698596
0.2973863903932175
0.29815864022662397
0.2982954545454612
0.2985074626865647
0.2985781990521297
0.3001436093824716
0.29968832414288693
0.29983209402734967
0.29899135446686265
0.29927884615384515
0.2994445786042021
0.300290838584577
0.3004364694471461
0.3006551807813587
0.300487804878049
0.300073367571535
0.30153237765694146
0.30143422354104765
0.302857142857148
0.30311332503113353
0.3022789882293988
0.30265797392176513
0.3036477987421452
0.3043368633383788
0.30472103004291845
0.304776345716446
0.30279898218829177
0.3019108280254783
0.30193976518632
0.3019157088122588
0.30292157867760044
0.30362188543540153
0.30367703779892186
0.30433660299431703
0.3045724618961562
0.30539699014011906
0.30579371265264127
0.3061914672216452
0.30586701434159114
0.3059467918622859
0.3046322952106745
0.3049515326172405
0.30508919202518703
0.30592885375493883
0.30659253375695183
0.3068362480127192
0.30671265587689334
0.3071390516782122
0.30685150626500207
0.3073419078242213
0.3072386058981169
0.30740343347639604
0.30756843800322187
0.3080645161290308
0.30931174089069746
0.30916959697052493
0.3098209441128568
0.30986681163359375
0.31393103448275683
0.314175186515612
0.3153078202995006
0.31552587646076585
0.3158925573586972
0.3164237668161415
0.3165447383230104
0.31681216558715514
0.3174379232505674
0.31761716544324664
0.31596828992072273
0.31614730878186925
0.3164484917472995
0.3155034324942875
0.31528937517995936
0.31542461005199274
0.3158352668213477
0.31451847541460953
0.3170300530347612
0.3175775480059069
0.3173475429248045
0.31780415430267156
0.31724754244860986
0.3173277661795452
0.3177067781427303
0.3195195195195185
0.32019259705085495
0.3197463768115955
0.31993957703927134
0.31990305967888133
0.31987860394536516
0.32025547445256325
0.3203410475030487
0.3204268292682929
0.31916845001528543
0.31884944920440506
0.3177770954866413
0.3175675675675667
0.31823783117683496
0.31662024141132195
0.31564245810056424
0.31365198375507397
0.31620428751576746
0.31554011370814167
0.3165765192491293
0.3178913738019215
0.3191011235955035
0.3198198198198182
0.3204384268214098
0.32085216268559774
0.3205958549222808
0.320699708454806
0.3208036292935828
0.32101167315174994
0.3189066059225504
0.31868489583333226
0.3188925081433243
0.31930854533594843
0.3198301208755314
0.3183163433081241
0.3186306780776814
0.3203176704169371
0.3219658976930746
0.32250502344273024
0.32282936640965176
0.3212121212121242
0.32240621831700367
0.3226242813662428
0.32239512855209956
0.3229413758048153
0.3223168654173824
0.3212576896787427
0.32244757648676237
0.3225361819434907
0.32182320441989176
0.3217000691084995
0.3224461431549699
0.32232267037551976
0.3224347826087007
0.3225244072524394
0.32320055904961886
0.32376618830941556
0.32387955182072725
0.3236325385694301
0.32196836555359526
0.3243435060326467
0.3244586439474594
0.32433392539964384
0.3266475644699193
0.3269989243456383
0.32735104091888056
0.3299492385786777
0.3303019279738128
0.3307832422586556
0.33078045222464986
0.3312568706485925
0.33101173020527835
0.3313761467889931
0.3316195372750613
0.33137182787789793
0.33247232472324373
0.3312337902927004
0.33172541743970335
0.3319717786854861
0.33308494783904946
0.3339573193560412
0.33433283358320565
0.33395942900075504
0.3355983389958518
0.3358519078201751
0.3356086461888523
0.3366412213740471
0.3363879343260799
0.3366450133740896
0.33677370030580456
0.3374374759522847
0.33887171561051266
0.3393962848297244
0.33952768099109343
0.33965917893105657
0.33979077876791464
0.3400542846064413
0.33993015133876464
0.34059097978227404
0.3402182385035066
0.3389564535111835
0.33870333988212153
0.33859510655090713
0.33993660855783914
0.340079365079364
0.3395552025417028
0.34010354440462015
0.33997608609007357
0.3398562300319448
0.34028892455859144
0.33949377259943914
0.3414535119772597
0.3407889385929276
0.33985330073349157
0.33892068683564397
0.33906633906633554
0.34074989699216957
0.3411716171617183
0.3417355371900765
0.3428689883913813
0.34487072560466425
0.34489966555184554
0.34594367381252183
0.34740396791895556
0.34742180896026675
0.3493412664683417
0.3496592844974384
0.3498293515358339
0.3492741246797586
0.34972210346302346
0.34918594687232535
0.3499355946758209
0.3502363558229515
0.3501075268817186
0.3500432152117579
0.35019455252918175
0.3509532062391659
0.3514335360556013
0.3525054466230952
0.3522231909328721
0.3528896672504411
0.35314839277850946
0.3528109783089882
0.3510258697591462
0.35120643431635623
0.35038133692238965
0.35008976660682
0.3504043126684668
0.34997750787224724
0.34954954954954676
0.35176790571170036
0.3532633500684645
0.353183692166746
0.35431985294118157
0.35480901978831
0.3545119705340754
0.35588507877665093
0.3562152133580675
0.3554832713754589
0.35431235431234875
0.35979087452471675
0.3605150214592271
0.3606321839080483
0.36206066441984114
0.3628019323671459
0.36094961240310136
0.36032977691561935
0.36120563928050226
0.3610705596107022
0.3612463485881172
0.3619512195121954
0.36025452765540855
0.35840707964601265
0.3579517479074331
0.35855588526211574
0.361457813280076
0.36200000000000027
0.3605817452357094
0.3602609131961922
0.35929648241206635
0.3600605143721662
0.36050632911393043
0.3625701172870964
0.36275510204081984
0.36331119059785744
0.36405529953916493
0.3644329896907205
0.36504653567735307
0.36675324675325155
0.36642411642411
0.363778705636741
0.3626373626373654
0.3637795275590614
0.3636842105263197
0.36354056902001747
0.3637322087506594
0.3639240506329137
0.36142024377318566
0.36004273504273393
0.36047134440279016
0.36032171581769185
0.36090225563909484
0.36129032258064925
0.3630952380952415
0.3627982646420786
0.36338946224877333
0.3639825897714855
0.36457765667575226
0.36538461538461425
0.3652892561983457
0.3628808864265873
0.36191536748329234
0.361761426978816
0.36125069793411524
0.36368746486789943
0.36533032185205855
0.36553672316383634
0.3639455782312908
0.36518771331058536
0.3672768878718582
0.36697247706421837
0.36718301778542417
0.3666666666666648
0.36729994242948116
0.3675115207373259
0.36948955916472936
0.36970400464306796
0.37084548104955867
0.3719976567076722
0.3722157092614335
0.3722842043452684
0.3725029377203257
0.3740412979350974
0.37455621301774883
0.3754448398576502
0.3767857142857131
0.3740275284260976
0.3747747747747708
0.37349397590361677
0.3746223564954713
0.3771289537712949
0.3774390243902442
0.37813072693952593
0.37859327217125144
0.37905695039804604
0.3789086450030628
0.37769562538508544
0.3793316831683171
0.37903225806451324
0.38006230529594603
0.3817271589486898
0.3826850690087796
0.38292529817953874
0.3827781269641749
0.38359621451104015
0.38344914718887707
0.38369152970923304
0.3844205193160201
0.3853968253968286
0.3863781031190378
0.3858418367346967
0.3873239436619723
0.38649517684887685
0.38605551969011903
0.38705501618122723
0.3876623376623319
0.38791423001949316
0.38711776187377894
0.3880890052356049
0.38794233289646585
0.38870650032830256
0.3889618922470401
0.3890717577353507
0.3893280632411035
0.38984168865435104
0.39061467283543044
0.39165009940358153
0.39216987392169594
0.39269102990033
0.3913333333333311
0.391594396264172
0.39156626506024383
0.3920911528150136
0.3948613928329897
0.39389830508474194
0.39402173913043675
0.39441416893732756
0.3931506849315112
0.39368998628257595
0.3939601921757056
0.3936682725395741
0.3939393939393915
0.3946095369730528
0.39415041782729443
0.39580419580419113
0.3974719101123609
0.398311048557351
0.3980239943542696
0.39858657243816414
0.39985795454545797
0.39943141435678464
0.40071428571428863
0.4010043041606939
0.4008651766402307
0.40115440115440576
0.40188269370021373
0.4024655547498224
0.4033430232558146
0.40248356464572216
0.4023408924652515
0.40263543191801404
0.4007352941176458
0.40191740412979127
0.40133531157269925
0.39880507841673074
0.3991031390134513
0.4009009009009045
0.4013554216867501
0.40594059405940913
0.4054878048780434
0.40579710144927417
0.4053435114503791
0.4056531703590482
0.40658499234303375
0.40689655172413597
0.4064417177914092
0.40958268933539227
0.4091260634184088
0.4094427244582073
0.4096198603568637
0.40887850467289155
0.4085937500000037
0.4108405341712537
0.4121355397951148
0.41246056782334173
0.41278610891870077
0.4131121642970036
0.4114376489277234
0.41176470588235375
0.4114331723027389
0.4127625201938572
0.4134304207119765
0.41646291768541305
0.4168026101141952
0.4171428571428604
0.41748366013071764
0.4185094185094214
0.419540229885057
0.4198849630238318
0.4219653179190791
0.42074688796680365
0.4210963455149467
0.4227234753550543
0.42307692307692285
0.4236577181208097
0.4247266610597129
0.42375737152485266
0.4251901944209598
0.42772108843536877
0.42759795570698494
0.4283276450511989
0.4290598290598277
0.42942686056458057
0.42979452054794093
0.43053173241852627
0.43350604490500694
0.43388072601556094
0.43614248479583384
0.43717277486910733
0.4374453193350872
0.4388742304309629
0.4396475770925093
0.440497335701596
0.44235924932975607
0.44504504504504205
0.4440433212996434
0.4435411020776827
0.44202898550724795
0.4424297370806875
0.44192377495462987
0.4413102820746156
0.4410958904109553
0.4423076923076909
0.4427131072410607
0.44311926605504004
0.4439338235294103
0.4443422263109437
0.4438305709023931
0.4433179723502332
0.4441366574330536
0.4433085501858691
0.44372093023255355
0.4440298507462708
0.4435107376283832
0.4424695977549124
0.44194756554307213
0.4423617619493863
0.4435028248587602
0.44592030360531776
0.4471931493815407
0.4510556621881051
0.4518304431599256
0.4507722007722
0.45111326234268767
0.45155038759689997
0.455078125
0.45552297165200356
0.4568627450980377
0.45821042281218866
0.459113300492614
0.46001974333662515
0.46230158730158577
0.4636815920397955
0.46414342629482036
0.46506986027944647
0.46400000000000036
0.4649298597194393
0.4648594377510081
0.4685598377281915
0.46903553299492523
0.46951219512195463
0.4699898270600185
0.4704081632653101
0.4708886618998938
0.47185261003070744
0.4717948717948701
0.47227926078028337
0.4711934156378642
0.4721649484536069
0.47210743801653343
0.4714434060228484
0.47340980187695464
0.47390396659707473
0.474399164054341
0.47489539748953624
0.47689075630251965
0.4768421052631556
0.47734457323498
0.47619047619047233
0.47872340425531384
0.47923322683705893
0.4775641025641012
0.47961373390558304
0.4790547798066616
0.48531011969531607
0.48583877995642877
0.48636859323882076
0.48743169398907543
0.4879649890590784
0.4884742041712455
0.4890109890109876
0.48788546255506865
0.48839779005525213
0.4894795127353319
0.4905450500556148
0.49163879598662497
0.4927374301675973
0.4949494949494931
0.4955056179775256
0.49661399548532464
0.4971751412429381
0.5000000000000036
0.5040091638029768
0.5074971164936564
0.5098493626883018
0.5104408352668178
0.5110336817653861
0.5122235157159502
0.5128205128205153
0.5146198830409392
0.5158264947245058
0.5152582159624435
0.5176886792452866
0.5189125295508272
0.5201421800947852
0.5219976218787147
0.5226190476190461
0.5233532934131698
0.5239808153477197
0.5246098439375813
0.5252403846153841
0.5253012048192749
0.5265700483091807
0.5272067714631201
0.5254854368932048
0.5261239368165218
0.5238095238095223
0.5257985257985239
0.5264452644526417
0.5258620689655228
0.5271604938271577
0.5265760197775021
0.5272277227722776
0.5298507462686608
0.5305105853051076
0.5311720698254322
0.5318352059925106
0.5351758793969806
0.5358490566037736
0.5372005044136168
0.5372945638432358
0.5407124681933815
0.5410256410256394
0.5404364569961512
0.5425257731958747
0.5454545454545436
0.5461638491547421
0.5468749999999984
0.5475880052151276
0.5484293193717259
0.5520421607378141
0.5521796565389689
0.5517241379310373
0.5524568393094286
0.5539280958721668
0.553333333333335
0.5540720961281735
0.556300268096515
0.558546433378201
0.5592991913746654
0.5587044534412995
0.5602165087956656
0.5603799185888716
0.5619047619047575
0.5643835616438362
0.5651577503429367
0.5659340659340643
0.5667125171939474
0.5682758620689659
0.5690607734806652
0.5684647302904547
0.5692520775623228
0.5708333333333316
0.5716272600834466
0.5710306406685197
0.5718270571827041
0.5726256983240262
0.573426573426568
0.5740479548660077
0.5748587570621462
0.5764872521246482
0.5773049645390078
0.5781250000000006
0.5789473684210517
0.5797720797720779
0.5805991440798829
0.5800000000000032
0.5808297567954219
0.5816618911174775
0.5824964131994324
0.5812949640287811
0.5806916426513022
0.5832127351664254
0.5840579710144899
0.5849056603773592
0.5857558139534893
0.588321167883211
0.5900439238653066
0.5926470588235276
0.5935198821796742
0.5955555555555565
0.5985074626865662
0.5994020926756364
0.6011994002998471
0.6006006006006049
0.6024096385542206
0.6018099547511294
0.6063829787234039
0.6091603053435118
0.6100917431192648
0.6110260336906607
0.6126543209876567
0.6120556414219481
0.6139534883720933
0.6158631415241023
0.6168224299065379
0.6187500000000046
0.6197183098591597
0.6206896551724119
0.621664050235482
0.6226415094339665
0.6259904912836753
0.6269841269841251
0.6279809220985704
0.6273885350318514
0.6304000000000016
0.6314102564102545
0.6334405144694504
0.6369529983792582
0.6400651465798047
0.6411092985318142
0.6421568627450961
0.6432078559738139
0.6474464579901169
0.648514851485148
0.6506622516556265
0.6539101497504155
0.6550000000000016
0.6560934891485787
0.6571906354515047
0.658291457286434
0.6593959731543683
0.66216216216216
0.6632825719120136
0.6644067796610106
0.6655348047538232
0.6649659863945531
0.6660988074957415
0.667235494880552
0.6695205479452023
0.6706689536878211
0.6718213058419223
0.6729776247848475
0.6741379310344784
0.6753022452504318
0.678819444444448
0.6799999999999996
0.6811846689895444
0.6818181818181874
0.6860670194003469
0.6872791519434668
0.6884955752212374
0.6879432624113416
0.6891651865008868
0.6903914590747371
0.6916221033868117
0.6940966010733488
0.6953405017921123
0.6947935368043058
0.6942446043165434
0.6954954954954915
0.6949458483754574
0.6962025316455731
0.6956521739130458
0.6969147005444675
0.6981818181818218
0.699453551912571
0.7001828153564862
0.7014652014651993
0.7027522935779755
0.7053406998158364
0.7066420664206584
0.7060998151571218
0.7074074074074077
0.7100371747211853
0.7113594040968398
0.71401869158879
0.7134831460674173
0.7148217636022568
0.7161654135338325
0.715630885122415
0.7169811320754716
0.7196969696969755
0.7210626185958302
0.7238095238095188
0.7251908396946507
0.7265774378585049
0.7260536398467466
0.7274472168906008
0.7269230769230746
0.7297297297297285
0.7325581395348849
0.7339805825242666
0.7334630350194529
0.7377690802348269
0.7392156862745074
0.7406679764243559
0.7421259842519673
0.7465346534653471
0.7524950099800459
0.7540000000000006
0.7565392354124789
0.7580645161290387
0.7595959595959636
0.7611336032388636
0.7642276422764263
0.7657841140529549
0.7684426229508134
0.7716049382716094
0.7711340206185546
0.7727272727272777
0.7759336099585041
0.7754677754677681
0.7770833333333312
0.7803347280334676
0.7819706498951813
0.7836134453781491
0.7852631578947336
0.7869198312236223
0.7864693446088853
0.7898089171974522
0.7910447761194099
0.7905982905982885
0.7956989247311864
0.7991360691144748
0.8008658008657968
0.8026030368763518
0.8043478260869527
0.806100217864925
0.8096280087527327
0.8114035087719242
0.813186813186811
0.8149779735682858
0.8167770419426083
0.8163716814159224
0.820000000000003
0.8195991091313987
0.8214285714285771
0.8232662192393765
0.8251121076233205
0.8269662921348278
0.8306997742663628
0.8325791855203597
0.8344671201814106
0.8382687927107054
0.8401826484018193
0.8421052631578927
0.8459770114942569
0.8479262672811113
0.8518518518518464
0.8558139534883782
0.8578088578088605
0.8618266978922725
0.8638497652582193
0.8658823529411741
0.8679245283018938
0.8699763593380626
0.8720379146919405
0.8741092636579596
0.8761904761904736
0.8782816229117013
0.8803827751196123
0.8800959232613876
0.8798076923076897
0.8819277108433693
0.884057971014496
0.8861985472155027
0.8883495145631065
0.8880778588807776
0.8902439024390251
0.892420537897305
0.8946078431372523
0.896805896805893
0.8990147783251311
0.9012345679012309
0.9034653465346542
0.9057071960297826
0.9079601990049807
0.9102244389027374
0.9124999999999915
0.9147869674185372
0.9170854271356724
0.9193954659949589
0.9217171717171663
0.9240506329113967
0.9263959390862873
0.928753180661574
0.9311224489795854
0.9335038363171414
0.9358974358974331
0.9383033419023202
0.9407216494845333
0.9431524547803581
0.9455958549222826
0.9480519480519483
0.9505208333333283
0.9530026109660615
0.9554973821989464
0.9580052493438267
0.9605263157894761
0.9630606860158363
0.965608465608473
0.9681697612732171
0.9707446808510584
0.9733333333333393
0.9759358288770086
0.9785522788203759
0.981182795698924
0.9838274932614629
0.986486486486479
0.9891598915989194
0.9918478260869502
0.9945504087193525
0.9972677595628425
0.9999999999999966
0.9999999999999966
0.9999999999999966
0.9999999999999966
0.9999999999999966
0.9999999999999966
0.9999999999999966
0.9999999999999966
0.9999999999999966
0.9999999999999966
0.9999999999999966
0.9999999999999966
0.9999999999999966
0.9999999999999966
0.9999999999999966
0.9999999999999966
0.9999999999999966
0.9999999999999966
0.9999999999999966
0.9999999999999966
0.9999999999999966
0.9999999999999966
0.9999999999999966
0.9999999999999966
0.9999999999999966
0.9999999999999966
0.9999999999999966
0.9999999999999966
0.9999999999999966
0.9999999999999966
0.9999999999999966
0.9999999999999966
0.9999999999999966
0.9999999999999966
0.9999999999999966
0.9999999999999966
0.9999999999999966
0.9999999999999966
0.9999999999999966
0.9999999999999966
0.9999999999999966
0.9999999999999966
0.9999999999999966
0.9999999999999966
0.9999999999999966
0.9999999999999966
0.9999999999999966
0.9999999999999966
0.9999999999999966
0.9999999999999966
0.9999999999999966
0.9999999999999966
0.9999999999999966
0.9999999999999966
0.9999999999999966
0.9999999999999966
0.9999999999999966
0.9999999999999966
0.9999999999999966
0.9999999999999966
0.9999999999999966
0.9999999999999966
0.9999999999999966
0.9999999999999966
0.9999999999999966
0.9999999999999966
0.9999999999999966
0.9999999999999966
0.9999999999999966
0.9999999999999966
0.9999999999999966
0.9999999999999966
0.9999999999999966
0.9999999999999966
0.9999999999999966
0.9999999999999966
0.9999999999999966
0.9999999999999966
0.9999999999999966
0.9999999999999966
0.9999999999999966
0.9999999999999966
0.9999999999999966
0.9999999999999966
0.9999999999999966
0.9999999999999966
0.9999999999999966
0.9999999999999966
0.9999999999999966
0.9999999999999966
0.9999999999999966
0.9999999999999966
0.9999999999999966
0.9999999999999966
0.9999999999999966
0.9999999999999966
0.9999999999999966
0.9999999999999966
0.9999999999999966
0.9999999999999966
0.9999999999999966
0.9999999999999966
0.9999999999999966
0.9999999999999966
0.9999999999999966
0.9999999999999966
0.9999999999999966
0.9999999999999966
0.9999999999999966
0.9999999999999966
0.9999999999999966
0.9999999999999966
0.9999999999999966
0.9999999999999966
0.9999999999999966
0.9999999999999966
0.9999999999999966
0.9999999999999966
0.9999999999999966
0.9999999999999966
0.9999999999999966
0.9999999999999966
0.9999999999999966
0.9999999999999966
0.9999999999999966
0.9999999999999966
0.9999999999999966
0.9999999999999966
0.9999999999999966
0.9999999999999966
0.9999999999999966
0.9999999999999966
0.9999999999999966
0.9999999999999966
0.9999999999999966
0.9999999999999966
0.9999999999999966
0.9999999999999966
0.9999999999999966
0.9999999999999966
0.9999999999999966
0.9999999999999966
0.9999999999999966
0.9999999999999966
0.9999999999999966
0.9999999999999966
0.9999999999999966
0.9999999999999966
0.9999999999999966
0.9999999999999966
0.9999999999999966
0.9999999999999966
0.9999999999999966
0.9999999999999966
0.9999999999999966
0.9999999999999966
0.9999999999999966
0.9999999999999966
0.9999999999999966
0.9999999999999966
0.9999999999999966
0.9999999999999966
0.9999999999999966
0.9999999999999966
0.9999999999999966
0.9999999999999966
0.9999999999999966
0.9999999999999966
0.9999999999999966
0.9999999999999966
0.9999999999999966
0.9999999999999966
0.9999999999999966
0.9999999999999966
0.9999999999999966
0.9999999999999966
0.9999999999999966
0.9999999999999966
0.9999999999999966
0.9999999999999966
0.9999999999999966
0.9999999999999966
0.9999999999999966
0.9999999999999966
0.9999999999999966
0.9999999999999966
0.9999999999999966
0.9999999999999966
0.9999999999999966
0.9999999999999966
0.9999999999999966
0.9999999999999966
0.9999999999999966
0.9999999999999966
0.9999999999999966
0.9999999999999966
0.9999999999999966
0.9999999999999966
0.9999999999999966
0.9999999999999966
0.9999999999999966
0.9999999999999966
0.9999999999999966
0.9999999999999966
0.9999999999999966
0.9999999999999966
0.9999999999999966
0.9999999999999966
0.9999999999999966
0.9999999999999966
0.9999999999999966
0.9999999999999966
0.9999999999999966
0.9999999999999966
0.9999999999999966
0.9999999999999966
0.9999999999999966
0.9999999999999966
0.9999999999999966
0.9999999999999966
0.9999999999999966
0.9999999999999966
0.9999999999999966
0.9999999999999966
0.9999999999999966
0.9999999999999966
0.9999999999999966
0.9999999999999966
0.9999999999999966
0.9999999999999966
0.9999999999999966
0.9999999999999966
0.9999999999999966
0.9999999999999966
0.9999999999999966
0.9999999999999966
0.9999999999999966
0.9999999999999966
0.9999999999999966
0.9999999999999966
0.9999999999999966
0.9999999999999966
0.9999999999999966
0.9999999999999966
0.9999999999999966
0.9999999999999966
0.9999999999999966
0.9999999999999966
0.9999999999999966
0.9999999999999966
0.9999999999999966
0.9999999999999966
0.9999999999999966
0.9999999999999966
0.9999999999999966
0.9999999999999966
0.9999999999999966
0.9999999999999966
0.9999999999999966
0.9999999999999966
0.9999999999999966
0.9999999999999966
0.9999999999999966
0.9999999999999966
0.9999999999999966
0.9999999999999966
0.9999999999999966
0.9999999999999966
0.9999999999999966
0.9999999999999966
0.9999999999999966
0.9999999999999966
0.9999999999999966
0.9999999999999966
0.9999999999999966
0.9999999999999966
0.9999999999999966
0.9999999999999966
0.9999999999999966
0.9999999999999966
0.9999999999999966
0.9999999999999966
0.9999999999999966
0.9999999999999966
0.9999999999999966
0.9999999999999966
0.9999999999999966
0.9999999999999966
0.9999999999999966
0.9999999999999966
0.9999999999999966
0.9999999999999966
0.9999999999999966
0.9999999999999966
0.9999999999999966
0.9999999999999966
0.9999999999999966
0.9999999999999966
0.9999999999999966
0.9999999999999966
0.9999999999999966
0.9999999999999966
0.9999999999999966
0.9999999999999966
0.9999999999999966
0.9999999999999966
0.9999999999999966
0.9999999999999966
0.9999999999999966
0.9999999999999966
0.9999999999999966
0.9999999999999966
0.9999999999999966
0.9999999999999966
0.9999999999999966
0.9999999999999966
0.9999999999999966
0.9999999999999966
0.9999999999999966
0.9999999999999966
0.9999999999999966
0.9999999999999966
0.9999999999999966
0.9999999999999966
0.9999999999999966
0.9999999999999966
0.9999999999999966
0.9999999999999966
0.9999999999999966
0.9999999999999966
0.9999999999999966
0.9999999999999966
0.9999999999999966
0.9999999999999966
0.9999999999999966
0.9999999999999966
0.9999999999999966
0.9999999999999966
0.9999999999999966
0.9999999999999966
0.9999999999999966
0.9999999999999966
0.9999999999999966
0.9999999999999966
0.9999999999999966
0.9999999999999966
0.9999999999999966
0.9999999999999966
0.9999999999999966
0.9999999999999966
0.9999999999999966
0.9999999999999966
0.9999999999999966
0.9999999999999966
0.9999999999999966
0.9999999999999966
0.9999999999999966
0.9999999999999966
0.9999999999999966
0.9999999999999966
0.9999999999999966
0.9999999999999966
0.9999999999999966
0.9999999999999966
0.9999999999999966
0.9999999999999966
0.9999999999999966
0.9999999999999966
0.9999999999999966
0.9999999999999966
0.9999999999999966
0.9999999999999966
0.9999999999999966
0.9999999999999966
0.9999999999999966
0.9999999999999966
0.9999999999999966
0.9999999999999966
0.9999999999999966
0.9999999999999966
0.9999999999999966
0.9999999999999966
0.9999999999999966
0.9999999999999966
0.9999999999999966
0.9999999999999966
0.9999999999999966
0.9999999999999966
0.9999999999999966
0.9999999999999966
0.9999999999999966
0.9999999999999966
0.9999999999999966
0.9999999999999966
0.9999999999999966
0.9999999999999966
0.9999999999999966
0.9999999999999966
0.9999999999999966
0.9999999999999966
0.9999999999999966
0.9999999999999966
0.9999999999999966
0.9999999999999966
0.9999999999999966
0.9999999999999966
0.9999999999999966
0.9999999999999966
0.9999999999999966
0.9999999999999966
0.9999999999999966
0.9999999999999966
0.9999999999999966
0.9999999999999966
0.9999999999999966
0.9999999999999966
0.9999999999999966
0.9999999999999966
0.9999999999999966
0.9999999999999966
0.9999999999999966
0.9999999999999966
0.9999999999999966
0.9999999999999966
0.9999999999999966
0.9999999999999966
0.9999999999999966
0.9999999999999966
0.9999999999999966
0.9999999999999966
0.9999999999999966
0.9999999999999966
0.9999999999999966
0.9999999999999966
0.9999999999999966
0.9999999999999966
0.9999999999999966
0.9999999999999966
0.9999999999999966
0.9999999999999966
0.9999999999999966
0.9999999999999966
0.9999999999999966
0.9999999999999966
0.9999999999999966
0.9999999999999966
0.9999999999999966
0.9999999999999966
0.9999999999999966
0.9999999999999966
0.9999999999999966
0.9999999999999966
0.9999999999999966
0.9999999999999966
0.9999999999999966
0.9999999999999966
0.9999999999999966
0.9999999999999966
0.9999999999999966
0.9999999999999966
0.9999999999999966
0.9999999999999966
0.9999999999999966
0.9999999999999966
0.9999999999999966
0.9999999999999966
0.9999999999999966
0.9999999999999966
0.9999999999999966
0.9999999999999966
0.9999999999999966
0.9999999999999966
0.9999999999999966
0.9999999999999966
0.9999999999999966
0.9999999999999966
0.9999999999999966
0.9999999999999966
0.9999999999999966
0.9999999999999966
0.9999999999999966
0.9999999999999966
0.9999999999999966
0.9999999999999966
0.9999999999999966
0.9999999999999966
0.9999999999999966
0.9999999999999966
0.9999999999999966
0.9999999999999966
0.9999999999999966
0.9999999999999966
0.9999999999999966
0.9999999999999966
0.9999999999999966
0.9999999999999966
0.9999999999999966
0.9999999999999966
0.9999999999999966
0.9999999999999966
0.9999999999999966
0.9999999999999966
0.9999999999999966
0.9999999999999966
0.9999999999999966
0.9999999999999966
0.9999999999999966
0.9999999999999966
0.9999999999999966
0.9999999999999966
0.9999999999999966
0.9999999999999966
0.9999999999999966
0.9999999999999966
0.9999999999999966
0.9999999999999966
0.9999999999999966
0.9999999999999966
0.9999999999999966
0.9999999999999966
0.9999999999999966
0.9999999999999966
0.9999999999999966
0.9999999999999966
0.9999999999999966
0.9999999999999966
0.9999999999999966
0.9999999999999966
0.9999999999999966
0.9999999999999966
0.9999999999999966
0.9999999999999966
0.9999999999999966
0.9999999999999966
0.9999999999999966
0.9999999999999966
0.9999999999999966
0.9999999999999966
0.9999999999999966
0.9999999999999966
0.9999999999999966
0.9999999999999966
0.9999999999999966
0.9999999999999966
0.9999999999999966
0.9999999999999966
0.9999999999999966
0.9999999999999966
0.9999999999999966
0.9999999999999966
0.9999999999999966
0.9999999999999966
0.9999999999999966
0.9999999999999966
0.9999999999999966
0.9999999999999966
0.9999999999999966
0.9999999999999966
0.9999999999999966
0.9999999999999966
0.9999999999999966
0.9999999999999966
0.9999999999999966
0.9999999999999966
0.9999999999999966
0.9999999999999966
0.9999999999999966
0.9999999999999966
0.9999999999999966
0.9999999999999966
0.9999999999999966
0.9999999999999966
0.9999999999999966
0.9999999999999966
0.9999999999999966
0.9999999999999966
0.9999999999999966
0.9999999999999966
0.9999999999999966
0.9999999999999966
0.9999999999999966
0.9999999999999966
0.9999999999999966
0.9999999999999966
0.9999999999999966
0.9999999999999966
0.9999999999999966
0.9999999999999966
0.9999999999999966
0.9999999999999966
0.9999999999999966
0.9999999999999966
0.9999999999999966
0.9999999999999966
0.9999999999999966
0.9999999999999966
0.9999999999999966
0.9999999999999966
0.9999999999999966
0.9999999999999966
0.9999999999999966
0.9999999999999966
0.9999999999999966
0.9999999999999966
0.9999999999999966
0.9999999999999966
0.9999999999999966
0.9999999999999966
0.9999999999999966
0.9999999999999966
0.9999999999999966
0.9999999999999966
0.9999999999999966
0.9999999999999966
0.9999999999999966
0.9999999999999966
0.9999999999999966
0.9999999999999966
0.9999999999999966
0.9999999999999966
0.9999999999999966
0.9999999999999966
0.9999999999999966
0.9999999999999966
0.9999999999999966
0.9999999999999966
0.9999999999999966
0.9999999999999966
0.9999999999999966
0.9999999999999966
0.9999999999999966
0.9999999999999966
0.9999999999999966
0.9999999999999966
0.9999999999999966
0.9999999999999966
0.9999999999999966
0.9999999999999966
0.9999999999999966
0.9999999999999966
0.9999999999999966
0.9999999999999966
0.9999999999999966
0.9999999999999966
0.9999999999999966
0.9999999999999966
0.9999999999999966
0.9999999999999966
0.9999999999999966
0.9999999999999966
0.9999999999999966
0.9999999999999966
0.9999999999999966
0.9999999999999966
0.9999999999999966
0.9999999999999966
0.9999999999999966
0.9999999999999966
0.9999999999999966
0.9999999999999966
0.9999999999999966
0.9999999999999966
0.9999999999999966
0.9999999999999966
0.9999999999999966
0.9999999999999966
0.9999999999999966
0.9999999999999966
0.9999999999999966
0.9999999999999966
0.9999999999999966
0.9999999999999966
0.9999999999999966
0.9999999999999966
0.9999999999999966
0.9999999999999966
0.9999999999999966
0.9999999999999966
0.9999999999999966
0.9999999999999966
0.9999999999999966
0.9999999999999966
0.9999999999999966
0.9999999999999966
0.9999999999999966
