0.28090566037736414
0.28154311649016894
0.28158571644727104
0.28147699757868666
0.28183747725894387
0.2818802122820357
0.2818995600060656
0.2819423368740495
0.282327913690928
0.28237082066869856
0.28219552987683577
0.28217219348950623
0.28234398782344744
0.28221139201950535
0.2822973796465582
0.28205519134014645
0.2821412231203283
0.28203172666259474
0.28211779066219517
0.28224698519309555
0.28254889975549835
0.2832618025751007
0.2831722656849136
0.283323095823088
0.2833435771358313
0.2833871215613925
0.28430313319957845
0.28326113861384744
0.2838759689922426
0.28391998759498016
0.2839640198511234
0.2838969903816196
0.28371876455068246
0.28360757528717934
0.2836516068933348
0.28354037267080634
0.2831830898352504
0.2826695706284933
0.2826019296607502
0.2825782344698795
0.28255451713396024
0.28259853559744275
0.2826866136824117
0.28277474668744207
0.28281883380106493
0.28279519575728795
0.2827274145732551
0.28281567036053046
0.2827004219409369
0.28256450351838125
0.283362082483926
0.2834065244667486
0.2823455431535922
0.28243434502279763
0.2824787669078286
0.28087052515376415
0.2809591418204692
0.2814229249011863
0.28146742567994815
0.28105712929261806
0.28114611366154324
0.28119062697910663
0.2809629394995227
0.2814285714285725
0.2815179422038695
0.28128970775095385
0.28146380270484556
0.28139423842113515
0.2817529880478032
0.2817978960790566
0.2816137777069094
0.2815890236120056
0.2816789020108513
0.28128496084384813
0.2813299232736574
0.28103007037748484
0.28072424290978565
0.28058361391694114
0.2806286080821031
0.2811244979919675
0.28120470285070304
0.28087713640762313
0.28076116755361175
0.28116925064599313
0.2812296681847709
0.28136696501221403
0.2811787691305829
0.28136200716846066
0.28140785400032564
0.28091353996738516
0.2806788511749348
0.28053559764858804
0.28041809570472187
0.28034634863584795
0.2802287581699337
0.2802287581699337
0.2802745546657998
0.2801569140241846
0.279895305087512
0.2792792792792791
0.27932503276540416
0.27937080124529406
0.27941658472632097
0.2794623832158693
0.2794552018378681
0.2795663600525604
0.2795592830126646
0.27948675769041426
0.27971682581495766
0.2798550485916637
0.2803368003962348
0.28089330024813125
0.28130701608891234
0.28135368281354756
0.281400365024051
0.28144706272818276
0.2815405046480742
0.2811825278193055
0.2812292358803932
0.2813226985709514
0.28067254869318875
0.28181970229135994
0.2816265060240994
0.28167364016735774
0.28172079009039935
0.28164768921634037
0.2816901408450794
0.28230549487480666
0.2822065253952189
0.2821332436069898
0.2812868452080107
0.2811657681940782
0.28130793864824233
0.2810655875906246
0.2817306067263847
0.28187352045992303
0.28192119059698967
0.2818474031466749
0.2818950930626039
0.28202514441046783
0.2825531914893622
0.28220440197918667
0.2823971316373531
0.2824453551912557
0.2826086956521691
0.28233681685797274
0.2820644718792802
0.28102440701270953
0.2792263857710239
0.27927461139896903
0.2791501122819099
0.2793837631988886
0.27925900277008825
0.27932767284698495
0.2788278134211866
0.2797691904179054
0.28045574057843925
0.2804771092790791
0.2812170242701341
0.28141499472017306
0.2809305604511784
0.28102961918195085
0.281079174748714
0.28100194037749293
0.2806212495587825
0.28051580992757313
0.2806862398302064
0.2801204819277168
0.2803688597268958
0.28051809794180765
0.2806892876177013
0.2805333333333318
0.28045527298594736
0.2807486631016093
0.28079871634871745
0.28130023218432365
0.2811718470882407
0.28177092668936304
0.2814801508891743
0.28163191948238675
0.28095752339812274
0.28105869643499953
0.2811317354478321
0.28118240807496997
0.28105282134486265
0.2816570188133204
0.2817079790121214
0.2817589576547232
0.2818099547511385
0.28186097031136526
0.2817309433278956
0.28160086925027145
0.28185608120354544
0.28195829555756924
0.28194873659335207
0.28184133915575066
0.28188775510204794
0.28167730173199756
0.2818314483765099
0.28200913242009595
0.2820606503470851
0.28184975324438016
0.28210757409441306
0.28197621225983543
0.2821546353975798
0.2828765863527704
0.2828765863527704
0.28292862398822965
0.2825846833578783
0.28263671515375366
0.2798963346908576
0.28020756115640305
0.2802594995365997
0.28057153460753
0.28062360801781955
0.2810931399888461
0.28125000000001066
0.281273268801196
0.2810810810810823
0.28005234623294506
0.2801570974378218
0.28002244668911214
0.2798877455565898
0.2806227724629533
0.2795112781954938
0.27953348382241927
0.2795860771401724
0.2796083600075232
0.2795779954785237
0.27963067646505324
0.2794949114210308
0.27935909519322044
0.27946445408259396
0.2795394488486274
0.27964501510574596
0.27937287495278246
0.27942565652748863
0.27950075642965433
0.27998479376544566
0.27976416888550526
0.27954329210276657
0.27940616673011387
0.27926898914905174
0.27906976744186335
0.2774378585086106
0.2777777777777873
0.27702054137070936
0.2771801767191638
0.27723342939481027
0.27572890519405446
0.27676493405741426
0.27667830811020405
0.2767857142857104
0.2768932038835006
0.27732399844418787
0.2763055339049055
0.2768990431556342
0.27685384464879736
0.2769080234833695
0.2769080234833695
0.27676649050694246
0.2768748776189545
0.2769291030160579
0.2768416927899624
0.2768959435626037
0.2769502156017279
0.2768295075534626
0.2767962308598345
0.27662082514734704
0.2767382312389208
0.2765957446808477
0.2764532019704376
0.2765621919968466
0.27618859735648865
0.27590290112493004
0.2757599684168951
0.27597787435796195
0.27603240466310913
0.27610759493670656
0.27621685793430706
0.2760736196318997
0.2754111353279221
0.27568425228084403
0.2761980513024393
0.27632888711924786
0.27638391079251745
0.2762948207171332
0.27615062761506776
0.27620565962535054
0.2760613912696831
0.27639193773697296
0.27591036414565717
0.2769632456316571
0.27763237366619553
0.27763237366619553
0.27763237366619553
0.2775534921275738
0.2783400809716565
0.2792353060809453
0.27929210740439486
0.2792022792022804
0.2792829496842542
0.2791361043194691
0.27901284927595604
0.2792406613594675
0.27935470696344444
0.27952595014302856
0.27958307786633296
0.27895060463210064
0.278802788027877
0.27903159622486967
0.27920344898377303
0.27904585646720365
0.27904585646720365
0.2788065843621355
0.2788639637785449
0.2789787934939239
0.2780528052805302
0.27861726350651655
0.27919518772039137
0.2792531120331941
0.27931106038596687
0.27855211150406084
0.279273638071377
0.2793319415448831
0.27959012965286106
0.2802347516243984
0.28035227511008237
0.280016792611243
0.27962184873949486
0.27973938629675477
0.2797981921378977
0.2798570227081548
0.2797305830351539
0.2797894736842112
0.2799325463743682
0.2802709568162599
0.2799661160525266
0.27956761339551006
0.27928692699489877
0.2794055201698514
0.2792524952219117
0.27809767541052693
0.278156996587028
0.27777777777777685
0.27783714468903864
0.27780153977758515
0.2770877944325501
0.27689669952850016
0.2761434399828174
0.27620274914089255
0.2763808295723195
0.2767241379310281
0.2767241379310281
0.2755786285961437
0.27542189528343514
0.2754814975113586
0.27296473661296605
0.2755281690140876
0.27583168098700356
0.27567210224768285
0.27541345093716013
0.27511591962906073
0.2743794326241101
0.2743402084719371
0.2744010647737431
0.27446194808076907
0.2741398446170932
0.2742616033755223
0.2742831740386764
0.27434415295686804
0.27402135231317
0.2742043178277292
0.2744704570791537
0.27465417224453803
0.27455357142857356
0.27439160526903067
0.2743738819320139
0.2737855383926615
0.2734602463605825
0.2731958762886543
0.27252302853292126
0.2725842696629195
0.2724820143884904
0.27231841691027747
0.2723796671165114
0.2725022502250233
0.2725635831645248
0.2711482066320696
0.2707157371867221
0.27089923181202713
0.27096045197740354
0.2713248638838399
0.27115951894713153
0.27115951894713153
0.27320650928260454
0.2741490340386364
0.27381500230096245
0.27406725011515687
0.2738589211618248
0.27436489607389963
0.2740740740740711
0.274137531836065
0.27458256029684336
0.2755410751687216
0.2761194029850781
0.2763772175536872
0.27627276973377596
0.27608797379503647
0.2763466042154508
0.2761770906535446
0.27620164126612035
0.27633122214402606
0.27648578811369773
0.27661574618096385
0.27752888469700876
0.27718801604151194
0.2773843248347453
0.277593557555658
0.27765932243544156
0.2777251184834115
0.27785680417258957
0.27768555845387155
0.2775800711743781
0.2781079153791261
0.2781740370898757
0.278200856734896
0.27745940783190187
0.27720640994977636
0.2773390763340504
0.2772324634905471
0.2770593869731789
0.27712574850299
0.2770189312245311
0.27708533077660874
0.2774843975035981
0.2776843622387748
0.2778178322518625
0.27875572703159274
0.27895752895753395
0.27912034799420815
0.2791878172588867
0.2791878172588867
0.27925531914893187
0.2783980582524331
0.2783980582524331
0.2776967930029194
0.27758872143898555
0.277656212010695
0.2777507302823729
0.2776424744276697
0.27811661380825053
0.27852430979721926
0.27852430979721926
0.2790298873101443
0.2790982602303392
0.27916666666666573
0.27952755905511767
0.2800296589223892
0.28040624225910754
0.280475718533202
0.2803274621681974
0.27862309802943663
0.2787621662091305
0.2788317523714393
0.2786106946526711
0.2786803299175243
0.2788197049262288
0.2790290290290276
0.27909887359198265
0.27937860185416985
0.27951867635998867
0.27993974391162674
0.2800803818136199
0.27996984166876543
0.28004022121669087
0.28011063615790843
0.2803926503901331
0.28041393235739653
0.2806264208133286
0.2800808897876596
0.2801517067003847
0.2801517067003847
0.28128966742828426
0.2813610970035572
0.28026449643947493
0.28033579241922685
0.2805810397553572
0.2806525618149296
0.280795715378725
0.2808673469387751
0.2810107197549789
0.2803475594173286
0.28045035823950615
0.2800409941070947
0.28011276268580143
0.280215550423405
0.2802874743326491
0.28035943517330114
0.28050346776265317
0.28057553956834064
0.27870967741935326
0.27935851008794443
0.2791720569210879
0.27841203943954734
0.27753189273626167
0.27753189273626167
0.2773437500000043
0.2770393536617223
0.27673448095983166
0.27673448095983166
0.2766901592273539
0.27631235309480406
0.27631235309480406
0.276195453357718
0.2762676424464227
0.2762676424464227
0.27633986928104337
0.27757352941176383
0.27738376674546766
0.277456647398837
0.2771496187220617
0.2769594950026291
0.27799841143765247
0.2778072033898378
0.27824933687003023
0.2775857484711513
0.2776595744680878
0.27788128826191305
0.27788128826191305
0.2776890308839259
0.2777629826897443
0.27783697389451223
0.2777185501066101
0.2777481323372414
0.27782225780624475
0.27800053461642066
0.2784471218206113
0.27885131508320027
0.27930107526881814
0.2793761763915057
0.2800863464651917
0.27989203778678234
0.2799676025917893
0.2800432082095619
0.280118854673153
0.280118854673153
0.27999999999999753
0.2800756961340852
0.2798810167658245
0.2796862320800718
0.2796862320800718
0.27976190476190765
0.2797183861359347
0.2800216860937887
0.2800976138828597
0.2799782962561042
0.2800542740841184
0.27966331794731764
0.2797392721347051
0.2796195652173946
0.27949972811310814
0.2795757410932848
0.27965179542981017
0.28036105032822456
0.2797913234486549
0.2798681680856939
0.2800219840615476
0.2796260654385438
0.2797029702970252
0.2800110132158531
0.28024249104436255
0.28024249104436255
0.27984560242624984
0.2803428255460303
0.281694065199217
0.2812935600780577
0.2817216321967541
0.2799103390305403
0.27958496915311815
0.27949438202247484
0.27965148960089575
0.28051874823794715
0.28083545018346273
0.2801809443030839
0.2800565770862801
0.28021511463345183
0.28029445073612763
0.2810105024127168
0.28148990617003344
0.28148990617003344
0.28156996587031136
0.28237307472903334
0.28245363766048115
0.28224885844749315
0.28204396231801604
0.2821245002855507
0.2822050842616408
0.2822857142857113
0.28285141711995765
0.2829324169530346
0.28206599713055736
0.2821469575200909
0.2820218265364793
0.2818155702384398
0.281896551724134
0.2820586543990862
0.28193325661679364
0.2818077144502086
0.2819700460829459
0.28176318063958405
0.28138528138527696
0.2815028901734178
0.28207355922386723
0.28215527230590703
0.28309037900874023
0.2833381966734691
0.28271028037382656
0.28287551139684464
0.28312372038608286
0.2835383714118319
0.2832014072119652
0.2840306423099539
0.2840306423099539
0.28436578171090926
0.28575667655786213
0.2867778439547373
0.28694874851013435
0.28694874851013435
0.2867362146050651
0.2861832288868988
0.28682634730539236
0.2857142857142839
0.28558531447486973
0.28744693753790085
0.2875341219290287
0.28770864946888686
0.28779599271402667
0.28757971454601194
0.2876670716889433
0.28775448192038927
0.28784194528875734
0.2880683552029369
0.28815628815628724
0.2879389312977173
0.28720146968769633
0.2869405272838705
0.2877343990162871
0.2878228782287795
0.2878694581280835
0.2879581151832442
0.28800493370335556
0.2880937692782213
0.2880937692782213
0.28783199505868134
0.287700865265766
0.2877897990726444
0.28796783173522816
0.2881460848034616
0.2883245586869009
0.28691327323593047
0.286691542288561
0.2867807153965818
0.2868699439950231
0.28696194635059086
0.2868289637952566
0.28691851389322887
0.28700811992504854
0.2872340425531971
0.2873239436619672
0.2874139010644977
0.28750391481364873
0.28705734879347844
0.2868801004394251
0.28697017268445457
0.28674623115577513
0.28629792583280744
0.2862535388486911
0.2864337425243893
0.2864337425243893
0.2860296436455419
0.2866181588104988
0.2860310421286011
0.28612167300380786
0.2869399428026715
0.2871224165341812
0.2873051224944339
0.2870782940802083
0.28662420382165604
0.28662420382165604
0.2869897959183687
0.2867623604465699
0.2868538608806694
0.2869454197255018
0.28703703703703937
0.2871762072273758
0.2864916773367469
0.2874116891457955
0.28750401541920956
0.28752436647173174
0.2881797460110759
0.2880417073965452
0.290078843626802
0.2902695595003294
0.2905138339920934
0.2905138339920934
0.2907053394858266
0.2908129543952434
0.29100529100529016
0.2917639213071002
0.29215358931552465
0.29215358931552465
0.2919879316124696
0.29184837302918765
0.29204431017120247
0.2922405105811286
0.2924369747899104
0.292199058507066
0.292199058507066
0.2929871881321664
0.29308600337268226
0.29284750337381804
0.292946338170772
0.292946338170772
0.29242731575388303
0.2921043713995268
0.2922033898305051
0.29149659863945576
0.29149659863945576
0.29149659863945576
0.2912256742915659
0.29182346903865636
0.29192334017795774
0.292524005486964
0.2921966311447225
0.2935684647302895
0.2936700103770295
0.2939750692520786
0.292665971498088
0.2929714683368136
0.29307344239471433
0.29307344239471433
0.2939944134078235
0.29409710094306796
0.29461161651504686
0.2944483485593822
0.2944483485593822
0.2945518453427
0.2947590573337996
0.2947590573337996
0.29451090781140127
0.29451090781140127
0.2946145723336891
0.29482212046494605
0.2949260042283325
0.2949260042283325
0.29478138222849043
0.29498941425546577
0.2951977401129933
0.2953020134228147
0.2954063604240277
0.2956152758132974
0.2961388593694652
0.2961388593694652
0.29690281238874877
0.29711435696473504
0.29743223965763055
0.29718159115233495
0.29728765167737276
0.29739378793288296
0.2977809591982834
0.2975592246949021
0.2976660682226241
0.29743404409107693
0.297818181818181
0.2979265187340885
0.29777939570440537
0.2981049562682269
0.29795769511305464
0.29795769511305464
0.2980277574872113
0.2970007315288966
0.296743505305528
0.29757531227039175
0.2975358587716069
0.29727740986019247
0.29727740986019247
0.29727740986019247
0.2984079970381319
0.2984079970381319
0.29973968017850494
0.29947916666666935
0.3004852556924209
0.30183727034120983
0.30214205186020154
0.3022556390977462
0.30210684725357073
0.3013646702047031
0.30147895335608615
0.3017077798861428
0.3018223234624144
0.3018223234624144
0.3032036613272302
0.3038990825688025
0.3040152963671132
0.30413159908186277
0.3042479908151595
0.3042145593869755
0.3047508690614173
0.30486862442040275
0.3049205734211504
0.3050387596899185
0.30515703761148144
0.30515703761148144
0.3052754072924771
0.30586863583365453
0.30559875583203866
0.30544747081711965
0.30544747081711965
0.3051771117166215
0.30516431924882964
0.3051312181746987
0.30525078369905456
0.30427954456223133
0.3043990573448602
0.3046383647798766
0.3049645390070926
0.30414201183432144
0.30398736675878585
0.3047091412742334
0.3041584158415844
0.30452022204599427
0.30452022204599427
0.3051251489868887
0.3054559936280357
0.305577689243032
0.30471246006389446
0.30520000000000463
0.305322128851537
0.305322128851537
0.30544435548438453
0.30556668001601867
0.30528846153846056
0.305132317562145
0.30574527922860595
0.30648409182440306
0.30648409182440306
0.3074747474747492
0.3075990299110797
0.3074735987002412
0.30753564154786533
0.3069710558499789
0.3069710558499789
0.3069710558499789
0.3066884176182693
0.3072511265874677
0.30696721311475117
0.30823045267489513
0.30664465538588526
0.30677126341866695
0.30715171558495086
0.30715171558495086
0.30535936850851786
0.30490848585690494
0.30503537245110324
0.304583333333337
0.30413016270337756
0.3040935672514655
0.3040201005025167
0.30414746543778926
0.3045856121161141
0.30471380471380943
0.30442105263158104
0.3049915397631108
0.3053790766624364
0.30508474576271166
0.30521407376006604
0.3055319148936179
0.30657557643039945
0.30548414738646185
0.30548414738646185
0.3050193050193028
0.3040860215053748
0.3062906724511952
0.3062906724511952
0.30614914958569706
0.3061403508771938
0.3061403508771938
0.3061403508771938
0.3054945054945089
0.3050176056338081
0.3051519154557445
0.3052863436123325
0.3052120141342775
0.3052120141342775
0.30486725663716463
0.30523513753327575
0.3053706169551755
0.3053706169551755
0.3056419369169243
0.3061860258121956
0.3061860258121956
0.3061860258121956
0.3068688670829623
0.3069705093833785
0.3080377189043566
0.30828082808280727
0.30828082808280727
0.3084196307969366
0.3086976115367282
0.30838593327321734
0.30838593327321734
0.30838593327321734
0.30852503382949725
0.30849141824751575
0.30863081789426294
0.3080054274084113
0.3076923076923067
0.3076923076923067
0.3078315980081532
0.3075181159420266
0.3068129858253323
0.3056828597616881
0.3060661764705906
0.3061694290976085
0.3061694290976085
0.30659289995389477
0.3062730627306275
0.30591497227357045
0.30658627087198426
0.30640668523677284
0.3066914498141219
0.306834030683404
0.3065116279069722
0.30665425779432215
0.306797020484173
0.306797020484173
0.3064741499767096
0.30693533270852513
0.3083451202263071
0.3084905660377392
0.3089277279168617
0.3090737240075636
0.30921985815602876
0.30889309366130047
0.3088583609663652
0.3092979127134771
0.3089700996677759
0.3083135391924037
0.30611270296084014
0.3057811753463935
0.3055555555555574
0.3055555555555574
0.3052228078581681
0.3043686989918341
0.30403458213256745
0.30443159922928914
0.30472516875602806
0.30468372766779445
0.30468372766779445
0.30483091787439337
0.30497825036249626
0.3046421663442943
0.30493707647628226
0.305825242718447
0.30481283422459654
0.30379746835442756
0.3039454456892336
0.30453879941434536
0.30524252817246444
0.30451866404714845
0.3041769041769029
0.30389738529847254
0.3041975308641965
0.3041975308641965
0.304347826086955
0.30430479960415474
0.30411094601287664
0.30441249380267527
0.3039362232187365
0.3039362232187365
0.30324189526184653
0.3035446829755356
0.3035446829755356
0.3035446829755356
0.303348325837079
0.3035000000000002
0.30365182591295736
0.3037593984962402
0.30391173520561704
0.30391173520561704
0.3042168674698824
0.3043696634856833
0.30452261306533124
0.3049395161290339
0.3047426841574143
0.3047426841574143
0.3050505050505068
0.30609137055837426
0.3050330452465713
0.3048346055979664
0.30514518593988926
0.30530071355759447
0.3065506653019455
0.3067076292882719
0.3068647540983577
0.3068647540983577
0.3074948665297712
0.3074948665297712
0.307969151670954
0.3086038124677967
0.30924109447599096
0.3085271317829478
0.30816959669079663
0.30816959669079663
0.30832902224521413
0.3107049608355108
0.31151832460733037
0.31299316149394746
0.31263157894737004
0.31263157894737004
0.31345646437994834
0.3128964059196645
0.314164004259853
0.3164693218514547
0.31663974151857893
0.3168103448275899
0.317323259579058
0.31727125067677653
0.31744312026002314
0.3180076628352482
0.3181818181818183
0.3181818181818183
0.3181818181818183
0.31835616438356423
0.31798245614035037
0.31815688425672145
0.31833150384193276
0.31850631521142503
0.3184818481848146
0.3184818481848146
0.31883259911894113
0.31883259911894113
0.3191841234840141
0.31880860452288823
0.31898454746137006
0.31893687707641283
0.31911357340719887
0.3194675540765389
0.3190661478599212
0.3190423162583488
0.3190423162583488
0.3190423162583488
0.31899441340782436
0.31899441340782436
0.3186137506987111
0.31879194630872726
0.3189703413542218
0.3189703413542218
0.3189461883408046
0.3177727784026996
0.3177727784026996
0.3177727784026996
0.3177727784026996
0.31795160382666976
0.31813063063063146
0.31830985915492827
0.3192090395480194
0.31938948558507374
0.31900452488687686
0.31954674220963214
0.3215507411630546
0.32246998284734446
0.3228391528334267
0.3226361031518608
0.3226361031518608
0.3224325874928259
0.3226176808266326
0.3228029867892034
0.32317423806785717
0.32336018411967454
0.3235463442717359
0.3235463442717359
0.32410611303345205
0.32410611303345205
0.32410611303345205
0.3242931332948647
0.32448036951501286
0.32427745664740226
0.32388663967611403
0.32388663967611403
0.32388663967611403
0.32250580046403415
0.3228803716608574
0.3228621291448493
0.3228621291448493
0.3230500582072186
0.322637106184367
0.3232028053769707
0.3231850117096022
0.3239436619718299
0.3241338813857861
0.3241338813857861
0.3243243243243229
0.3243243243243229
0.3243243243243229
0.3247058823529427
0.3252799057159685
0.325471698113207
0.32566371681415457
0.32566371681415457
0.32604843473124206
0.3264340626848001
0.32662721893491015
0.32662721893491015
0.3268206039076406
0.32701421800948016
0.32700296735904627
0.32679738562091376
0.32639714625446065
0.32599643069601836
0.32638475282906665
0.32696897374701706
0.32873425314936744
0.32852852852852643
0.3289076644538347
0.3285024154589385
0.32870090634441346
0.3288996372430446
0.32909860859044193
0.32909860859044193
0.32909860859044193
0.32869249394673394
0.3288915808600867
0.3325138291333727
0.3325138291333727
0.3327183271832695
0.3327183271832695
0.3377110694183861
0.3377110694183861
0.3377110694183861
0.33877038895859296
0.3379396984924589
0.3394321766561516
0.3394321766561516
0.3394321766561516
0.34008866371120733
0.34073604060913715
0.34031746031746213
0.3411839592616212
0.3403441682600359
0.3405612244897972
0.3409961685823779
0.3409961685823779
0.3412140575079859
0.34143222506393794
0.3421221864951788
0.3412903225806475
0.3408650742414439
0.34241245136186665
0.34354628422425065
0.3448952879581166
0.3455737704918061
0.3471673254281932
0.34846461949265906
0.34846461949265906
0.34855607790463616
0.3490248823133845
0.3490248823133845
0.34858681022880555
0.34952766531714163
0.34847457627118333
0.34850543478260954
0.34794520547945473
0.34818368745716105
0.3484536082474216
0.3486932599724876
0.34779614325068764
0.3483068417415384
0.3483068417415384
0.3483068417415384
0.3487889273356431
0.34903047091412476
0.35048678720444887
0.35048678720444887
0.35195530726257235
0.3526941917424754
0.3526941917424754
0.35294117647058715
0.35294117647058715
0.35368421052632
0.3539325842696633
0.3534785664089924
0.3549752999294284
0.3549752999294284
0.35547703180212076
0.3559801840056631
0.3564847625797283
0.3564847625797283
0.3564847625797283
0.35673758865248273
0.3558238636363658
0.35734664764621954
0.35714285714285954
0.3571939871152444
0.3584770114942511
0.3584770114942511
0.3584770114942511
0.3584770114942511
0.3608695652173912
0.3616557734204822
0.3616557734204822
0.3622448979591865
0.3627737226277389
0.3627737226277389
0.3633040935672529
0.3643695014662754
0.3657100809418688
0.36597938144329784
0.3662490788504055
0.36531365313652836
0.36558345642540474
0.36693847294292276
0.36693847294292276
0.3674832962138114
0.3677563150074283
0.3677563150074283
0.3677563150074283
0.36614466815808755
0.36614466815808755
0.3664179104477589
0.3664179104477589
0.3663663663663695
0.36746987951807497
0.36802413273001394
0.36858006042296254
0.37280366692131
0.37280366692131
0.37280366692131
0.3748079877112141
0.37509607993850763
0.37509607993850763
0.3753846153846121
0.3808777429467054
0.3811764705882376
0.3811764705882376
0.3811764705882376
0.3817753338570344
0.3820754716981178
0.38267716535433255
0.3829787234042558
0.38249211356466684
0.38249211356466684
0.38249211356466684
0.38095238095237977
0.38095238095237977
0.381180223285489
0.3851732473811456
0.3861066235864266
0.3911620294599007
0.3911620294599007
0.39816360601001527
0.3988294314381269
0.40050377833753364
0.40117746005046184
0.4006734006734042
0.4006734006734042
0.4005080440304867
0.4015280135823452
0.40273037542662515
0.40273037542662515
0.4030742954739519
0.40341880341880215
0.40341880341880215
0.40429184549356467
0.40429184549356467
0.40429184549356467
0.40429184549356467
0.40429184549356467
0.40429184549356467
0.4049871023215799
0.4056847545219659
0.4076322636600153
0.4079861111111148
0.408340573414426
0.40905134899913287
0.4097646033129897
0.4092495636998231
0.4092495636998231
0.4092495636998231
0.4103237095363113
0.41016652059596437
0.4108867427568023
0.4108867427568023
0.40933098591549744
0.40953221535745504
0.4098939929328646
0.4092116917626182
0.4127697841726598
0.4127697841726598
0.4131413141314095
0.4131413141314095
0.4138863841298448
0.4138863841298448
0.4146341463414591
0.41500904159132335
0.4153846153846141
0.41485507246376957
0.4143245693562996
0.41507720254314684
0.41454545454545677
0.4149226569608756
0.41530054644809017
0.41476754785779546
0.41514598540145875
0.41445562671546
0.41483516483516353
0.4142988084326283
0.4150596877869579
0.41697416974169366
0.41589648798521606
0.41666666666666785
0.41651205936920377
0.41651205936920377
0.418063314711364
0.4184529356943163
0.42080599812558156
0.42080599812558156
0.42120075046904765
0.4194156456173407
0.42205323193916067
0.42150333016175007
0.42150333016175007
0.42150333016175007
0.4200956937799023
0.4200956937799023
0.4204980842911899
0.4204980842911899
0.4204980842911899
0.4199424736337497
0.42115384615384477
0.4215591915303164
0.4215591915303164
0.42277992277992205
0.42277992277992205
0.4252427184465986
0.4252427184465986
0.4252427184465986
0.4246841593780338
0.4246841593780338
0.4264705882352927
0.4277286135693182
0.4266009852216777
0.4266009852216777
0.4266009852216777
0.4278656126482193
0.4278656126482193
0.43084577114427397
0.43027888446215107
0.429710867397804
0.4318637274549102
0.4318637274549102
0.4327309236947828
0.4344758064516176
0.434914228052473
0.4353535353535377
0.4353535353535377
0.43711967545638686
0.4380081300813036
0.4374364191251255
0.4374364191251255
0.4374364191251255
0.4378818737270893
0.4378818737270893
0.4382022471910079
0.4382022471910079
0.4376278118609369
0.43794871794871676
0.43839835728952403
0.43839835728952403
0.43884892086330995
0.438271604938275
0.4400826446281029
0.44053774560496434
0.44053774560496434
0.44099378881987905
0.4428274428274377
0.44166666666666543
0.4425887265135677
0.4425887265135677
0.4425887265135677
0.44305120167189516
0.44281217208814444
0.4436248682823987
0.44350580781415216
0.44279661016949046
0.44279661016949046
0.44279661016949046
0.44279661016949046
0.44161358811040335
0.44161358811040335
0.44161358811040335
0.44161358811040335
0.45514223194748155
0.45514223194748155
0.4556407447973682
0.45614035087718907
0.4569536423841079
0.4568584070796415
0.46145251396648
0.46024636058230506
0.46127946127945957
0.4652223489167645
0.4652223489167645
0.4651428571428613
0.4651428571428613
0.4651428571428613
0.46620847651775355
0.46727898966704595
0.46727898966704595
0.4676674364896054
0.4676674364896054
0.46820809248554895
0.46874999999999645
0.4709302325581435
0.47147846332945414
0.4708624708624728
0.47141190198366784
0.47079439252336563
0.47079439252336563
0.4695550351288061
0.47562425683709714
0.4761904761904748
0.4761904761904748
0.4761904761904748
0.47846889952152794
0.47846889952152794
0.4771634615384601
0.48711656441717616
0.48888888888888654
0.49374999999999497
0.49374999999999497
0.49560853199498406
0.5012755102040781
0.5019157088122587
0.5032010243277798
0.5032010243277798
0.5038461538461524
0.5084087968952161
0.5077720207253901
0.5077720207253901
0.5137614678899125
0.5157894736842111
0.5171503957783664
0.5178335535006586
0.5178335535006586
0.5185185185185218
0.5254691689008045
0.5268817204301072
0.5335157318741423
0.5335157318741423
0.5342465753424652
0.5342465753424652
0.5342465753424652
0.5342465753424652
0.5371900826446308
0.5492957746478867
0.5492957746478867
0.5500705218617764
0.5500705218617764
0.5524079320113343
0.5524079320113343
0.5531914893617028
0.5531914893617028
0.5547652916073967
0.5611510791366946
0.5619596541786794
0.5627705627705678
0.5635838150289032
0.5645863570391885
0.5645863570391885
0.5654069767441869
0.5695461200585712
0.5703812316715539
0.5754437869822477
0.5780089153046045
0.5773809523809507
0.5791044776119398
0.5784753363228715
0.580209895052471
0.5810810810810851
0.5819548872180419
0.5819548872180419
0.5813253012048227
0.5857359635811831
0.5866261398176282
0.5866261398176282
0.5866261398176282
0.5866261398176282
0.5875190258751934
0.5916795069337438
0.5928792569659476
0.5956454121306344
0.5956454121306344
0.5956454121306344
0.5956454121306344
0.5956454121306344
0.603149606299212
0.603149606299212
0.6235679214402627
0.6239737274220026
0.6239737274220026
0.6239737274220026
0.6239737274220026
0.6239737274220026
0.6239737274220026
0.627062706270627
0.627062706270627
0.627062706270627
0.6280991735537166
0.6301824212271954
0.6306156405990012
0.6306156405990012
0.6331658291457298
0.6331658291457298
0.6342281879194686
0.6342281879194686
0.6336134453781493
0.6336134453781493
0.634680134680137
0.6357504215851614
0.6357504215851614
0.6372881355932144
0.640545144804089
0.640545144804089
0.6427350427350408
0.6427350427350408
0.6427350427350408
0.645941278065631
0.645941278065631
0.6475694444444471
0.6475694444444471
0.650959860383941
0.650959860383941
0.650959860383941
0.650959860383941
0.6532399299474566
0.6578483245149862
0.6595744680851009
0.6595744680851009
0.6619217081850566
0.6619217081850566
0.6666666666666649
0.6666666666666649
0.6660682226211821
0.6660682226211821
0.6660682226211821
0.6751824817518252
0.6751824817518252
0.6764168190127939
0.6764168190127939
0.6764168190127939
0.6788990825688019
0.6788990825688019
0.6788990825688019
0.6827458256029689
0.6891385767790277
0.696394686907025
0.696394686907025
0.6990476190476147
0.6984732824427426
0.7024952015355137
0.7024952015355137
0.7052023121387319
0.707930367504838
0.7134502923976669
0.7134502923976669
0.7162426614481348
0.7162426614481348
0.7162426614481348
0.7204724409448807
0.7204724409448807
0.7218934911242633
0.7218934911242633
0.7218934911242633
0.7218934911242633
0.7218934911242633
0.7233201581027635
0.7261904761904738
0.7261904761904738
0.7276341948310198
0.7290836653386449
0.730538922155694
0.7320000000000005
0.7334669338677361
0.7364185110664023
0.7364185110664023
0.7379032258064575
0.7408906882591069
0.7408906882591069
0.7408906882591069
0.7577639751552836
0.7577639751552836
0.7577639751552836
0.7577639751552836
0.7577639751552836
0.7640918580375747
0.7640918580375747
0.7737843551797097
0.7737843551797097
0.7737843551797097
0.7770700636942675
0.7770700636942675
0.7770700636942675
0.7820512820512799
0.7820512820512799
0.7820512820512799
0.7854077253218922
0.7854077253218922
0.7854077253218922
0.795206971677561
0.7969432314410421
0.7969432314410421
0.7986870897155337
0.8039647577092549
0.8039647577092549
0.8039647577092549
0.8075221238937987
0.8075221238937987
0.8075221238937987
0.8093126385809272
0.8093126385809272
0.8093126385809272
0.8093126385809272
0.811111111111114
0.8129175946547841
0.8129175946547841
0.8129175946547841
0.8257918552036176
0.8257918552036176
0.8257918552036176
0.8257918552036176
0.8257918552036176
0.8257918552036176
0.8257918552036176
0.8295454545454586
0.8333333333333263
0.8390804597701188
0.8390804597701188
0.8390804597701188
0.8410138248847978
0.8410138248847978
0.8410138248847978
0.8410138248847978
0.8410138248847978
0.8410138248847978
0.8429561200923761
0.8429561200923761
0.8548009367681507
0.8548009367681507
0.8548009367681507
0.8548009367681507
0.8588235294117624
0.8608490566037805
0.8628841607565023
0.8628841607565023
0.8628841607565023
0.8628841607565023
0.8628841607565023
0.8649289099526041
0.8649289099526041
0.8669833729216175
0.8669833729216175
0.8669833729216175
0.8669833729216175
0.8669833729216175
0.8774038461538436
0.8902439024390251
0.8902439024390251
0.8946078431372523
0.8946078431372523
0.9012345679012309
0.9079601990049807
0.9217171717171663
0.9217171717171663
0.9240506329113967
0.928753180661574
0.9335038363171414
0.9358974358974331
0.9358974358974331
0.9383033419023202
0.9383033419023202
0.9407216494845333
0.9455958549222826
0.9455958549222826
0.9480519480519483
0.9480519480519483
0.9480519480519483
0.9480519480519483
0.9480519480519483
0.9505208333333283
0.9530026109660615
0.9554973821989464
0.9554973821989464
0.9605263157894761
0.965608465608473
0.9785522788203759
0.9785522788203759
0.986486486486479
0.986486486486479
0.986486486486479
0.986486486486479
0.986486486486479
0.9918478260869502
0.9999999999999966
0.9999999999999966
