0.911572109592
0.911524358303
0.911476612016
0.911428870732
0.911433509663
0.911385775636
0.911390416339
0.911395056556
0.911399696287
0.911351974029
0.91135661553
0.911361256545
0.911365897074
0.911370537117
0.911322828875
0.911275125628
0.911227427375
0.911179734115
0.911184382687
0.911189030772
0.91114134701
0.911093668236
0.911098320339
0.911050648807
0.911002982263
0.910955320707
0.910959979074
0.910964636954
0.910969294345
0.910921644523
0.910873999686
0.910878661088
0.910883322002
0.910887982428
0.910840349318
0.910845011504
0.910849673203
0.910802049566
0.910806713023
0.910811375994
0.910816038476
0.91082070047
0.910825361978
0.910830022998
0.910834683531
0.91078708059
0.91079174288
0.910796404682
0.910748811204
0.910753474762
0.9107058885
0.91065830721
0.910662974766
0.91061540069
0.910567831583
0.910520267447
0.910524941238
0.91047738431
0.910429832349
0.910434510131
0.910439187425
0.910391644909
0.910396323951
0.910348788638
0.910353469431
0.910358149734
0.910362829549
0.910367508875
0.910319987472
0.910324668546
0.910329349131
0.910334029228
0.910338708835
0.910343387955
0.91029588269
0.910248382384
0.910200887034
0.910205572368
0.910158084207
0.910110601002
0.91006312275
0.910015649452
0.910020343227
0.909972877113
0.909925415949
0.909930113696
0.909882659713
0.909887359199
0.909892058195
0.90984461362
0.909797173992
0.909801876955
0.909754444503
0.909759149202
0.909763853412
0.909716430359
0.909721136304
0.90972584176
0.909678428102
0.909631019387
0.909635728803
0.909640437728
0.909645146163
0.909649854106
0.90960245923
0.909555069292
0.909507684293
0.90946030423
0.909465020576
0.909469736431
0.909422365748
0.909427083333
0.909379719806
0.909384439121
0.909389157944
0.909393876276
0.909346524343
0.909299177341
0.909251835268
0.909204498126
0.909157165912
0.909109838625
0.909062516267
0.909015198834
0.909019934419
0.909024669512
0.909029404111
0.909034138218
0.909038871832
0.908991570403
0.908996305739
0.909001040583
0.909005774934
0.909010508792
0.908963221142
0.908915938411
0.908868660598
0.908821387704
0.908774119728
0.908778864156
0.908731603307
0.908684347374
0.908689095731
0.908693843594
0.908698590963
0.908703337839
0.908656095659
0.90866084425
0.908613609191
0.908618359497
0.908571131556
0.908523908524
0.908528662751
0.908533416484
0.908538169724
0.908490958221
0.908495713172
0.908500467629
0.908505221593
0.908509975063
0.908514728038
0.90851948052
0.908524232508
0.908528984001
0.908533735002
0.908538485509
0.908543235524
0.908547985044
0.90855273407
0.908557482605
0.908562230646
0.908515057113
0.908467888479
0.908420724743
0.908373565903
0.908378322259
0.908383078121
0.908387833489
0.908392588364
0.908397342744
0.908350199803
0.90835495589
0.908359711483
0.908312577833
0.908317335132
0.908322091937
0.908326848249
0.908279726084
0.908232608808
0.908237369022
0.908190258831
0.908143153527
0.908096053109
0.908100819417
0.90805372608
0.908006637627
0.90801140783
0.908016177538
0.907969098356
0.907973869763
0.907978640676
0.907983411094
0.907988181017
0.907992950446
0.90799771938
0.90800248782
0.908007255766
0.907960199005
0.907964968648
0.907969737796
0.907922690294
0.90792746114
0.907880420704
0.907885193244
0.907838159872
0.907791131372
0.907795907796
0.907800683725
0.90780545916
0.9078102341
0.907815008545
0.907819782496
0.907772771995
0.907725766363
0.907730544193
0.907735321528
0.907688325136
0.907641333609
0.907594346948
0.907599130345
0.907603913246
0.907608695652
0.907613477563
0.907618258979
0.907623039901
0.907627820327
0.907632600259
0.907585635931
0.90759041755
0.907543460265
0.907548243572
0.907553026384
0.90750607832
0.907510862818
0.907515646822
0.90752043033
0.907473493665
0.907426561853
0.907379634897
0.907384424449
0.907337504524
0.907290589452
0.907295382865
0.907300175783
0.907304968205
0.907258064516
0.90726285862
0.907215961956
0.90722075774
0.907225553029
0.907230347821
0.907235142119
0.907239935921
0.907193054981
0.907146178887
0.907099307636
0.90705244123
0.907005579666
0.907010383841
0.90696352929
0.906968335141
0.906973140496
0.906977945354
0.906982749716
0.906935908692
0.906889072506
0.906893880713
0.906898688423
0.906903495637
0.906856670797
0.906809850792
0.906814661848
0.906767848846
0.906772661573
0.906777473804
0.906782285537
0.906735483871
0.906740297275
0.906693502607
0.90669831768
0.906703132257
0.906707946337
0.906712759919
0.906665978743
0.906670793995
0.90662401981
0.906628836729
0.906633653152
0.906638469077
0.906643284506
0.906596523802
0.906601340898
0.906606157495
0.906610973598
0.906564224204
0.906569041972
0.906573859242
0.906578676015
0.906583492292
0.906588308073
0.906593123357
0.906546391752
0.906499664966
0.906504484074
0.906509302685
0.9065141208
0.906518938418
0.906523755539
0.906477044365
0.906430338005
0.906383636458
0.906388459557
0.906341764978
0.906346589738
0.906351414001
0.906356237766
0.906309554468
0.906262875979
0.906216202297
0.906221032032
0.906174365313
0.906179196705
0.906184027599
0.906188857996
0.906193687896
0.906198517298
0.906203346203
0.906208174611
0.906213002523
0.906166357834
0.9061711874
0.906176016469
0.906180845041
0.906185673116
0.906139041836
0.906143871565
0.906148700798
0.906153529533
0.906106909503
0.906111739891
0.906065126807
0.906069958848
0.906023352708
0.905976751363
0.905981587204
0.905934992799
0.905939830291
0.905944667284
0.905949503779
0.905902920609
0.905856342228
0.905809768638
0.905814611074
0.905768044417
0.9057728885
0.905726328776
0.905731174505
0.905736019737
0.905689469086
0.905642923219
0.905596382137
0.905549845837
0.905554699142
0.905559551947
0.905513024714
0.905517879162
0.905522733111
0.905476214939
0.90548107053
0.905485925621
0.905490780214
0.90549563431
0.905449129474
0.905402629417
0.90540748729
0.905412344665
0.90541720154
0.905370712672
0.905324228578
0.905329089229
0.905282612043
0.90523613963
0.905241004055
0.90524586798
0.905199404609
0.905152946007
0.905106492174
0.905111362004
0.905116231334
0.905121100164
0.905074657499
0.905079527963
0.905084397927
0.905089267392
0.90504283589
0.904996409152
0.904949987177
0.904954862536
0.904908447454
0.904862037132
0.904815631571
0.90482051282
0.90482539357
0.904778997026
0.904783879403
0.904788761279
0.904793642656
0.904798523531
0.904752140258
0.904705761739
0.904710646368
0.904715530497
0.904669160986
0.90467404674
0.904627684108
0.904632571487
0.904637458365
0.904642344743
0.904595993236
0.90454964648
0.904503304472
0.904508196721
0.904461861585
0.904466755455
0.904471648824
0.904476541693
0.904481434059
0.904486325925
0.904440006145
0.904444899631
0.904449792616
0.9044546851
0.904459577082
0.90441327053
0.90436696872
0.90432067165
0.904274379319
0.90427927928
0.904284178738
0.904289077695
0.90429397615
0.904298874104
0.904303771557
0.904308668509
0.90431356496
0.904318460909
0.904272192377
0.904277089942
0.904281987006
0.904286883568
0.904240626119
0.904194373401
0.904199273695
0.904153027823
0.904157929729
0.904111690703
0.904116594221
0.904121497239
0.904075267168
0.904080171796
0.904033948566
0.904038854806
0.903992638413
0.903997546263
0.904002453612
0.904007360458
0.904012266803
0.904017172646
0.903970971534
0.903975878986
0.903929684706
0.903883495146
0.903837310306
0.903791130186
0.903744954785
0.903698784101
0.903703703704
0.903708622804
0.903662461051
0.903667381755
0.903672301956
0.903626149132
0.903631070936
0.903584924931
0.903589848338
0.903543709151
0.903548634159
0.903553558665
0.903507428396
0.903461302838
0.90341518199
0.90336906585
0.903373998265
0.903378930175
0.903332822947
0.903337756456
0.903291656035
0.903296591141
0.903250497525
0.903255434228
0.903260370427
0.903214285714
0.903219223509
0.9032241608
0.903229097587
0.903183023873
0.903187962255
0.903192900132
0.903197837507
0.903202774378
0.903207710745
0.903212646609
0.903166590179
0.903171527636
0.903125478
0.903130417049
0.903135355596
0.903140293638
0.903145231177
0.903150168213
0.903104133748
0.903109072375
0.903114010499
0.90311894812
0.903123885237
0.903128821851
0.903082802548
0.903036787935
0.903041728232
0.9029957204
0.902949717255
0.902903718798
0.902908664867
0.902862673187
0.902816686191
0.902770703881
0.902775655717
0.902729680179
0.9027346336
0.902739586516
0.902693619838
0.902698574338
0.902703528333
0.902708481825
0.90266252609
0.902616575036
0.902621532197
0.902626488853
0.902631445005
0.902636400652
0.902641355794
0.902595419848
0.902600376571
0.902605332791
0.902610288505
0.902564363488
0.902518443144
0.902523402524
0.902528361398
0.902482449893
0.902487410346
0.902492370295
0.902497329739
0.902451429153
0.902405533235
0.902359641986
0.90236460717
0.90236957185
0.902323689429
0.902277811674
0.902282780009
0.902236908998
0.902191042652
0.90219601464
0.902200986123
0.902155128596
0.902109275731
0.902063427526
0.902068404737
0.902073381441
0.90207835764
0.902032520325
0.902037498095
0.902042475358
0.902047452116
0.902001625686
0.902006604013
0.902011581835
0.90196576421
0.9019707436
0.901975722485
0.901929913662
0.901934894114
0.901889092017
0.901894074037
0.90189905555
0.901904036557
0.901909017059
0.901863227903
0.90186820997
0.901873191533
0.901878172589
0.90188315314
0.901888133184
0.901893112724
0.901898091758
0.901852321746
0.901857302345
0.901811539047
0.901816521209
0.901821502867
0.901826484019
0.901831464664
0.901836444806
0.901841424441
0.901795678198
0.901749936597
0.901754919862
0.901759902622
0.901764884877
0.901769866626
0.90177484787
0.901729121241
0.901734104046
0.901739086346
0.90174406814
