0.911572109592
0.911524358303
0.911528992719
0.911481248691
0.911433509663
0.911385775636
0.911390416339
0.911395056556
0.911399696287
0.911404335532
0.911408974292
0.911413612566
0.911365897074
0.911370537117
0.911375176674
0.911379815746
0.911332112013
0.911284413274
0.911236719527
0.911189030772
0.91114134701
0.91114599686
0.911098320339
0.911050648807
0.911002982263
0.910955320707
0.910907664138
0.910860012555
0.91086467542
0.91081703107
0.910769391704
0.910774058578
0.910726426442
0.910731095073
0.910683470167
0.910688140556
0.910640522876
0.910645195023
0.91064986668
0.91060225847
0.910554655235
0.910559330894
0.91051173488
0.910464143843
0.910416557779
0.910421239678
0.910373660831
0.910378344482
0.910330772849
0.910283206187
0.910235644495
0.910188087774
0.910140536022
0.910145230384
0.910149924254
0.910154617635
0.910159310525
0.910164002925
0.910116467331
0.910068936703
0.91002141104
0.90997389034
0.909978591196
0.909983291562
0.909935780296
0.909940482406
0.909945184025
0.909949885154
0.909954585791
0.909959285938
0.909911790803
0.909864300626
0.909869004749
0.909821521762
0.90977404373
0.909778751826
0.909783459431
0.909735990817
0.909740700162
0.909745409015
0.909750117377
0.909702660407
0.909655208388
0.909607761319
0.909612475877
0.909565035986
0.909517601043
0.909522319566
0.909474891798
0.909479612055
0.909484331821
0.909436913452
0.909389500026
0.909342091544
0.909294688005
0.90929941618
0.909252019807
0.909204628375
0.909209360504
0.909214092141
0.909218823284
0.909223553934
0.909176176333
0.909180908712
0.909185640598
0.909138272377
0.909143005991
0.909095644926
0.909100380268
0.909105115116
0.909057763425
0.909010416666
0.90896307484
0.908915737944
0.908868405978
0.908873151427
0.908825826608
0.908778506717
0.908731191753
0.908683881716
0.908688635536
0.908641332639
0.908594034668
0.908598792421
0.90860354968
0.90855626106
0.908508977361
0.908513738551
0.908466461987
0.908471224893
0.908475987304
0.908480749219
0.908485510639
0.908438247841
0.908443010977
0.908447773617
0.90845253576
0.90840528451
0.90841004837
0.908414811733
0.908367569816
0.908372334893
0.908325100099
0.908329866889
0.908282639214
0.908287407715
0.908240187159
0.908192971512
0.908197743931
0.908202515854
0.908207287281
0.90816008316
0.908112883946
0.908065689637
0.908070467183
0.908075244232
0.908028059236
0.907980879144
0.907933703954
0.907938487116
0.90794326978
0.907896103896
0.907848942912
0.907853729482
0.907858515556
0.907811363872
0.907764217087
0.907769007063
0.907721867373
0.907674732579
0.907679526455
0.907684319834
0.907689112714
0.907641989409
0.907594870996
0.907547757475
0.907552556449
0.907505450015
0.907510250688
0.907463151339
0.907467953708
0.907420861443
0.907373774065
0.907326691573
0.907279613968
0.907284424613
0.90728923476
0.907242166424
0.907195102972
0.907148044403
0.907152860626
0.907105809129
0.907110627042
0.907063582616
0.907068402219
0.907073221324
0.907026186155
0.907031006948
0.907035827241
0.906988801327
0.90694178029
0.906894764126
0.906899590483
0.906904416339
0.906857409423
0.906862236965
0.906867064006
0.906871890547
0.906824895061
0.906829723287
0.906782734856
0.906787564767
0.90674058339
0.90669360688
0.906698440657
0.906651471198
0.906604506605
0.906557546876
0.906510592013
0.906515434017
0.906468486198
0.906473329881
0.906426389104
0.906431234466
0.906436079325
0.906389147768
0.906342221072
0.906295299234
0.906300150127
0.906305000518
0.906309850406
0.906314699793
0.906319548677
0.906272642583
0.906277493143
0.9062823432
0.906235446313
0.906240298044
0.906245149273
0.90625
0.906254850225
0.906207966891
0.906161088407
0.906114214774
0.906067345989
0.906072204407
0.906025342643
0.905978485726
0.905931633655
0.905884786431
0.905889653033
0.905894519132
0.905899384726
0.905904249819
0.905909114408
0.905913978495
0.905918842078
0.905923705158
0.905928567737
0.905933429812
0.905938291384
0.905891472868
0.905896336107
0.905849524597
0.905802717925
0.905807584995
0.905760785327
0.905765654061
0.905718861394
0.90572373179
0.905676946123
0.905681818182
0.905686689737
0.905639913232
0.905644786448
0.905649659162
0.905602891815
0.905607766188
0.905612640058
0.905565881867
0.905519128504
0.905472379969
0.90542563626
0.905378897378
0.90533216332
0.905337049654
0.905341935484
0.90534682081
0.905300098055
0.905253380122
0.905258269261
0.905263157895
0.905268046024
0.90527293365
0.905277820771
0.905282707388
0.905236007222
0.905240895492
0.905245783257
0.905199092222
0.905203981639
0.905157297576
0.905162188644
0.905167079208
0.905171969267
0.905176858823
0.905130188193
0.905135079398
0.905139970098
0.905093308589
0.905046651889
0.905051546391
0.90505644039
0.905009792805
0.90501468845
0.904968047825
0.904972945117
0.90492631145
0.904879682589
0.904884583677
0.90488948426
0.904842864503
0.904796249549
0.904749639398
0.904754545923
0.904707942722
0.904712850888
0.90471775855
0.904671164443
0.904676073746
0.904680982543
0.904685890835
0.904639307965
0.904592729894
0.904546156619
0.90455107084
0.904504504504
0.904457942963
0.904462860967
0.904467778464
0.904472695455
0.904426145136
0.904431063764
0.904435981885
0.904440899501
0.90444581661
0.90439927965
0.904352747479
0.904357668365
0.904362588744
0.904367508617
0.904372427984
0.904377346844
0.904330830161
0.904335750656
0.904340670644
0.904294163024
0.904247660187
0.904252583946
0.904257507199
0.90421101342
0.904215938304
0.904169451442
0.904174377956
0.904179303963
0.904132826154
0.904086353122
0.904039884869
0.903993421391
0.903946962689
0.903900508762
0.903854059609
0.903807615231
0.903812557805
0.903766120331
0.90377106453
0.90377600822
0.903780951402
0.903734525094
0.903688103554
0.90369305049
0.903697996919
0.903702942838
0.90370788825
0.903712833154
0.90371777755
0.903671373556
0.903624974327
0.903629922473
0.90363487011
0.903639817239
0.90364476386
0.903649709974
0.903654655579
0.903659600678
0.903664545268
0.903618167822
0.903623114031
0.903628059732
0.903581691297
0.903535327621
0.903540277065
0.903493920271
0.903498871332
0.903503821885
0.903457474095
0.90341113106
0.90341608535
0.903421039134
0.90342599241
0.903430945177
0.903384615384
0.903338290344
0.903291970055
0.903296928677
0.903301886792
0.903255575493
0.90326053522
0.903214230789
0.903167931105
0.903121636168
0.903075345977
0.90302906053
0.90303403034
0.902987751755
0.902992723173
0.902997694081
0.903002664481
0.90300763437
0.90301260375
0.903017572621
0.902971311475
0.902976281952
0.902930027661
0.902934999744
0.902939971318
0.902944942381
0.902949912937
0.902954882982
0.902908643998
0.90286240975
0.902867383512
0.902872356766
0.902826131476
0.90277991092
0.902784887888
0.902738674174
0.902692465193
0.902646260941
0.90265124373
0.90265622601
0.902661207779
0.902615014585
0.902619997953
0.902624980812
0.902578796562
0.902583781018
0.902537603602
0.902542589656
0.902547575199
0.902552560233
0.902506393862
0.902511380492
0.902465220949
0.902470209175
0.902475196891
0.902480184096
0.902485170792
0.90243902439
0.902392882707
0.902397873102
0.902402862986
0.902407852359
0.902412841223
0.902417829577
0.902371703128
0.902376693074
0.902330573444
0.902335564982
0.902289452167
0.902243344065
0.902248339295
0.902253334015
0.902258328224
0.902212231135
0.902217226933
0.902222222223
0.902176134042
0.90213005057
0.902135049545
0.902140048011
0.902093973442
0.902098973495
0.902103973036
0.902108972068
0.902113970589
0.902118968598
0.902123966098
0.902128963088
0.902133959567
0.902138955537
0.902092904543
0.902097902098
0.902102899142
0.902107895677
0.902112891701
0.902066853789
0.902071851398
0.902076848497
0.902030819472
0.901984795143
0.901989795918
0.901994796184
0.901999795939
0.902004795184
0.90200979392
0.902014792145
0.901968785066
0.901973784873
0.90197878417
0.901983782957
0.901988781234
0.901993779001
0.90199877626
0.902003773008
0.902008769246
0.902013764976
0.902018760196
0.901972778712
0.901926801916
0.901931800805
0.901885830785
0.90183986545
0.901844868006
0.901849870051
0.901803913575
0.901808917198
0.90181392031
0.901818922913
0.90177297738
0.901777981558
0.901782985227
0.901787988386
0.901792991035
0.901797993175
0.901802994805
0.901807995926
0.901812996537
0.901817996639
0.901822996232
0.901827995315
0.901782077393
0.901736164146
0.901690255575
0.901695260398
0.901700264712
0.901654364979
0.901659370865
0.901664376241
0.901618485342
0.90162349229
0.901628498728
0.901633504656
0.901638510075
0.901643514985
0.901648519385
0.901602645637
0.901556776557
0.901561784606
0.901566792146
0.901571799176
0.901525940997
0.901530949595
0.901535957685
0.901540965265
0.901545972336
0.901550978897
0.901555984948
0.901560990492
0.901565995525
0.901520158625
0.901525165226
0.901530171318
0.901535176901
0.901540181976
0.901494358036
0.901499364676
0.901453547469
0.901407734919
0.901361927025
0.901366939377
0.901371951219
0.901376962553
0.901331165532
0.901336178428
0.901290388133
0.901244602489
0.901198821497
0.901153045157
0.901158065827
0.901163085987
0.901168105638
0.901122340156
0.901127361365
0.901132382065
0.901086625368
0.901040873318
0.900995125914
0.900949383155
0.900954411615
0.900908675567
0.900913705584
0.90091873509
0.900923764085
0.900928792569
0.900933820544
0.900888099467
0.900842383031
0.900796671233
0.900750964075
0.900755999797
0.900710299341
0.900664603521
0.900669642857
0.900623953736
0.900628994623
0.900634034999
0.900639074863
0.900644114216
0.900598437976
0.900603478878
0.900608519269
0.90061355915
0.900567893723
0.900522232926
0.900476576759
