1.0
0.8125
1.0
0.0
0.0
1.0
1.0
0.0
1.0
1.0
1.0
1.0
0.0
1.0
1.0
1.0
0.0
0.0
0.0
0.0
0.0
1.0
0.0
0.0
0.0
0.0
0.0
0.0
1.0
0.0
0.0
0.0
0.0
1.0
0.0
1.0
0.0
1.0
1.0
0.0
0.0
1.0
0.0
1.0
0.0
1.0
0.0
1.0
0.0
0.0
0.0
0.0
0.0
1.0
1.0
1.0
1.0
1.0
0.0
0.0
0.0
0.6
1.0
1.0
0.0
1.0
1.0
1.0
1.0
1.0
0.0
0.0
1.0
0.0
0.0
1.0
1.0
1.0
1.0
1.0
1.0
0.0
0.0
0.0
1.0
0.0
0.0
1.0
0.0
1.0
1.0
0.0
0.0
0.0
0.769230769231
0.842105263158
0.0
0.0
1.0
1.0
1.0
1.0
0.9375
0.0
1.0
0.0
1.0
0.0
1.0
1.0
0.0
1.0
0.0
0.0
0.0
0.0
0.0
0.0
0.0
0.0
1.0
0.0
0.0
1.0
1.0
0.0
0.0
1.0
0.666666666667
1.0
1.0
1.0
1.0
0.0
1.0
1.0
1.0
0.0
0.857142857143
1.0
0.0
1.0
0.0
1.0
0.0
1.0
0.0
0.0
1.0
1.0
1.0
0.0
0.0
0.0
1.0
1.0
0.0
0.0
0.0
1.0
1.0
0.0
0.0
1.0
1.0
0.0
0.0
1.0
0.0
0.0
1.0
1.0
0.875
0.0
0.0
0.0
1.0
0.0
1.0
0.0
1.0
0.0
0.0
0.0
0.0
1.0
1.0
1.0
1.0
0.875
1.0
0.0
1.0
0.0
1.0
1.0
0.0
1.0
1.0
0.0
0.0
0.0
1.0
1.0
0.0
1.0
1.0
1.0
0.0
1.0
0.0
1.0
0.0
0.0
1.0
0.0
0.0
0.0
0.0
1.0
0.0
1.0
0.0
1.0
1.0
0.0
0.0
1.0
1.0
1.0
1.0
1.0
1.0
0.0
1.0
0.833333333333
0.0
1.0
1.0
1.0
1.0
0.0
0.0
0.0
0.0
1.0
0.0
0.0
0.0
0.0
1.0
1.0
1.0
0.75
1.0
1.0
1.0
1.0
0.811594202899
0.0
1.0
0.0
1.0
0.0
0.0
1.0
0.0
1.0
0.0
1.0
0.75
1.0
1.0
1.0
1.0
1.0
0.0
1.0
1.0
1.0
1.0
0.0
0.0
0.0
0.0
1.0
1.0
1.0
0.0
0.0
1.0
1.0
1.0
1.0
1.0
1.0
0.0
1.0
1.0
0.0
1.0
0.0
1.0
1.0
1.0
1.0
0.0
1.0
1.0
0.0
0.0
1.0
1.0
0.0
1.0
1.0
1.0
0.0
0.0
1.0
1.0
0.814814814815
0.0
0.0
1.0
0.0
1.0
1.0
0.0
1.0
1.0
1.0
0.0
0.0
0.0
1.0
0.953488372093
0.0
1.0
1.0
1.0
1.0
1.0
1.0
1.0
1.0
0.0
0.0
1.0
0.928571428571
1.0
0.95
1.0
0.0
1.0
0.875
0.0
0.0
1.0
1.0
0.0
1.0
0.0
1.0
1.0
0.5
0.977272727273
0.0
0.0
0.96
0.0
0.0
0.0
0.913043478261
0.0
1.0
1.0
1.0
0.0
1.0
1.0
1.0
1.0
1.0
1.0
0.764705882353
0.0
0.727272727273
1.0
1.0
1.0
1.0
1.0
1.0
1.0
1.0
0.0
1.0
1.0
0.0
0.0
1.0
0.0
1.0
1.0
0.833333333333
0.0
1.0
1.0
1.0
1.0
0.0
0.0
0.0
1.0
0.888888888889
0.0
1.0
0.0
0.0
0.0
0.0
0.0
1.0
0.0
1.0
0.982456140351
1.0
0.0
1.0
0.923076923077
0.0
1.0
0.0
1.0
1.0
1.0
0.0
1.0
0.0
0.0
1.0
1.0
1.0
0.0
1.0
0.0
1.0
0.0
0.95
0.986486486486
1.0
0.0
1.0
1.0
0.0
1.0
0.0
1.0
1.0
1.0
0.0
1.0
0.0
1.0
0.333333333333
1.0
1.0
0.0
0.0
1.0
1.0
1.0
1.0
1.0
0.0
1.0
0.0
1.0
0.0
0.0
1.0
1.0
1.0
0.0
1.0
1.0
0.0
0.0
1.0
1.0
0.0
1.0
1.0
1.0
1.0
1.0
1.0
0.0
1.0
1.0
0.741935483871
1.0
1.0
1.0
1.0
0.0
0.0
0.933333333333
0.0
0.0
1.0
1.0
1.0
0.666666666667
1.0
1.0
1.0
1.0
1.0
0.95652173913
1.0
1.0
0.0
1.0
1.0
1.0
0.8
0.0
0.333333333333
1.0
0.0
0.0
1.0
0.0
1.0
1.0
1.0
1.0
0.0
1.0
1.0
1.0
1.0
1.0
1.0
1.0
0.9
1.0
1.0
1.0
0.0
0.0
0.0
1.0
0.0
1.0
1.0
1.0
0.0
1.0
1.0
1.0
1.0
1.0
0.0
0.0
0.866666666667
1.0
1.0
1.0
1.0
1.0
0.0
1.0
0.777777777778
1.0
1.0
0.857142857143
1.0
0.0
0.0
1.0
1.0
1.0
0.0
1.0
1.0
0.0
0.0
1.0
1.0
1.0
0.0
1.0
0.0
0.0
0.0
0.0
1.0
1.0
1.0
1.0
1.0
1.0
0.0
0.0
0.0
0.0
1.0
0.0
1.0
1.0
0.0
1.0
1.0
0.75
0.0
0.0
1.0
1.0
0.0
0.0
1.0
0.0
1.0
1.0
1.0
1.0
0.0
1.0
0.0
1.0
0.969696969697
0.0
0.0
0.588235294118
0.961538461538
0.75
0.0
1.0
0.0
0.0
1.0
0.975609756098
1.0
0.969465648855
0.75
0.9
1.0
1.0
1.0
1.0
0.0
0.0
1.0
0.93023255814
1.0
0.0
0.916666666667
1.0
0.0
0.84
0.0
0.0
0.947368421053
0.0
1.0
0.811320754717
1.0
0.941176470588
0.0
0.75
1.0
1.0
1.0
1.0
1.0
0.818181818182
1.0
0.842105263158
0.0
1.0
1.0
0.666666666667
1.0
1.0
0.916666666667
1.0
1.0
0.823529411765
0.666666666667
1.0
1.0
0.944444444444
0.0
1.0
1.0
0.888888888889
1.0
0.0
0.0
0.0
1.0
0.0
1.0
1.0
1.0
1.0
0.0
0.0
0.5
0.833333333333
1.0
0.5
1.0
0.65
1.0
1.0
1.0
1.0
0.722222222222
0.9375
0.666666666667
0.857142857143
0.923076923077
0.981818181818
1.0
1.0
1.0
1.0
1.0
0.555555555556
0.0
0.964285714286
1.0
1.0
1.0
1.0
0.0
1.0
1.0
1.0
0.99609375
0.955223880597
1.0
0.666666666667
0.916666666667
0.966101694915
1.0
1.0
0.961538461538
0.942528735632
1.0
1.0
1.0
1.0
0.888888888889
1.0
0.941176470588
0.888888888889
1.0
0.0
0.666666666667
0.92
1.0
0.926470588235
0.0
1.0
1.0
0.333333333333
1.0
0.0
0.0
1.0
0.892857142857
1.0
1.0
0.964285714286
0.846153846154
1.0
1.0
1.0
0.0
0.875
1.0
1.0
0.913043478261
1.0
1.0
1.0
0.777777777778
0.55
0.0
0.666666666667
0.0
1.0
0.939393939394
1.0
0.0
1.0
0.93023255814
0.571428571429
1.0
0.0
0.666666666667
0.5
1.0
1.0
1.0
0.9
0.0
0.0
0.0
0.0
0.0
0.863636363636
0.0
1.0
0.966666666667
1.0
1.0
1.0
1.0
1.0
1.0
1.0
0.0
1.0
0.928571428571
1.0
0.0
0.857142857143
0.714285714286
1.0
0.869565217391
0.9375
1.0
0.0
1.0
0.0
0.906976744186
0.931034482759
0.96
0.583333333333
0.964912280702
0.0149253731343
1.0
0.88
1.0
0.0
0.0
0.0
1.0
1.0
0.0
0.0
0.0
0.941176470588
1.0
1.0
1.0
1.0
0.0
0.0
0.0
1.0
1.0
0.942857142857
0.714285714286
0.0
0.0
0.888888888889
1.0
1.0
0.0
0.971428571429
0.955752212389
0.25
1.0
0.851851851852
1.0
1.0
0.714285714286
1.0
1.0
0.944444444444
1.0
0.75
1.0
0.901234567901
1.0
0.41935483871
1.0
0.933333333333
0.0
1.0
0.666666666667
0.0
1.0
0.972972972973
0.0
1.0
1.0
0.8
1.0
1.0
0.0
0.0
1.0
0.888888888889
1.0
0.8
1.0
0.0
0.979591836735
1.0
1.0
1.0
0.909090909091
1.0
1.0
0.769230769231
1.0
1.0
0.888888888889
0.0
0.916666666667
0.97619047619
0.75
0.563636363636
1.0
0.0
0.936507936508
1.0
0.957446808511
1.0
1.0
1.0
0.971428571429
1.0
1.0
1.0
0.741935483871
1.0
0.857142857143
1.0
1.0
1.0
0.0
0.8
1.0
1.0
1.0
0.285714285714
0.92
0.941176470588
1.0
1.0
0.0
1.0
0.916666666667
1.0
1.0
0.727272727273
1.0
1.0
1.0
1.0
1.0
1.0
0.0
1.0
0.0
1.0
0.8
0.857142857143
1.0
1.0
0.909090909091
0.0
1.0
0.0
1.0
0.833333333333
0.888888888889
0.944444444444
1.0
0.0
0.973684210526
1.0
0.0
1.0
1.0
1.0
0.0
1.0
1.0
1.0
1.0
0.0
0.757575757576
0.0
0.869565217391
0.923076923077
1.0
1.0
1.0
0.923076923077
1.0
1.0
0.0
0.954545454545
0.0
0.0
0.9375
0.833333333333
0.25
0.0
1.0
1.0
1.0
1.0
1.0
1.0
1.0
1.0
0.958333333333
1.0
1.0
1.0
0.9375
0.0
1.0
1.0
1.0
1.0
1.0
0.521739130435
1.0
1.0
1.0
0.875
1.0
1.0
1.0
0.921052631579
0.7
0.0
1.0
1.0
0.0
1.0
0.8
1.0
0.875
0.0
0.888888888889
0.0
1.0
0.6
1.0
0.0
1.0
1.0
1.0
0.733333333333
1.0
0.969696969697
1.0
0.0
0.795918367347
0.0
0.5
1.0
0.0
0.962025316456
0.941176470588
0.944444444444
1.0
1.0
1.0
1.0
1.0
1.0
1.0
0.0
0.866666666667
0.0
0.9
0.833333333333
0.0
1.0
0.666666666667
0.666666666667
0.857142857143
0.0
1.0
0.666666666667
1.0
1.0
1.0
0.913043478261
1.0
0.0
0.805555555556
1.0
0.0
1.0
1.0
1.0
1.0
0.928571428571
0.666666666667
1.0
1.0
1.0
1.0
1.0
0.833333333333
0.981132075472
0.0
1.0
0.882352941176
1.0
0.0
0.0
1.0
0.975
1.0
1.0
0.904761904762
1.0
1.0
1.0
1.0
1.0
1.0
0.947368421053
1.0
0.0
0.0
0.5
0.797101449275
0.990566037736
1.0
0.901639344262
0.0
0.0
0.0
1.0
0.666666666667
1.0
1.0
0.909090909091
1.0
1.0
1.0
1.0
1.0
1.0
1.0
0.875
1.0
0.0
1.0
0.857142857143
1.0
1.0
0.653846153846
1.0
0.909090909091
0.9375
0.0
0.0
0.0
0.692307692308
1.0
0.25
0.896551724138
1.0
0.0
0.9
0.87037037037
0.714285714286
1.0
0.0
0.943661971831
0.977272727273
1.0
1.0
1.0
0.666666666667
1.0
0.666666666667
0.916666666667
0.95652173913
1.0
1.0
0.9
0.947368421053
1.0
0.0
0.85
1.0
1.0
0.0
1.0
1.0
0.9
1.0
0.0
0.0
1.0
1.0
0.0769230769231
1.0
0.917808219178
1.0
1.0
0.941176470588
1.0
1.0
1.0
1.0
1.0
0.90625
0.5
0.0
0.0
0.0
0.0
0.0
0.875
0.954545454545
0.0
1.0
0.923076923077
1.0
1.0
1.0
0.0
1.0
1.0
0.9
1.0
1.0
0.857142857143
0.0
1.0
1.0
0.0
1.0
0.888888888889
1.0
0.0
0.852941176471
0.0
0.944444444444
1.0
0.0
1.0
0.95
0.470588235294
0.955555555556
1.0
0.652173913043
0.75
0.918032786885
1.0
0.943396226415
0.959183673469
1.0
0.918699186992
0.0
1.0
0.933333333333
0.884615384615
0.842105263158
0.926829268293
0.0
1.0
0.970588235294
1.0
0.0
1.0
0.416666666667
0.714285714286
1.0
1.0
1.0
0.0
1.0
0.847457627119
0.0
1.0
1.0
0.951219512195
0.1875
0.653846153846
0.945945945946
0.0
1.0
0.966666666667
0.714285714286
1.0
1.0
1.0
1.0
1.0
1.0
1.0
0.0
1.0
0.0
0.833333333333
1.0
1.0
0.0
0.0
0.875
1.0
1.0
1.0
0.744680851064
0.846153846154
1.0
0.8
0.0
1.0
0.0
0.833333333333
0.923076923077
0.0
1.0
1.0
0.0
1.0
1.0
1.0
0.682926829268
1.0
1.0
1.0
1.0
1.0
1.0
0.888888888889
0.954128440367
0.875
1.0
1.0
0.875
0.0
0.0
0.0
1.0
0.939393939394
0.0
1.0
0.947368421053
0.0
0.954545454545
1.0
1.0
1.0
1.0
0.979166666667
0.25
0.75
1.0
1.0
0.989361702128
0.951807228916
0.96
0.882352941176
1.0
1.0
1.0
1.0
0.8
0.722222222222
0.8
1.0
0.75
0.989010989011
0.821428571429
1.0
1.0
0.84375
1.0
0.895833333333
1.0
0.769230769231
1.0
0.0
0.960784313725
1.0
0.976744186047
1.0
0.847222222222
1.0
0.857142857143
0.679245283019
1.0
1.0
0.0
1.0
1.0
0.0
1.0
1.0
1.0
0.962962962963
1.0
0.666666666667
0.965517241379
1.0
1.0
1.0
0.928571428571
0.0
1.0
0.666666666667
0.807692307692
1.0
1.0
0.967741935484
0.0
0.941176470588
1.0
1.0
1.0
1.0
0.952380952381
1.0
1.0
0.951219512195
1.0
0.909090909091
1.0
1.0
1.0
1.0
0.0
0.75
1.0
1.0
0.981481481481
0.333333333333
0.947368421053
0.897959183673
0.0
1.0
0.642857142857
0.793103448276
1.0
0.941176470588
0.666666666667
1.0
1.0
0.0
0.0
0.888888888889
1.0
1.0
1.0
1.0
1.0
1.0
1.0
1.0
1.0
0.0
0.944444444444
0.857142857143
0.666666666667
0.571428571429
1.0
1.0
1.0
1.0
1.0
0.0
1.0
0.958333333333
0.0
1.0
1.0
0.0
1.0
1.0
1.0
0.962962962963
1.0
0.857142857143
1.0
0.857142857143
1.0
1.0
0.0
1.0
1.0
0.80303030303
1.0
1.0
0.0
1.0
1.0
0.98
0.810810810811
0.777777777778
0.454545454545
0.8
1.0
0.0
0.845238095238
1.0
0.0
0.0
0.0
1.0
0.882352941176
0.882352941176
1.0
0.875
0.933333333333
0.966666666667
1.0
0.0
0.708333333333
0.0
0.941176470588
1.0
1.0
1.0
0.0
0.846153846154
1.0
0.777777777778
0.0
1.0
1.0
0.0
1.0
1.0
1.0
1.0
0.888888888889
0.684210526316
0.0
1.0
0.851851851852
0.439024390244
0.0
0.989010989011
1.0
1.0
1.0
1.0
0.0
1.0
0.0
0.928571428571
1.0
1.0
1.0
0.98275862069
0.90625
1.0
0.7
1.0
1.0
1.0
1.0
1.0
0.911111111111
0.948717948718
0.960784313725
0.909090909091
0.0
1.0
0.961538461538
1.0
1.0
1.0
0.833333333333
1.0
1.0
0.0
0.0
1.0
0.0
0.0
0.833333333333
0.0
0.5
1.0
0.702702702703
1.0
1.0
0.5
0.833333333333
0.5
1.0
0.972222222222
0.0
0.0
1.0
0.888888888889
1.0
1.0
0.0
0.75
0.875
0.908396946565
0.909090909091
1.0
0.666666666667
0.833333333333
0.0
0.0
0.74358974359
1.0
0.966666666667
1.0
1.0
0.0
0.666666666667
1.0
1.0
1.0
1.0
0.857142857143
0.0
1.0
0.888888888889
1.0
1.0
1.0
1.0
0.833333333333
0.96511627907
1.0
1.0
1.0
0.0
1.0
0.962962962963
1.0
1.0
1.0
0.7
1.0
0.0
0.970873786408
1.0
1.0
0.82
0.91935483871
0.9
1.0
0.0
1.0
0.0
0.925925925926
0.0
1.0
1.0
0.416666666667
0.923076923077
0.944444444444
1.0
0.909090909091
1.0
1.0
1.0
0.941176470588
1.0
0.954545454545
0.5
0.6
1.0
0.727272727273
1.0
1.0
0.0
1.0
0.8
1.0
0.0
0.833333333333
1.0
0.958333333333
1.0
1.0
0.0
0.5
0.857142857143
1.0
0.944444444444
1.0
1.0
0.833333333333
0.981481481481
0.0
1.0
0.888888888889
1.0
0.916666666667
1.0
1.0
1.0
1.0
0.913043478261
0.769230769231
1.0
1.0
0.0
1.0
1.0
1.0
0.0
0.894736842105
0.857142857143
1.0
0.0
0.363636363636
1.0
1.0
1.0
1.0
1.0
1.0
1.0
1.0
0.84375
1.0
1.0
0.0
0.939024390244
1.0
1.0
1.0
0.892857142857
0.916666666667
1.0
0.25
0.898305084746
0.0
0.351351351351
0.95652173913
0.833333333333
1.0
1.0
0.0
0.75
1.0
1.0
1.0
1.0
1.0
1.0
0.947368421053
1.0
0.0
0.0
0.0
0.894736842105
1.0
0.0
0.333333333333
0.732558139535
0.0
1.0
0.9375
0.75
1.0
0.875
0.733333333333
1.0
1.0
1.0
1.0
0.951612903226
0.880952380952
0.0
1.0
1.0
1.0
0.95652173913
0.0
1.0
1.0
1.0
1.0
1.0
0.0
0.705882352941
1.0
0.987804878049
1.0
1.0
1.0
0.833333333333
0.0
0.951612903226
0.5
1.0
1.0
0.857142857143
0.0
1.0
0.8
0.903225806452
1.0
0.95
0.986301369863
0.75
0.0
0.857142857143
0.9
1.0
0.8
0.0
0.978723404255
0.6
0.962962962963
1.0
1.0
1.0
0.923076923077
0.857142857143
0.928571428571
1.0
0.6
0.883720930233
0.913043478261
0.775510204082
1.0
0.714285714286
0.928571428571
1.0
1.0
1.0
1.0
1.0
0.0
0.948717948718
1.0
0.971014492754
1.0
0.9375
1.0
1.0
1.0
1.0
1.0
1.0
0.0
