0.911519723401
0.911471974856
0.911424231313
0.911376492772
0.911381134447
0.911333403163
0.911338046609
0.91129032258
0.91124260355
0.911194889517
0.911147180481
0.91109947644
0.911104130674
0.911108784421
0.91111343768
0.911118090452
0.911070400419
0.911022715378
0.910975035327
0.910927360268
0.910932021561
0.910884353741
0.910889016797
0.910893679364
0.910898341443
0.910850685362
0.910855349202
0.910860012555
0.91086467542
0.91081703107
0.910821695695
0.910774058578
0.910778724962
0.910731095073
0.910735763217
0.910688140556
0.910692810458
0.910645195023
0.91064986668
0.910654537851
0.910606931883
0.910611604809
0.910564006063
0.910568680744
0.910521089217
0.910525765653
0.910478181343
0.910482859532
0.910487537232
0.910492214443
0.910444641831
0.91039707419
0.91034951152
0.910354194964
0.910358877919
0.910311324697
0.910263776443
0.910268463387
0.91027314984
0.910277835805
0.91028252128
0.910234986945
0.910187457574
0.910192147034
0.910196836005
0.910201524486
0.910206212477
0.910158697014
0.910111186511
0.910115878484
0.910068375176
0.910020876827
0.910025572778
0.910030268239
0.91003496321
0.909987476518
0.909939994782
0.909944693729
0.909949392184
0.909901919866
0.909906620064
0.909859154929
0.909811694747
0.909816398915
0.909768945913
0.909721497862
0.909726205998
0.909730913642
0.909683474996
0.909688184378
0.909640752907
0.909645464025
0.909650174652
0.90960275258
0.909607464943
0.909612176814
0.909616888194
0.909569477744
0.909574190858
0.909578903482
0.909583615613
0.909588327254
0.909540930645
0.909545644019
0.909550356901
0.909555069292
0.909507684293
0.909512398416
0.909517112049
0.90952182519
0.909526537841
0.909479166666
0.909483881048
0.90943651703
0.909389157944
0.909341803791
0.909346524343
0.909351244403
0.90930389962
0.909308621408
0.909313342704
0.909266007288
0.909270730311
0.90922340204
0.909176078697
0.909180805663
0.909133489461
0.909086178185
0.909090909091
0.909043604954
0.909048337583
0.909001040583
0.908953748504
0.908906461347
0.908911200125
0.9088639201
0.908816644993
0.908821387704
0.908826129922
0.908778864156
0.908731603307
0.908736349454
0.908689095731
0.908693843594
0.908646596995
0.908599355308
0.908604107096
0.90860885839
0.908561626033
0.908514398586
0.908519153802
0.908523908524
0.908528662751
0.908533416484
0.908538169724
0.908490958221
0.908495713172
0.908500467629
0.908453265444
0.908406068163
0.908358875786
0.908311688312
0.908316451094
0.90832121338
0.908325975173
0.90827879921
0.908283562711
0.908236393852
0.908241159059
0.908245923772
0.90825068799
0.908255451713
0.908208296557
0.908161146298
0.908165913928
0.908170681063
0.908175447703
0.908180213848
0.908133077283
0.908137845132
0.908142612487
0.90809548521
0.908100254268
0.90805313408
0.908006018783
0.907958908374
0.907911802853
0.907916580203
0.907921357058
0.907926133417
0.907879039369
0.907883817427
0.90788859499
0.907893372057
0.907898148628
0.907902924705
0.907907700285
0.907912475371
0.907917249961
0.907922024056
0.907926797657
0.90787973043
0.907884505728
0.907889280531
0.907894054838
0.907846999067
0.907851775072
0.907856550581
0.907861325595
0.907814281272
0.907819057982
0.907823834197
0.90777679913
0.907781577038
0.907786354453
0.907791131372
0.907795907796
0.907748886356
0.907701869788
0.907706650093
0.907711429903
0.907716209218
0.907720988037
0.907673985087
0.907678765598
0.907631769701
0.907636551903
0.907641333609
0.907594346948
0.907547365152
0.907552150732
0.907505175984
0.907458206097
0.907411241072
0.907364280909
0.907317325605
0.907322121604
0.907275173342
0.907228229937
0.907181291391
0.907134357701
0.907087428867
0.90709223527
0.90704531347
0.906998396524
0.906951484431
0.906956296871
0.906909391808
0.906914205926
0.906867307891
0.906872123688
0.906876938987
0.906881753787
0.906834867128
0.906839683606
0.906844499587
0.906849315069
0.906854130052
0.906858944539
0.906863758528
0.906868572019
0.906821705426
0.906826520593
0.906831335262
0.906836149434
0.906840963108
0.906845776285
0.906798925398
0.906803740249
0.906808554603
0.906813368459
0.906766528926
0.906771344455
0.90672451193
0.906677684243
0.906682503615
0.906635682933
0.906640503976
0.906593690298
0.906546881454
0.906500077443
0.906504904491
0.906509731041
0.906514557093
0.906467764415
0.906420976566
0.906425806452
0.906430635838
0.906383857151
0.906388688203
0.906341916508
0.906295149639
0.906248387596
0.906253224641
0.906206469587
0.906159719356
0.906164560227
0.906169400599
0.906122659514
0.906127501548
0.906080767445
0.90608561114
0.906090454334
0.90609529703
0.906048574228
0.906053418583
0.906058262439
0.906063105795
0.906016394288
0.906021239303
0.906026083819
0.906030927835
0.906035771352
0.90604061437
0.906045456888
0.906050298908
0.906003607317
0.90595692054
0.905961766373
0.905966611707
0.905971456541
0.905976300876
0.905981144712
0.905934473521
0.905939319013
0.905892654785
0.905897501931
0.905902348579
0.905855693464
0.905860541766
0.905865389567
0.905818743564
0.905823593018
0.90577695397
0.905781805077
0.905735172982
0.90574002574
0.905693400597
0.905646780255
0.905651636813
0.905656492871
0.90566134843
0.905666203489
0.905671058049
0.90562445325
0.905577853247
0.905582711603
0.905587569458
0.905540978546
0.905494392427
0.905499254077
0.905504115226
0.905508975876
0.905513836025
0.905467263283
0.90542069533
0.90542555927
0.905430422709
0.905435285648
0.905440148087
0.905445010026
0.905398457584
0.905351909927
0.905305367058
0.905258828972
0.905263698982
0.905217167823
0.905222039474
0.905226910623
0.905231781273
0.905185261318
0.905190133607
0.905195005396
0.905148494502
0.905153367929
0.905158240855
0.905163113281
0.905167985205
0.905121487646
0.905126361208
0.905079870563
0.905084745763
0.90503826203
0.904991783073
0.904945308889
0.904950189997
0.904903722721
0.904908605463
0.904913487704
0.904918369442
0.90492325068
0.904928131417
0.904933011653
0.904937891387
0.904891443823
0.904845001026
0.904849884527
0.904854767526
0.904859650023
0.90486453202
0.90481810252
0.904822986147
0.904776563542
0.904781448799
0.904735033089
0.904739919976
0.904744806361
0.904698399671
0.904651997743
0.904605600575
0.904610492846
0.904615384615
0.904620275883
0.90462516665
0.904630056914
0.904634946677
0.904639835939
0.9046447247
0.90464961296
0.904654500717
0.904659387975
0.904664274731
0.904669160986
0.90467404674
0.904678931994
0.904683816747
0.904688700999
0.904693584751
0.904698468002
0.904652115995
0.904657000871
0.904610655738
0.904615542236
0.904569203975
0.904574092096
0.904578979718
0.904583866837
0.904588753457
0.904542428432
0.904547316673
0.904500998515
0.9044546851
0.904408376427
0.90441327053
0.904418164132
0.904371864442
0.904376759662
0.904330466831
0.904284178738
0.904289077695
0.90429397615
0.904298874104
0.904303771557
0.904257496674
0.904262395743
0.90426729431
0.904272192377
0.904277089942
0.904281987006
0.90423572744
0.904240626119
0.904245524296
0.904250421974
0.904255319149
0.904260215824
0.904265111998
0.90427000767
0.904274902843
0.904279797515
0.904233561713
0.904238457999
0.904243353783
0.904197126936
0.904202024333
0.904206921229
0.904211817624
0.904216713519
0.904221608913
0.904175397353
0.904180294358
0.904134089632
0.904138988247
0.904143886363
0.904148783977
0.904102590303
0.904107489527
0.904112388251
0.904117286474
0.904071103847
0.904076003677
0.904080903008
0.904034729316
0.904039630254
0.904044530691
0.904049430629
0.904003267974
0.904008169517
0.904013070561
0.904017971103
0.903971819481
0.90397672163
0.903981623277
0.903986524425
0.90394038383
0.903945286582
0.903950188833
0.903955090584
0.903959991835
0.903964892586
0.903969792836
0.903974692586
0.903979591837
0.903984490587
0.903938373636
0.903943273989
0.903948173842
0.9039020658
0.903906967255
0.90391186821
0.903916768666
0.90387067163
0.903824579296
0.903829483453
0.90383438711
0.903839290267
0.903844192923
0.903798113689
0.903803017945
0.9038079217
0.903812824957
0.903817727713
0.90382262997
0.903776565924
0.903781469779
0.903786373134
0.903740317978
0.903694267516
0.903699174565
0.903704081113
0.903708987161
0.90371389271
0.903718797759
0.903723702307
0.903728606357
0.903733509907
0.903738412957
0.903743315508
0.90374821756
0.903702194836
0.903707098482
0.903712001629
0.90366598778
0.903670892521
0.903675796762
0.903629791783
0.903583791489
0.903588699415
0.903593606841
0.903598513768
0.903603420196
0.903608326124
0.903613231552
0.903618136482
0.903623040912
0.903577062026
0.903531087819
0.903485118291
0.90349002849
0.90349493819
0.90349984739
0.903504756091
0.903509664293
0.903514571995
0.903468619673
0.903473528963
0.903478437755
0.90343249428
0.903437404658
0.903442314537
0.903447223917
0.903452132798
0.903406202339
0.903411112806
0.903365189101
0.903370101154
0.903324184202
0.903278271919
0.903232364301
0.903186461351
0.903140563065
0.903145485035
0.903150406504
0.903104517047
0.903109440097
0.903114362648
0.903119284698
0.903124206248
0.903129127298
0.903134047849
0.903138967899
0.90314388745
0.903098019299
0.90310294043
0.90310786106
0.903112781192
0.903066923936
0.903021071337
0.902975223395
0.902980149262
0.902985074627
0.902989999492
0.902944162436
0.902949088879
0.902954014821
0.902958940263
0.902963865205
0.902918041106
0.902872221659
0.902877150251
0.902882078344
0.902887005936
0.902891933029
0.902846126528
0.902800324676
0.902805255415
0.902759460282
0.902764392595
0.90271860418
0.902723538064
0.902728471448
0.90268269182
0.902636916835
0.902641853861
0.902646790386
0.902651726411
0.902605962279
