0.912211291703
0.911740670117
0.912641770401
0.91426808057
0.913359450406
0.9128664028
0.912114014252
0.911542736793
0.91072905589
0.910978520286
0.910503493135
0.910450483312
0.910050312922
0.909687403281
0.910243597751
0.910053577057
0.909547419273
0.908939442486
0.910189313174
0.910399166504
0.910408604972
0.910322495374
0.911192538308
0.910713087811
0.910362064307
0.910055068326
0.911869517544
0.912812370565
0.912348937352
0.912213206492
0.911752287122
0.9112166088
0.910807152526
0.911013910799
0.91066407095
0.911404335532
0.91105926952
0.911169744943
0.916463549745
0.91709382661
0.916977472774
0.916729182295
0.916710675217
0.917388003037
0.917213490005
0.916941483243
0.916698774755
0.916686024003
0.917948717948
0.918118603016
0.919039774065
0.918774127472
0.920929494805
0.920672885274
0.920890383537
0.920691040579
0.920545293216
0.920663162151
0.920480363519
0.922031415317
0.922146883424
0.922131147541
0.922170005771
0.922077922078
0.921812749004
0.921986997833
0.92668400302
0.931875738646
0.93183742591
0.932196198235
0.932418612579
0.932517960999
0.932554343156
0.932770212033
0.935023360443
0.934999566085
0.934894246671
0.934828127726
0.935438719272
0.935257478726
0.935608726249
0.935654940781
0.935761119972
0.935767590618
0.935963662273
0.936060010716
0.935802026361
0.936346448186
0.936331617448
0.936803983703
0.936761766309
0.936594698005
0.937174211248
0.937419827744
0.937293426368
0.937338976813
0.937136527278
0.937181977981
0.937343590694
0.937581274382
0.937459283387
0.937272472697
0.937809782101
0.938425492034
0.938309859155
0.938428275992
0.938796680498
0.938792859167
0.93890097418
0.939115614052
0.939158453374
0.939045264359
0.939454614798
0.939576174112
0.93940264216
0.940556088207
0.940605478136
0.940853482324
0.940835826658
0.941329982602
0.941244797212
0.941358922167
0.941284937888
0.94130223518
0.94162288383
0.942139099941
0.942093975434
0.942065736857
0.942026156549
0.94211967149
0.942177869093
0.942196531792
0.94266077565
0.942530997835
0.94472956968
0.945026695669
0.945033178172
0.945187828328
0.945326453661
0.945371473977
0.945333465858
0.945273631841
0.945418326693
0.945579587362
0.946364362765
0.946305369463
0.946340975072
0.946492985972
0.946482260974
0.948663853727
0.948849361873
0.948898501157
0.948867639658
0.94939516129
0.949364535001
0.949318525997
0.949308290417
0.949267306721
0.949327399616
0.949392712551
0.950151975684
0.953131354209
0.953893129771
0.954860403505
0.954925555782
0.955004591368
0.955083707636
0.955056179775
0.955214723927
0.955471389088
0.955635245902
0.957387822158
0.957339638158
0.957591353577
0.957878475798
0.957959814528
0.958238812126
0.958509650119
0.958565819384
0.958544401944
0.95852296235
0.958682820752
0.958674262041
0.958843043749
0.958830239552
0.958830239552
0.958916900094
0.958891311118
0.958869962609
0.959069187617
0.960054093415
0.960024984385
0.962429555417
0.964240903388
0.964323080142
0.964611035494
0.965419679346
0.965412430563
0.965491923642
0.965585982583
0.96575989917
0.965854171044
0.965955658296
0.966253153911
0.966635091043
0.966814159292
0.967313369886
0.967303027107
0.967605782421
0.968004223865
0.968092974115
0.96818518127
0.968488949984
0.968488949984
0.968475616207
0.968650709596
0.968700265252
0.968902568457
0.96889596603
0.968985661179
0.969188270293
0.970212765958
0.970312832517
0.970300191612
0.97050681431
0.970694799659
0.970901726711
0.971620612397
0.972026478753
0.972234087997
0.972329059829
0.972848743987
0.972949855661
0.972946963216
0.973042362002
0.973042362002
0.973042362002
0.974084386378
0.974493623406
0.97459807074
0.975539105246
0.97690159003
0.97690159003
0.97690159003
0.977001612037
0.977001612037
0.977106620808
0.977106620808
0.977526881721
0.977717976319
0.977717976319
0.977713178295
0.977818455906
0.979083557952
0.979083557952
0.979189130904
0.979182396721
0.980131735234
0.980237580994
0.980337078652
0.980443003782
0.980440890426
0.980440890426
0.98065283182
0.980650740461
0.980644463668
0.980642370498
0.981170868954
0.981277056277
0.981383266587
0.981595756198
0.981593763534
0.981700054142
0.981696090112
0.981696090112
0.981798483207
0.981902904205
0.982009320473
0.982115759809
0.982648302787
0.982648302787
0.983501573863
0.983490822201
0.983490822201
0.983483646637
0.983588740354
0.983588740354
0.983802587238
0.983909545553
0.983904295813
0.984118350919
0.984329089128
0.984329089128
0.984322264562
0.984534959704
0.984642195839
0.984749455338
0.985178727114
0.985286103542
0.985284499673
0.985282895454
0.98539031836
0.98539031836
0.985496183206
0.986356690679
0.986356690679
0.986572052402
0.986572052402
0.986679768534
0.986787508189
0.987326559598
0.987433067425
0.987430320254
0.987642169729
0.987858236709
0.987966305656
0.987963672174
0.988504488724
0.988720981165
0.988720981165
0.988720981165
0.98882803943
0.98882803943
0.988825591586
0.988933932289
0.989150684932
0.98936753261
0.989365201184
0.98947368421
0.98947368421
0.98947368421
0.989799276078
0.989798157087
0.989797037849
0.990014265335
0.990122914838
0.990122914838
0.99023158819
0.99023158819
0.990228370663
0.990445859873
0.99066344464
0.990990001099
0.991098901099
0.99120685865
0.99120685865
0.99120685865
0.991315818402
0.991424802111
0.991424802111
0.991424802111
0.991533809786
0.991750989881
0.99207833645
0.992294991745
0.992294991745
0.992294991745
0.992294143549
0.992294143549
0.992294143549
0.992294143549
0.992293295167
0.992293295167
0.992293295167
0.992292446598
0.992292446598
0.992292446598
0.992292446598
0.992401717873
0.992399206874
0.992399206874
0.992398369505
0.992398369505
0.992398369505
0.992398369505
0.992506887053
0.992506887053
0.992506887053
0.992725669569
0.992835097002
0.992835097002
0.992835097002
0.992834307133
0.992943770673
0.992943770673
0.993053258353
0.993162770181
0.993272306165
0.993272306165
0.993272306165
0.993272306165
0.993272306165
0.993381136238
0.993490732568
0.993600353084
0.993600353084
0.993600353084
0.993600353084
0.993600353084
0.993600353084
0.993600353084
0.993600353084
0.993709997793
0.993929359823
0.994038419077
0.994147526502
0.994147526502
0.9942573164
0.99436713055
0.99436713055
0.99447696896
0.99447696896
0.994586233566
0.994806055918
0.995025975461
0.995245992261
0.995356037152
0.995356037152
0.995686317885
0.995686317885
0.99601681788
0.996127033307
0.996127033307
0.996127033307
0.996126604692
0.996126604692
0.996126604692
0.996126604692
0.996126604692
0.996236856668
0.996236856668
0.996236856668
0.996347133053
0.996347133053
0.996347133053
0.996347133053
0.996347133053
0.996347133053
0.996347133053
0.996347133053
0.996347133053
0.996678108737
0.996788482835
0.996788482835
0.996788482835
0.996788482835
0.996788127146
0.996898537882
0.996898537882
0.996898537882
0.996898537882
0.99711943275
0.99711943275
0.997340425532
0.997340425532
0.997340130777
0.997340130777
0.997340130777
0.997339835957
0.997339835957
0.997450393526
0.997560705178
0.997671324019
0.997671324019
0.997671324019
0.997671324019
0.997671324019
0.997671324019
0.997671065765
0.997670807453
0.997670807453
0.997781475319
0.997781475319
0.997781475319
0.997781475319
0.997781475319
0.997781475319
0.997781475319
0.997781229199
0.997781229199
0.997781229199
0.997781229199
0.997781229199
0.997891933873
0.997891933873
0.998002663116
0.998002663116
0.998002663116
0.998002663116
0.998002663116
0.998113416935
0.998113416935
0.998113416935
0.998113416935
0.998113416935
0.998334998335
0.998445653381
0.998445653381
0.998445653381
0.998445653381
0.998445653381
0.998445653381
0.998556517877
0.998556517877
0.998556517877
0.998556517877
0.998556517877
0.998556517877
0.998556517877
0.998556517877
0.998556517877
0.998556517877
0.998556517877
0.998556517877
0.998556517877
0.998556517877
0.998556517877
0.998667406996
0.998778320746
0.998778320746
0.998778320746
0.998778320746
0.998778185049
0.998778185049
0.998778185049
0.998778185049
0.998778185049
0.998778185049
0.998778185049
0.998889135748
0.998889135748
0.998889135748
0.999000111099
0.999000111099
0.999000111099
0.999000111099
0.999000111099
0.999000111099
0.999000111099
0.999000111099
0.999000111099
0.999000111099
0.999000111099
0.999000111099
0.999000111099
0.999000111099
0.999000111099
0.999111111111
0.999111111111
0.999222135793
0.999222135793
0.999222135793
0.999333185152
0.999333185152
0.999333185152
0.999333185152
0.999333185152
0.999333185152
0.999333185152
0.999444259198
0.999555357937
0.999555357937
0.999666481379
0.999666481379
0.999666481379
0.999666481379
0.999666481379
0.999666481379
0.999666481379
0.999666481379
0.999666481379
0.999666481379
0.999666481379
0.999666481379
0.999666481379
0.999777629531
0.999777629531
0.999777629531
0.999777629531
0.999777629531
0.999777629531
0.999888802402
0.999888802402
0.999888802402
0.999888802402
1.0
1.0
1.0
