0.911559633027
0.91164595459
0.911775524144
0.911814168594
0.911939435361
0.911815835221
0.911801896734
0.911691739245
0.911682415668
0.911468279228
0.911440093388
0.911717837034
0.91176626826
0.911756893163
0.91178658731
0.911604859335
0.911508678238
0.911503952147
0.911485042735
0.911849710983
0.911811951167
0.911698477375
0.911684272615
0.912130971551
0.912097943403
0.912027085125
0.912076100393
0.912071374825
0.911874492832
0.911876150265
0.912021236254
0.912137975919
0.911817636473
0.911803207156
0.911798396334
0.911793584988
0.911745442637
0.911755057409
0.911771141013
0.911846785225
0.911837136759
0.91130942544
0.911304539445
0.911717673008
0.911795609136
0.91177609381
0.911807015602
0.91157520551
0.911625840138
0.911576724282
0.911962627218
0.911707180777
0.911758131217
0.911705461057
0.911479090654
0.911402373854
0.91137744767
0.911413777578
0.9113503156
0.911809599186
0.911662981233
0.911652962858
0.912324706419
0.912569864264
0.91258701358
0.912547094417
0.912542101958
0.912564249001
0.912388264955
0.912420473434
0.912385321101
0.912417550903
0.912402478201
0.912362258953
0.91220101196
0.912416339718
0.912355658199
0.912342540159
0.912032473181
0.912059864261
0.912054762733
0.912039454598
0.911629262606
0.911730410448
0.911742402146
0.912060745188
0.912050391476
0.911958957424
0.913285553515
0.913393336115
0.913383010432
0.91320709635
0.914419836302
0.91445942692
0.914457831325
0.914452677872
0.914894905809
0.914863964128
0.914764448761
0.914733390016
0.914717852153
0.914582953093
0.914577756145
0.914572558564
0.91439013814
0.914374225526
0.914363613831
0.914512429484
0.914547935012
0.914184220366
0.914130705912
0.914114638558
0.91412154144
0.914225026551
0.914214308029
0.915951650279
0.915935855675
0.915751145709
0.915745856354
0.916472880397
0.916514512372
0.916388170755
0.916382898222
0.916350291066
0.917033633288
0.917028338014
0.917017745436
0.917076284711
0.916981857812
0.916971212412
0.917030007694
0.9170246874
0.917043545678
0.917124571724
0.916432904952
0.916405638214
0.916323731139
0.916426889877
0.916436736303
0.916545814107
0.916446673707
0.916699801193
0.916550487951
0.91626634641
0.916310446166
0.916282488141
0.916074064135
0.917038238076
0.917573872473
0.917624780197
0.917613636363
0.917536251525
0.917530663414
0.91757608622
0.917492869754
0.917543978809
0.917532776306
0.917499829967
0.917506811989
0.917444951939
0.917501874958
0.91749624983
0.917282936182
0.916981910723
0.916608852505
0.916585704372
0.916253751134
0.915841931634
0.915836024147
0.915082292849
0.915279556125
0.916055535778
0.915953196347
0.915947199429
0.915753277456
0.91573516767
0.91568951874
0.915821282107
0.915924397132
0.915918308227
0.915954209535
0.916231505657
0.916315865873
0.91639380048
0.916593631317
0.916404362785
0.916361505786
0.916349252857
0.916281119189
0.916593180482
0.916605220469
0.916629777188
0.916605166051
0.916599010997
0.916568134791
0.91653112524
0.9164446418
0.916438457553
0.916549426139
0.916747265829
0.916722482697
0.916716284609
0.918277483394
0.918265283273
0.92011271038
0.920312022025
0.920358044526
0.920351951033
0.920373631422
0.920367534456
0.920413634623
0.920420535646
0.920454545455
0.920344456405
0.920402983927
0.920341722466
0.919916272579
0.924270784589
0.924235330836
0.926555005111
0.926549229318
0.926819651447
0.927732825638
0.927727092424
0.927485473215
0.927479700685
0.928411454168
0.92842273819
0.928497077428
0.928393474242
0.928346900943
0.928582956746
0.928692562384
0.928658092696
0.928623452294
0.928611898017
0.928611898017
0.928414901388
0.928484454907
0.928467034752
0.92853662498
0.928687459389
0.928733950918
0.92872236671
0.928797854182
0.929163955758
0.929048550016
0.929264118654
0.929235284526
0.929271479909
0.929259924849
0.929202092871
0.929111220634
0.929741807349
0.930039098245
0.929748264615
0.929745137491
0.929823090467
0.929811320754
0.929805434418
0.929787769482
0.92983045157
0.929818670248
0.929882154882
0.929811257162
0.929950265532
0.929808260833
0.929886805204
0.930057510149
0.930077033776
0.930120277825
0.930120277825
0.930114358323
0.93023058664
0.930171389784
0.930147682906
0.929976999744
0.930252387449
0.93024643984
0.930313886046
0.935611263736
0.938235037895
0.938229656734
0.938377059182
0.938465566903
0.938449449974
0.938391528835
0.938380743982
0.938430548257
0.93842515547
0.938485804417
0.938678831477
0.938843555322
0.938822083736
0.938965486959
0.938954765042
0.938983646914
0.938983646914
0.938978281896
0.938905051574
0.939153439153
0.93906208602
0.938970458164
0.939136588818
0.939131204105
0.939214298355
0.939275913959
0.939436869134
0.939431506243
0.93942077761
0.939461088459
0.939539007092
