0.928571428571
1.0
0.0
0.0
0.2
1.0
1.0
1.0
0.833333333333
0.0
1.0
0.0
1.0
1.0
0.875
1.0
1.0
0.0
0.0
1.0
1.0
0.5
0.918032786885
0.75
1.0
1.0
1.0
1.0
1.0
1.0
0.95652173913
0.97619047619
1.0
0.962962962963
1.0
0.8
0.95
0.954545454545
1.0
1.0
0.928571428571
1.0
0.666666666667
0.818181818182
0.0
0.923076923077
0.0
0.0
1.0
0.0
1.0
0.0
0.578947368421
0.0
1.0
0.5
1.0
0.0
1.0
0.0
0.8
0.0
1.0
1.0
1.0
0.0
1.0
0.6
0.923076923077
1.0
1.0
0.0
0.980392156863
0.0
0.0
1.0
1.0
0.938461538462
1.0
0.940298507463
1.0
1.0
1.0
1.0
0.0
1.0
0.842105263158
0.8
1.0
0.0
0.0
0.0
1.0
0.0
1.0
0.934782608696
1.0
0.941176470588
1.0
1.0
0.0
1.0
1.0
0.9
1.0
0.739130434783
0.0
1.0
1.0
1.0
1.0
0.933333333333
1.0
1.0
0.985507246377
0.0
1.0
1.0
1.0
0.0
1.0
1.0
1.0
0.0
0.75
1.0
0.666666666667
1.0
1.0
1.0
1.0
1.0
1.0
0.428571428571
0.923076923077
0.5
0.990825688073
1.0
1.0
1.0
0.714285714286
0.0
1.0
1.0
1.0
1.0
1.0
1.0
0.0
1.0
0.892857142857
0.666666666667
1.0
0.92
1.0
1.0
0.964705882353
1.0
1.0
0.96
1.0
1.0
0.0
0.969230769231
0.0
0.0
1.0
0.0
0.0
0.961538461538
1.0
1.0
0.916666666667
1.0
1.0
0.0
1.0
1.0
1.0
1.0
0.0
0.8
1.0
0.96875
1.0
1.0
0.952380952381
0.8
1.0
0.5
1.0
1.0
0.785714285714
0.0
0.0
1.0
1.0
1.0
1.0
1.0
1.0
0.0
1.0
0.84
0.923076923077
1.0
0.571428571429
0.978260869565
1.0
0.0
0.951219512195
0.964285714286
1.0
0.037037037037
1.0
1.0
1.0
1.0
0.0
0.0
1.0
1.0
1.0
1.0
1.0
0.0
1.0
0.866666666667
0.0
0.75
1.0
1.0
0.972972972973
0.5
1.0
0.938775510204
0.833333333333
1.0
0.973333333333
1.0
0.217391304348
1.0
1.0
0.0
0.0
1.0
0.947368421053
1.0
1.0
0.0
0.0
1.0
0.947368421053
1.0
0.0
0.979591836735
1.0
1.0
0.0
0.625
1.0
0.0
1.0
1.0
0.75
1.0
1.0
1.0
0.857142857143
1.0
1.0
1.0
0.666666666667
1.0
1.0
1.0
1.0
0.941176470588
1.0
1.0
1.0
1.0
1.0
1.0
0.5
1.0
1.0
1.0
1.0
0.0
0.0
0.5
1.0
1.0
1.0
0.0
0.5
0.888888888889
1.0
1.0
0.0
0.0
0.0
1.0
1.0
1.0
0.0
0.5
1.0
1.0
0.0
0.833333333333
1.0
0.0
0.976744186047
1.0
1.0
0.333333333333
0.0
1.0
0.0
1.0
0.0
1.0
1.0
1.0
1.0
0.0
1.0
0.0
1.0
1.0
1.0
1.0
0.705882352941
1.0
1.0
0.875
0.0
0.972222222222
0.875
0.0
1.0
0.888888888889
0.666666666667
0.0
1.0
0.0
0.0
1.0
1.0
1.0
0.916666666667
1.0
1.0
0.0
0.987012987013
1.0
1.0
1.0
1.0
1.0
1.0
0.0
0.9
1.0
1.0
0.857142857143
1.0
0.967741935484
1.0
0.954545454545
1.0
0.0
1.0
0.0
1.0
1.0
0.0
1.0
1.0
1.0
0.714285714286
1.0
0.0
0.882352941176
1.0
1.0
0.947368421053
1.0
0.818181818182
1.0
1.0
1.0
0.981818181818
1.0
0.0
0.873015873016
1.0
0.964912280702
0.0
0.0
1.0
1.0
0.961538461538
1.0
1.0
1.0
1.0
1.0
1.0
0.0
1.0
1.0
1.0
1.0
0.772727272727
0.777777777778
0.9375
0.0
0.0
0.9
1.0
0.5
1.0
0.959183673469
1.0
1.0
0.0
0.888888888889
0.977272727273
0.0
1.0
1.0
0.666666666667
0.8
0.95652173913
1.0
0.75
1.0
0.0
0.944444444444
1.0
1.0
0.0
1.0
0.947368421053
1.0
1.0
0.166666666667
1.0
0.943661971831
1.0
1.0
1.0
1.0
1.0
0.0
0.0
0.875
0.976744186047
0.0
1.0
1.0
1.0
0.0
1.0
1.0
1.0
1.0
0.857142857143
0.0
1.0
0.0
1.0
1.0
1.0
0.90625
0.0
1.0
1.0
0.0
1.0
0.974358974359
0.904761904762
1.0
0.466666666667
0.666666666667
0.833333333333
1.0
0.875
0.979166666667
1.0
0.974137931034
1.0
0.92
0.941176470588
1.0
1.0
1.0
0.0
1.0
0.263157894737
1.0
1.0
1.0
0.925925925926
1.0
1.0
0.975
0.85
0.888888888889
0.0
1.0
0.833333333333
1.0
1.0
1.0
1.0
1.0
1.0
1.0
1.0
0.0
1.0
0.0
0.0
0.875
1.0
1.0
1.0
0.0
1.0
1.0
0.0
1.0
1.0
0.0
1.0
1.0
1.0
0.875
1.0
1.0
1.0
1.0
0.0
0.823529411765
1.0
1.0
0.0
0.0
1.0
0.96875
1.0
0.947368421053
0.0
1.0
1.0
0.952380952381
0.75
1.0
0.9
0.96
0.9375
0.0
1.0
0.8
0.975
0.884615384615
1.0
1.0
0.931034482759
0.0
0.977272727273
1.0
0.941176470588
1.0
0.818181818182
1.0
0.0
1.0
0.0
1.0
1.0
1.0
1.0
0.923076923077
1.0
1.0
0.0
1.0
0.333333333333
0.705882352941
1.0
1.0
0.0
1.0
1.0
1.0
1.0
1.0
1.0
0.975
1.0
1.0
1.0
1.0
1.0
0.0
0.947368421053
1.0
1.0
1.0
0.0
1.0
0.95652173913
0.0
1.0
0.6
1.0
1.0
0.666666666667
1.0
0.0
0.6
1.0
1.0
1.0
0.0
0.0
1.0
0.0
0.875
1.0
1.0
1.0
1.0
1.0
0.0
1.0
0.958333333333
0.0
1.0
1.0
0.0
1.0
1.0
1.0
1.0
0.923076923077
1.0
0.923076923077
1.0
1.0
0.0
1.0
0.898305084746
1.0
1.0
0.0
0.923076923077
0.666666666667
0.625
0.7
1.0
0.946666666667
0.0
0.0
1.0
0.75
0.9375
0.0
1.0
0.965517241379
1.0
1.0
0.0
0.85
0.0
1.0
0.891891891892
1.0
0.0
1.0
1.0
0.0
1.0
1.0
1.0
0.888888888889
0.8125
0.0
1.0
0.92
0.178571428571
0.0
0.989010989011
1.0
1.0
1.0
1.0
0.833333333333
1.0
1.0
1.0
1.0
1.0
0.875
1.0
1.0
1.0
1.0
0.931818181818
0.909090909091
1.0
0.0
1.0
1.0
0.925925925926
0.0
1.0
0.0
0.0
1.0
0.0
0.666666666667
0.0
0.8125
1.0
0.838709677419
1.0
1.0
0.0
0.0
1.0
1.0
1.0
0.0
0.5
1.0
0.809523809524
0.9375
1.0
0.0
0.878787878788
1.0
0.966666666667
1.0
1.0
1.0
1.0
0.0
1.0
1.0
1.0
1.0
1.0
0.833333333333
0.988095238095
1.0
1.0
1.0
1.0
1.0
1.0
1.0
1.0
1.0
0.0
1.0
1.0
1.0
0.98275862069
0.5
0.0
0.0
0.961538461538
1.0
0.3
0.944444444444
0.75
0.0
1.0
0.875
0.954545454545
0.5
0.333333333333
1.0
1.0
0.0
0.0
1.0
1.0
0.8
0.978723404255
1.0
1.0
0.5
0.923076923077
1.0
0.944444444444
1.0
0.5
0.0
1.0
1.0
1.0
1.0
1.0
1.0
1.0
1.0
0.0
1.0
1.0
1.0
1.0
1.0
1.0
1.0
1.0
0.931034482759
1.0
1.0
0.0
0.868421052632
1.0
1.0
1.0
0.981481481481
0.0
0.172413793103
0.909090909091
1.0
1.0
1.0
0.0
0.909090909091
1.0
1.0
1.0
1.0
0.0
0.0
0.0
0.8
1.0
0.0
0.913043478261
0.0
1.0
0.9375
0.5
1.0
0.916666666667
1.0
1.0
0.0
1.0
0.948717948718
0.0
1.0
1.0
1.0
0.0
1.0
1.0
1.0
0.857142857143
1.0
0.974358974359
1.0
1.0
1.0
1.0
0.896551724138
1.0
1.0
1.0
1.0
0.785714285714
1.0
0.866666666667
1.0
0.0
0.0
1.0
0.0
1.0
1.0
0.857142857143
0.857142857143
0.974358974359
1.0
1.0
0.984848484848
1.0
1.0
1.0
1.0
0.0
0.948717948718
1.0
0.971014492754
1.0
1.0
1.0
1.0
1.0
1.0
0.0
