0.07795628889854031
0.07818645459653234
0.07842771714970422
0.07867991321228364
0.07894288150042894
0.07921646276783226
0.07950049978177919
0.07979483729925796
0.08009932204334769
0.0804149193212386
0.08073924582549534
0.0810732714138262
0.08141796564665481
0.08177206905014812
0.08213432511673563
0.08250570891943303
0.08288719700842258
0.08327642309081987
0.08367436714345114
0.08408089601358479
0.08449811081459756
0.08491161616161845
0.08534317961610288
0.085782812153754
0.08623038891267336
0.08668578663153524
0.08715112540192065
0.08762180365441749
0.08809994263497005
0.08858542528618317
0.0890781360558069
0.08957796087802877
0.09007339127820027
0.09057582483353559
0.09109756551749787
0.09161475328783965
0.09214979263833716
0.09269015879239052
0.09323687998633552
0.09378985340021233
0.09434897754345993
0.09491415223829268
0.09548756803415497
0.09606569900688626
0.09664844307105515
0.09723684989052866
0.09783197831977583
0.0984325871697453
0.09903858509630227
0.0996394090961842
0.10025712895829239
0.10087997508853563
0.10149754237677956
0.10212926539199772
0.10276819367106206
0.10340839512892813
0.10405329118210026
0.104702800544122
0.10535684298910296
0.10601652118659512
0.10668057991606536
0.10733907429722807
0.10799326280563666
0.10866896143472901
0.10934873261578609
0.11002402461161899
0.11070214562538538
0.11138661894393369
0.11208210765895088
0.112773031977989
0.11347714060601605
0.1141742302146326
0.114878563885989
0.11559210457129736
0.11630902635964144
0.11702926513841767
0.11774359400477057
0.11847277391594266
0.11920263727209292
0.11993803030770628
0.12066622387985694
0.12140640105832923
0.12213044139256571
0.12287891788218365
0.12362013150223322
0.12437666473076395
0.12513339117776248
0.12589024087410491
0.1266496507785559
0.12740171445460133
0.12816486751714679
0.1289219040171753
0.12968389489775703
0.13045544016831567
0.13122923588040372
0.13200650268863617
0.13276099954010123
0.13352484205304327
0.13430863704631102
0.13506987842288626
0.13585905742764728
0.1366394859461656
0.1374286516328028
0.1382116094396833
0.13899900661944406
0.13979359707041034
0.14058455614816898
0.1413614967472471
0.14214942507727787
0.14295209133781808
0.14373945692986956
0.1445465304315659
0.14535375533198042
0.14615474258870167
0.1469647991712607
0.14776993008238307
0.1485524904961604
0.1493516238094085
0.15014597769885196
0.150955296838455
0.15175976751692188
0.15256550692883153
0.1533724797338979
0.1541806510617151
0.1549813912310936
0.1557892213107331
0.15660667064749328
0.157433609517672
0.1582471913917726
0.15906311412495783
0.15988135151714322
0.16071024939091763
0.16153191773287615
0.16235573687395846
0.16318033193987838
0.16399188493766634
0.1648083480547517
0.16562840232810525
0.16646549333687796
0.16727201813617723
0.1681063445674496
0.16893990111230445
0.16976734841480365
0.17059539442081567
0.1714399680893186
0.17225975677603206
0.17308012132634834
0.1739247078502913
0.1747525491953129
0.17559099525315341
0.1764159557945171
0.1772550544322757
0.1780963080617601
0.17891055630175243
0.17973924079838988
0.18055768464303787
0.18139954025794752
0.1822194151262483
0.183045835386908
0.18388147207935138
0.18470225099748677
0.1855280332468976
0.18635211804535703
0.18718437635003735
0.18802276994786937
0.1888418047760215
0.18967156216141076
0.19050101701383687
0.19132324533163877
0.19215288816286183
0.19297977926488769
0.19381253710604596
0.194652468146993
0.19548510011143852
0.1963262265015212
0.19715856357526576
0.19800233345657461
0.19883733295529657
0.19967925847957996
0.20048860164190124
0.20129514775635002
0.20213524624542115
0.20297247016044465
0.2038092725163119
0.2046390290148322
0.20547406748461838
0.2062868099318409
0.20710768366780935
0.2079363345981448
0.20875817082388579
0.20958087891393576
0.21040933381080218
0.2112275882500632
0.2120589932497145
0.2128914478301863
0.2137130365820032
0.21453574488701332
0.21537086684543022
0.21619232342416397
0.2170045170918257
0.21784176622090698
0.2186714213871082
0.21950060536617103
0.22030478587781388
0.22112518508471254
0.2219594398655252
0.22277742809778797
0.223590715300595
0.22440568096267846
0.22520397067134795
0.22602318609076238
0.22685173485643975
0.2276691539937738
0.22845468752934495
0.22926832319886878
0.23009197194057754
0.23090309068200537
0.23170746815985585
0.23252367839351
0.23330625407733352
0.2341054646286026
0.23490925989318823
0.23570640613873006
0.23650766651285124
0.23732795630537068
0.2381234043322807
0.23893778689545284
0.23974525043185027
0.24054348085966754
0.24134068225824748
0.24214165221342482
0.24294113119536018
0.2437456843895989
0.24456000611782253
0.24537186351048626
0.24617129229126203
0.2469627134840497
0.24775502143331327
0.24854667994522311
0.24935501186083198
0.250149593795122
0.25093630810718237
0.25171946555081204
0.25251057233085056
0.2532981080621777
0.2540921396933735
0.25487694018939105
0.2556622464369876
0.2564469431728172
0.25723490653620856
0.25801001460902523
0.2588092074911219
0.25959257863564933
0.26038340423202433
0.26116386147317516
0.26193352147337157
0.26270012862951914
0.2634784127121395
0.2642513259890851
0.26501835772905724
0.2657983520404607
0.26656137816567216
0.26734625883956753
0.2681170678391965
0.26888112635128447
0.26965083523731087
0.27042609443504206
0.27118563330655726
0.27195926336356824
0.27271627280607763
0.273471592816389
0.27423183919334954
0.27500273709799716
0.2757561424392991
0.27653752876055143
0.27730419508177506
0.27805249927897524
0.27880689609117515
0.279550016385383
0.28029548854136915
0.28103510584705127
0.28179142349676606
0.28254907913370364
0.2832876767619477
0.2840400382274954
0.2847922245960415
0.28552642105644727
0.28627623031306565
0.2870301331186801
0.2877683222393768
0.2884986978074013
0.28926336536091407
0.2899865872054099
0.29072775012729124
0.29147169442668247
0.29221740612702285
0.2929567615866761
0.29367531134391106
0.2944121509402821
0.29514896812672287
0.2958632143850582
0.29659357963741245
0.2973049076742047
0.29802837277724903
0.29873106563896007
0.29945015946313275
0.3001656105654197
0.30090473255572675
0.3016176098031813
0.30233580808283084
0.30304896253184094
0.30377568250218834
0.3044807273062947
0.3051864254690223
0.30588712801884643
0.30658633060465557
0.3072915233407217
0.30799979875839334
0.3086858956811317
0.3093964615450955
0.31011288954577715
0.31082315694293466
0.3115221381829456
0.31222030826231245
0.31293026509991656
0.31364069355102514
0.31435554148213063
0.3150350458978713
0.31573625223417956
0.31643055856523655
0.3171375013779613
0.31783515130169837
0.31852076041122623
0.31920859469986657
0.31991502318557813
0.3206102553170465
0.32131050818670986
0.3219965734456623
0.3226964430556871
0.32339096236756093
0.32407033925209205
0.32473006919991454
0.32542775077149305
0.3261091627230406
0.3267935292443921
0.32747584898914006
0.3281418873281244
0.3288506395628891
0.32953877420732036
0.3302190600225758
0.3309123561721538
0.33158249887558866
0.3322739980978298
0.3329314473695929
0.33358676429256306
0.33426468527723474
0.33491709891450405
0.3355851332014737
0.33625912692276394
0.33691184865074625
0.3375828555159756
0.3382369045449218
0.3389059902357314
0.3395877794231212
0.34025782777665636
0.340907175619911
0.34155205815036305
0.3422185139651583
0.3428693152403065
0.34353009388005706
0.34418768616569095
0.34484679445607075
0.3454763968797423
0.34614130028906465
0.34679486676971877
0.3474346343899735
0.34811022424705024
0.34874359742268995
0.3493799240474509
0.35003095256564326
0.3506913491637068
0.3513272156192803
0.35197662677664376
0.3526125332675424
0.3532752542712198
0.3539278544130983
0.3545551958415017
0.3551773802304415
0.355812960030053
0.35644038523895916
0.35706467156405086
0.35769841180559825
0.35833804261182506
0.3589760819498502
0.35964223076979357
0.3602914958095656
0.3609162952505305
0.3615487237482395
0.36215445071493657
0.3627682419218864
0.3633766033701109
0.3639866088578834
0.36460682768675584
0.36524011998631584
0.36585011583740035
0.3664636995552138
0.36707749341540646
0.36769752018410246
0.3682825275608283
0.36890919654806287
0.36953877416601666
0.37015809571307445
0.3707444365722316
0.3713697219363029
0.3719874876459879
0.3725863677490552
0.37319251838371764
0.37380532093693397
0.3743953472876971
0.3749860030235736
0.3755772835650546
0.37616787444310895
0.3767525880632695
0.3773369789329817
0.3779392548236401
0.37852526743352033
0.37913418602925575
0.37974192662707357
0.3803314047048951
0.38093172581073054
0.3815272127614222
0.3821295166495596
0.38270357511016695
0.38329437790225546
0.38389039801629404
0.38448746562214503
0.38506358956070863
0.3856689135771582
0.3862541025788678
0.3868428422820912
0.3874403366102198
0.38801745449795555
0.38860107057389065
0.38917785373377145
0.38974953709427185
0.39033657638755354
0.3909221179090981
0.39150418738505777
0.3920810950170492
0.39263689821223907
0.39319473769636015
0.3937544762510309
0.3943323634004192
0.39490244524021384
0.39545368246006074
0.39602615839484856
0.3965824832234512
0.3971637098004982
0.39773075059242907
0.39829963995425477
0.3988601818883093
0.39941812794294457
0.39997915409848633
0.400554009637275
0.4011085923775918
0.4016712777378638
0.40221388356087656
0.4027688877922358
0.40332584633732976
0.4038708394074075
0.40442323375988626
0.40498989830120696
0.4055476498433161
0.40609312152302446
0.4066500328790751
0.40719712066233205
0.40774251962286384
0.40826995617404616
0.4088316702651523
0.4093785602522001
0.4099490151634717
0.41051122616801383
0.41105843942309533
0.4116143522063207
0.4121553832002796
0.41268571051855796
0.41321997709246316
0.4137647062330529
0.41430187555845044
0.4148441004104637
0.4153747210368969
0.4159153076174342
0.41646479816492404
0.4170182323486553
0.41752712082836707
0.4180503976050907
0.4185847230108977
0.41911301241868476
0.4196380216971126
0.4201749518454442
0.42069669220386324
0.4212161267076556
0.42174391120195226
0.4222688712650322
0.42279202606501975
0.42332359509902673
0.423838975631765
0.4243561711086827
0.424887142022509
0.4254173321443018
0.42595533273500463
0.4264565654745883
0.42695239708668464
0.42745697961522966
0.4279525699687813
0.4284756564493195
0.42898209157561146
0.4294991215839938
0.43001073006359913
0.43049834940219456
0.4309937641720049
0.4314893428493048
0.4320064547874252
0.4324984559736673
0.43301309034386365
0.4335046508320601
0.43399441654718734
0.43449757783085113
0.4350246883258264
0.435510522978196
0.436005954449558
0.43649483474101586
0.4369918149418947
0.43748903470198347
0.4379787543506523
0.43848502440495346
0.43899070143069674
0.4394750012725351
0.43998002227357813
0.44047143108279957
0.44097660873226413
0.4414773767741264
0.4419684947629407
0.44245259332862275
0.44293027463542717
0.4434238611223986
0.4439086654361409
0.44439289935667964
0.4448774516865083
0.44536578108776403
0.44586045324520895
0.44634298487452306
0.44682208665156825
0.44729778350790367
0.4477885661014135
0.4482491074780896
0.44872550104140174
0.44920869219058385
0.4496942589330234
0.4501678328481698
0.45063936400172167
0.45111304051089535
0.4515931497115894
0.4520539608483349
0.45252718498534944
0.453006023413661
0.45348230555635316
0.45394796414363986
0.4544204060835661
0.45488887552843477
0.455347298786178
0.45581520681661125
0.456279397521602
0.45673609765140516
0.45720195124021884
0.45766684403855373
0.45813851819331797
0.4586043782958747
0.4590572062554589
0.4595284684169221
0.459988239039651
0.46045594927698347
0.4609139161745236
0.46136198133089074
0.46181667922735775
0.4622657985894706
0.46271316103109655
0.4631680168533917
0.46360617948668753
0.4640609696508646
0.46451499787587613
0.4649697254414157
0.4654191566644956
0.4658636455871167
0.4663192433879526
0.4667776496205635
0.4672174922332937
0.46765260484715787
0.468098285698301
0.46855054305440547
0.4689875564001697
0.46943476227136033
0.4698941580508359
0.47033387414558403
0.47078395454184363
0.4712355536494192
0.47168854019654877
0.47211962404863017
0.4725576887833709
0.47299830154600786
0.4734369803810311
0.4738922591849869
0.474323139884863
0.4747794102473521
0.4752347735207589
0.4756443714583655
0.47607557197329164
0.476513370156023
0.47694840709382197
0.4773751753386379
0.47780936739059626
0.47824612337442024
0.4786763013333471
0.4790814487811553
0.47949218310643416
0.47993088901869063
0.48035860660174207
0.4807648460495228
0.4812045004801965
0.48164238729036724
0.4820478398304342
0.4824709105602978
0.4828904073803403
0.48330648137609583
0.4837423840668602
0.48415578239200324
0.4845706550186098
0.48498508379590466
