0.8446215139442225
0.8525179856115074
0.8597785977859737
0.8289473684210514
0.8516949152542355
0.8624535315985153
0.8615916955017353
0.8497854077253187
0.8423913043478285
0.8592233009708735
0.8586956521739153
0.8689138576779043
0.8333333333333327
0.8571428571428608
0.8616600790513801
0.8392857142857124
0.8586572438162585
0.8660287081339744
0.8551724137931049
0.8581560283687898
0.8596491228070197
0.8585858585858572
0.8539325842696646
0.8542510121457515
0.8653846153846128
0.8576388888888864
0.841346153846152
0.8636363636363602
0.8396226415094339
0.8848920863309334
0.8313253012048201
0.8360655737704926
0.8577586206896527
0.8333333333333336
0.8553191489361713
0.8646616541353428
0.016666666666666666
0.012875536480686695
0.8402366863905333
0.8576923076923051
0.8139534883720941
0.008264462809917356
0.8294117647058805
0.8698630136986326
0.003424657534246575
0.024691358024691357
0.011363636363636364
0.8626609442060054
0.858299595141703
0.8555956678700407
0.8595041322314025
0.8639053254437878
0.7692307692307696
0.859259259259255
0.8555555555555513
0.8591549295774638
0.7567567567567558
0.8666666666666676
0.85546875
0.8421052631578964
0.8846153846153826
0.8172043010752682
0.8592233009708735
0.8623188405797124
0.8559670781892978
0.8457711442786044
0.8349056603773622
0.8444444444444434
0.858299595141703
0.8408163265306157
0.7966101694915241
0.8471615720524033
0.837837837837835
0.8699186991869899
0.013888888888888888
0.0165016501650165
0.02242152466367713
0.006211180124223602
0.010050251256281407
0.863636363636363
0.030864197530864196
0.013559322033898305
0.03389830508474576
0.008403361344537815
0.02
0.8617021276595699
0.8601694915254219
0.8515625
0.004484304932735426
0.8333333333333336
0.8534482758620677
0.8552631578947391
0.8681318681318656
0.8554913294797718
0.8620689655172389
0.8624535315985153
0.8576512455515992
0.850364963503654
0.0
0.8684210526315834
0.8655172413793119
0.8505747126436806
0.8632075471698154
0.8506787330316724
0.8457446808510652
0.828571428571427
0.868525896414342
0.8607142857142832
0.8627450980392131
0.8481675392670128
0.8202247191011249
0.8634361233480194
0.8740740740740751
0.8324873096446714
0.8577586206896527
0.8579881656804742
0.8425925925925936
0.014336917562724014
0.8576923076923051
0.8651162790697653
0.8633333333333308
0.8595317725752504
0.8505154639175239
0.8546099290780097
0.8581081081081114
0.8689138576779043
0.8217054263565904
0.842794759825329
0.8566037735849056
0.0
0.016736401673640166
0.018018018018018018
0.013651877133105802
0.022813688212927757
0.014492753623188406
0.8526785714285696
0.011029411764705881
0.00510204081632653
0.020833333333333332
0.8323699421965346
0.8602150537634431
0.8699551569506747
0.8617021276595699
0.8400000000000006
0.8653846153846128
0.8646288209607003
0.7666666666666666
0.8589743589743571
0.8490566037735848
0.8502024291498
0.853479853479851
0.8499999999999974
0.8589743589743571
0.8152173913043489
0.8437499999999982
0.8316326530612217
0.8333333333333355
0.8677248677248715
0.8534031413612536
0.8644067796610151
0.8731343283582106
0.852216748768472
0.8631578947368428
0.8736842105263165
0.8531468531468521
0.8659217877095
0.859375
0.864468864468862
0.8546255506607947
0.8793774319066121
0.8641114982578386
0.854729729729733
0.0055248618784530384
0.012875536480686695
0.8899082568807317
0.8597560975609763
0.8566176470588209
0.8533834586466209
0.8303571428571422
0.8526785714285696
0.861788617886177
0.8556701030927826
0.861607142857141
0.8782608695652154
0.8719512195121958
0.8593750000000018
0.8385650224215266
0.8401826484018224
0.8372093023255825
0.8556701030927816
0.8561643835616467
0.8176100628930817
0.8359788359788394
0.8646616541353428
0.8595317725752504
0.8566666666666642
0.8669064748201404
0.8645833333333308
0.8113207547169811
0.8633093525179821
0.8669064748201404
0.8333333333333355
0.8619246861924656
0.863636363636368
0.8808510638297884
0.8048780487804883
0.8611111111111135
0.8549019607843111
0.01652892561983471
0.8656716417910455
0.8610038610038596
0.030456852791878174
0.8640350877193005
0.014545454545454545
0.8561151079136656
0.8455882352941155
0.8606271777003474
0.8447488584474845
0.8647686832740191
0.8576642335766468
0.8638497652582136
0.8369565217391316
0.8493150684931465
0.8582089552238822
0.8412017167381943
0.8554216867469918
0.8529411764705861
0.8461538461538444
0.8535564853556457
0.872093023255815
0.8504273504273486
0.8542510121457515
0.8653846153846145
0.84375
0.8524590163934387
0.8660714285714267
0.8698884758364336
0.02430555555555556
0.8324873096446714
0.8577586206896527
0.8496240601503803
0.8450704225352104
0.8486842105263145
0.8564593301435437
0.8608695652173879
0.860262008733626
0.8543307086614159
0.8321678321678312
0.8557046979865819
0.86190476190476
0.8576779026217245
0.8473895582329355
0.8576271186440624
0.8581081081081114
0.007905138339920948
0.8571428571428554
0.8447488584474845
0.8538461538461513
0.8514056224899637
0.8745387453874495
0.8555133079847926
0.8344370860927163
0.8595890410958933
0.8492063492063466
0.8498168498168474
0.8510638297872352
0.0160427807486631
0.8543689320388347
0.8597285067873285
0.8544600938967113
0.8623853211009138
0.8619402985074593
0.8571428571428547
0.8633879781420774
0.818181818181817
0.8446215139442225
0.8245614035087729
0.844594594594596
0.024291497975708502
0.02
0.015151515151515152
0.8658536585365859
0.0149812734082397
0.0
0.020689655172413793
0.8064516129032253
0.8664383561643865
0.01937984496124031
0.832535885167467
0.8387096774193524
0.8800000000000004
0.8520000000000006
0.8435114503816756
0.8172043010752683
0.837499999999998
0.879518072289155
0.8783783783783752
0.8669064748201404
0.8622047244094474
0.8515283842794775
0.8387096774193543
0.840425531914895
0.8598484848484842
0.854271356783922
0.8721461187214568
0.7983193277310922
0.8461538461538486
0.861111111111109
0.8749999999999993
0.8650000000000007
0.877934272300467
0.8639455782312934
0.8566666666666642
0.8530612244897995
0.8380952380952362
0.8356164383561604
0.8535564853556457
0.8704453441295573
0.8679245283018909
1.0
1.0
1.0
1.0
1.0
0.0
1.0
0.0
1.0
1.0
1.0
