0.8446215139442225
0.8519855595667916
0.859259259259255
0.8223684210526304
0.8529411764705865
0.8619402985074593
0.8615916955017353
0.8497854077253187
0.8469945355191265
0.8599033816425146
0.8586956521739153
0.8689138576779043
0.8315217391304371
0.8571428571428608
0.8611111111111085
0.8430232558139547
0.8586572438162585
0.8660287081339744
0.8551724137931049
0.8581560283687898
0.8596491228070197
0.8600000000000005
0.8501872659176046
0.8542510121457515
0.8653846153846128
0.8576388888888864
0.8421052631578977
0.8636363636363602
0.8396226415094339
0.8857142857142836
0.8352941176470581
0.8351648351648332
0.8583690987124432
0.8500000000000002
0.8547008547008529
0.8646616541353428
0.01680672268907563
0.012820512820512822
0.8402366863905333
0.8576923076923051
0.8128654970760205
0.008264462809917356
0.8304093567251432
0.8680555555555535
0.003424657534246575
0.024390243902439025
0.011363636363636364
0.8620689655172389
0.858299595141703
0.8545454545454583
0.8595041322314025
0.8639053254437878
0.7647058823529415
0.8587360594795562
0.8550185873605971
0.8591549295774638
0.7631578947368425
0.8678414096916318
0.85546875
0.8421052631578964
0.8803827751196204
0.816216216216213
0.8592233009708735
0.8618181818181856
0.8553719008264439
0.8465346534653472
0.8349056603773622
0.8461538461538451
0.858299595141703
0.8442622950819634
0.7983193277310922
0.8434782608695619
0.837837837837835
0.8699186991869899
0.013888888888888888
0.0165016501650165
0.02242152466367713
0.006211180124223602
0.01
0.863636363636363
0.030864197530864196
0.013559322033898305
0.03428571428571429
0.008547008547008548
0.02
0.8621908127208522
0.8595744680851075
0.8515625
0.004484304932735426
0.8285714285714287
0.8547008547008541
0.8552631578947391
0.868613138686136
0.8554913294797718
0.8620689655172389
0.8629629629629586
0.8571428571428547
0.850364963503654
0.0
0.8684210526315834
0.8655172413793119
0.8514285714285696
0.8625592417061643
0.8506787330316724
0.8457446808510652
0.828571428571427
0.868525896414342
0.8607142857142832
0.8627450980392131
0.848958333333335
0.8202247191011249
0.8622222222222231
0.8740740740740751
0.8290155440414526
0.8571428571428552
0.8562874251497029
0.8425925925925936
0.014336917562724014
0.858237547892722
0.8651162790697653
0.8628762541806015
0.8595317725752504
0.849740932642489
0.8546099290780097
0.8576271186440624
0.8698884758364336
0.8203125
0.8441558441558423
0.8566037735849056
0.0
0.01680672268907563
0.018018018018018018
0.0136986301369863
0.022813688212927757
0.014492753623188406
0.8526785714285696
0.010989010989010988
0.005128205128205128
0.020833333333333332
0.8245614035087689
0.8602150537634431
0.8705357142857124
0.8621908127208522
0.8440000000000006
0.8648648648648635
0.8646288209607003
0.8181818181818177
0.8589743589743571
0.8490566037735848
0.8502024291498
0.853479853479851
0.8499999999999974
0.8589743589743571
0.8191489361702118
0.8430493273542621
0.8316326530612217
0.8333333333333355
0.8684210526315806
0.8526315789473701
0.8638297872340437
0.8731343283582106
0.8529411764705863
0.8631578947368428
0.8736842105263165
0.8581560283687953
0.8659217877095
0.859375
0.864468864468862
0.8546255506607947
0.8793774319066121
0.8645833333333308
0.854729729729733
0.0055248618784530384
0.012820512820512822
0.8899082568807317
0.8606060606060625
0.8560885608856047
0.8539325842696646
0.8303571428571422
0.8526785714285696
0.861788617886177
0.8556701030927826
0.8622222222222231
0.8793103448275849
0.8711656441717778
0.8593750000000018
0.8414096916299576
0.8401826484018224
0.8372093023255825
0.8556701030927816
0.8561643835616467
0.8238993710691823
0.8376963350785313
0.8646616541353428
0.8599999999999975
0.8566666666666642
0.8669064748201404
0.8645833333333308
0.8113207547169811
0.8633093525179821
0.8673835125448052
0.8340611353711805
0.8619246861924656
0.8641114982578386
0.8808510638297884
0.8072289156626513
0.8598130841121453
0.8543307086614159
0.016597510373443983
0.8714285714285702
0.8610038610038596
0.030456852791878174
0.8628318584070809
0.014598540145985401
0.8561151079136656
0.8467153284671525
0.8606271777003474
0.8447488584474845
0.8647686832740191
0.8576642335766468
0.8625592417061643
0.8279569892473113
0.8493150684931465
0.8666666666666677
0.8418803418803401
0.8560000000000006
0.8529411764705861
0.846846846846844
0.8535564853556457
0.8651685393258441
0.8510638297872352
0.8542510121457515
0.8666666666666658
0.8461538461538449
0.8524590163934387
0.8654708520179393
0.8694029850746234
0.02430555555555556
0.8324873096446714
0.8589743589743571
0.8496240601503803
0.8521126760563371
0.8431372549019588
0.8557692307692288
0.8614718614718595
0.860262008733626
0.8543307086614159
0.8321678321678312
0.8557046979865819
0.8578199052132732
0.8582089552238773
0.8473895582329355
0.8605442176870757
0.8581081081081114
0.007874015748031496
0.8577405857740557
0.8440366972477029
0.8544061302682009
0.8508064516129026
0.8745387453874495
0.8555133079847926
0.8400000000000015
0.8595890410958933
0.8486055776892424
0.8492647058823504
0.8510638297872352
0.015957446808510637
0.8543689320388347
0.8597285067873285
0.8537735849056644
0.8623853211009138
0.8619402985074593
0.8577981651376111
0.8641304347826112
0.8200000000000005
0.8452380952380927
0.8360655737704924
0.844594594594596
0.024291497975708502
0.019867549668874173
0.015151515151515152
0.8674698795180732
0.0149812734082397
0.0
0.020689655172413793
0.8191489361702118
0.8664383561643865
0.01937984496124031
0.832535885167467
0.8409090909090876
0.8775510204081639
0.8508064516129026
0.8441064638783287
0.8191489361702118
0.837499999999998
0.8780487804878055
0.8783783783783752
0.8673835125448052
0.8622047244094474
0.8521739130434749
0.8297872340425522
0.8395721925133711
0.8598484848484842
0.8527918781725903
0.8715596330275193
0.7999999999999996
0.8461538461538486
0.861111111111109
0.8749999999999993
0.8643216080402034
0.877934272300467
0.8639455782312934
0.8571428571428608
0.8536585365853641
0.842857142857141
0.8348623853210975
0.8535564853556457
0.8699186991869899
0.8672985781990553
1.0
1.0
1.0
1.0
1.0
1.0
1.0
1.0
0.0
1.0
1.0
