0.07773625510752338
0.07799685918688545
0.07799572506652505
0.07848896385261282
0.07877862595419725
0.07899557985342878
0.07899443127789399
0.07913867806566525
0.07925384201573017
0.07951439371909928
0.07971678225090574
0.08006455177226778
0.08079031155953655
0.08116713189113522
0.08139856073272508
0.08139737737329515
0.0818904734906194
0.08215095656220121
0.08261495297212733
0.08312254688180969
0.08329577997122338
0.083294569135944
0.08358408559011081
0.08387359362734571
0.08387237444582361
0.08512122797837401
0.08549791415323639
0.08603447774644794
0.08597508684719903
0.08700581395348775
0.08700454935246815
0.0880788349175915
0.088673459006152
0.08925353177140119
0.09003706126008282
0.09055896288113954
0.09096458209193355
0.09206778281594014
0.09282215989187614
0.09372184275542075
0.09465056458997408
0.09473638318897082
0.0947495386046141
0.09476269363791788
0.09635980527501832
0.09696872820273857
0.09796997834836554
0.09901479264144916
0.09968177392869985
0.1011043301365998
0.10162595719328786
0.10267065763854309
0.1035409674091632
0.10470184819250003
0.10610969851072755
0.10727050823817962
0.10822787568833298
0.10847329575174323
0.10848624852897568
0.11002469853263071
0.11045895018234678
0.11138714551369554
0.11298359798350607
0.11299648429555718
0.11369216241735049
0.11479458422918962
0.11610035300781624
0.11662163340015066
0.11810165749065717
0.11873910517142865
0.11969611132898782
0.1212922343917774
0.12200223697396277
0.12201499041312137
0.12349480717552906
0.12478575371117777
0.1265269365404636
0.12797757378574726
0.12970413513633472
0.1310530137981145
0.1314142133011875
0.13299541044561838
0.13493965404559388
0.13608504952506947
0.13795657541209527
0.13904380155689117
0.1402036103809569
0.14169740625636218
0.14333638304362553
0.14487365669473148
0.14487155283834685
0.14655397752026394
0.14796044319880253
0.15023815055763473
0.15263196108327076
0.15466267824473592
0.15640292157348926
0.15757681361446674
0.1585328667470408
0.15853056483228894
0.16076432751087924
0.1607765129515724
0.1631118144991698
0.16402416006038018
0.1646170598911329
0.16644404436962484
0.16889527708813568
0.17121577281569172
0.1712132870686501
0.1712253193960754
0.1730811109013811
0.17307859818236282
0.17628442431370128
0.1762818651646413
0.1780939246570117
0.1810963040385059
0.18367761696695964
0.18538787597258438
0.18743195575487
0.18982435767164768
0.19300053708032383
0.1954653660802125
0.19726242143611863
0.1977095247771496
0.1977066550548283
0.2007373432419246
0.20431949141476413
0.2047664663705454
0.2073905281644296
0.2101015965166598
0.21316091203327947
0.21494296246841527
0.21495435612380148
0.21886973180083188
0.22224802263983418
0.22593097843441204
0.22952675345030185
0.23201950426651743
0.23542643196104818
0.23655492671609035
0.23865565729719687
0.24145286742518368
0.24233453775049926
0.24233102127299833
0.2451570775592487
0.24825874978232607
0.25082345430008596
0.2513566847557408
0.2540663677649693
0.25536854323859703
0.25860042657528665
0.2612953773831344
0.264831768785546
0.2679037780743035
0.2722234312658628
0.2722339900762424
0.2761037039186296
0.2788852135561056
0.2821599036689607
0.2821703177135481
0.2853142998070135
0.2892560784542077
0.29335731797553455
0.29564510981518066
0.29993472111420216
0.30254148775675166
0.30603304466406644
0.30824799094834837
0.3125081593874065
0.3156077748765646
0.31561770209315065
0.3156131240754047
0.3187560738580027
0.32197145509395925
0.32495467401560996
0.3249644649436342
0.3298040523880987
0.3344549515577853
0.33874312897955694
0.3402030456852582
0.34525967716203937
0.348155238426794
0.3531390947456066
0.35762972416408284
0.3611485751578194
0.3649283601136291
0.3686500282783944
0.3735462165374942
0.3748024188286619
0.37848027842242155
0.3831440959381068
0.3878802818945443
0.3878891579543776
0.38788353343768056
0.3909084318132105
0.3958037293740426
0.39698696477998396
0.40114255886790817
0.40576200901845244
0.4063795853267422
0.4063881921385817
0.4103259293625046
0.41494497846992395
0.4201873169598954
0.42274737223625597
0.42739503595428574
0.43279643939287793
0.4374728174203849
0.4424390031750749
0.4475935053639936
0.44760151346049826
0.4518425096399617
0.45630082774043923
0.46142583787557784
0.4614336449955296
0.4641376511173069
0.46875498282309025
0.47387951527815536
0.479032889301531
0.4790259457890476
0.48477337623776917
0.48476634972199023
0.48768715666785234
0.4934487056846812
0.49344155373594134
0.4934344019945423
0.4934272504598955
0.49779703759497157
0.4978043160043908
0.5034637681161307
0.5062100549265846
0.5122025448537728
0.5171079518285756
0.522505941684739
0.5285559017465038
0.5336057734106734
0.5392931151908342
0.5447774171107149
0.5498123433178354
0.5542819881178374
0.5599107388674004
0.5599026256306182
0.5604741135731978
0.5652911003563803
0.571107730202979
0.5746928248522718
0.5787849370449207
0.5815584340321539
0.5882003506281921
0.5946682121121616
0.5997739818312618
0.6020978818349009
0.6071164684237765
0.6131345618916824
0.6131401666069517
0.6190565873727585
0.6239297666128367
0.6307730196446647
0.63077836851144
0.6364334347390375
0.6422331995772536
0.6471491482216083
0.6526443874665004
0.6595300866243825
0.6643007170275818
0.6707659771716953
0.6758694613037657
0.6822764274748395
0.6874085661724154
0.6918887601389073
0.6975710085314064
0.7034558674427802
0.7082977275026537
0.7137043045014148
0.7171409950036878
0.7208093155291878
0.727113415499867
0.7271028849497637
0.7331894741409051
0.7331933381602986
