0.8446215139442225
0.8519855595667916
0.8587360594795562
0.8278145695364248
0.8516949152542355
0.8619402985074593
0.8620689655172429
0.8497854077253187
0.8469945355191265
0.8585365853658543
0.8592057761732899
0.8689138576779043
0.832432432432429
0.8571428571428608
0.8611111111111085
0.8392857142857124
0.8586572438162585
0.86190476190476
0.855670103092781
0.8581560283687898
0.8591549295774638
0.8571428571428579
0.8533834586466209
0.8536585365853641
0.8659003831417642
0.8576388888888864
0.8421052631578977
0.8630136986301327
0.8411214953271028
0.8848920863309334
0.8333333333333325
0.8360655737704926
0.8577586206896527
0.8333333333333336
0.8547008547008529
0.8646616541353428
0.016736401673640166
0.012875536480686695
0.8421052631578916
0.8576923076923051
0.8117647058823512
0.008264462809917356
0.8304093567251432
0.8689655172413807
0.0034129692832764505
0.024691358024691357
0.011406844106463879
0.8620689655172389
0.858299595141703
0.8545454545454583
0.8595041322314025
0.8639053254437878
0.7692307692307696
0.859259259259255
0.8550185873605971
0.8586572438162585
0.7534246575342476
0.8672566371681428
0.85546875
0.842931937172772
0.8798076923076903
0.8172043010752682
0.8592233009708735
0.8618181818181856
0.8553719008264439
0.8457711442786044
0.8349056603773622
0.8461538461538451
0.858299595141703
0.8442622950819634
0.7966101694915241
0.8471615720524033
0.837837837837835
0.8669354838709671
0.013888888888888888
0.01644736842105263
0.02242152466367713
0.006172839506172839
0.010050251256281407
0.863636363636363
0.03067484662576687
0.013559322033898305
0.03428571428571429
0.008547008547008548
0.02
0.8617021276595699
0.8601694915254219
0.8515625
0.004464285714285714
0.8333333333333336
0.8448275862068954
0.8552631578947391
0.8681318681318656
0.8554913294797718
0.8620689655172389
0.8624535315985153
0.8571428571428547
0.850364963503654
0.0
0.8689138576779043
0.8655172413793119
0.8505747126436806
0.8632075471698154
0.8513513513513484
0.8457446808510652
0.8295454545454571
0.8690476190476164
0.8607142857142832
0.8627450980392131
0.848958333333335
0.8181818181818177
0.8628318584070809
0.8731343283582106
0.829896907216493
0.8571428571428552
0.8571428571428552
0.8425925925925936
0.014336917562724014
0.858237547892722
0.8651162790697653
0.8633333333333308
0.8595317725752504
0.8505154639175239
0.8546099290780097
0.8576271186440624
0.8689138576779043
0.8217054263565904
0.8434782608695619
0.8571428571428615
0.0
0.01680672268907563
0.018018018018018018
0.0136986301369863
0.022813688212927757
0.01444043321299639
0.853982300884957
0.011029411764705881
0.005128205128205128
0.020833333333333332
0.8304093567251432
0.8602150537634431
0.8699551569506747
0.8621908127208522
0.8440000000000006
0.8653846153846128
0.8652173913043444
0.7666666666666666
0.8589743589743571
0.8490566037735848
0.8502024291498
0.8540145985401504
0.8494208494208481
0.8595744680851075
0.8172043010752683
0.8423423423423395
0.8324873096446714
0.8325991189427329
0.8677248677248715
0.8534031413612536
0.8644067796610151
0.8740740740740751
0.8529411764705863
0.8736842105263165
0.8723404255319137
0.8581560283687953
0.8674033149171252
0.859375
0.864468864468862
0.8546255506607947
0.8793774319066121
0.8641114982578386
0.8552188552188529
0.0055248618784530384
0.01293103448275862
0.8899082568807317
0.8606060606060625
0.8560885608856047
0.8533834586466209
0.8303571428571422
0.8526785714285696
0.861788617886177
0.8571428571428579
0.861607142857141
0.8771929824561423
0.8719512195121958
0.8608247422680393
0.8385650224215266
0.8394495412844002
0.8381502890173439
0.8564102564102545
0.8566552901023938
0.8249999999999981
0.8359788359788394
0.8641509433962263
0.8595317725752504
0.8566666666666642
0.8669064748201404
0.8645833333333308
0.8076923076923082
0.862815884476539
0.8669064748201404
0.8340611353711805
0.8613445378151243
0.863636363636368
0.8808510638297884
0.8024691358024705
0.8598130841121453
0.8543307086614159
0.016597510373443983
0.8676470588235281
0.8610038610038596
0.030456852791878174
0.8628318584070809
0.014598540145985401
0.8561151079136656
0.8455882352941155
0.8611111111111086
0.8447488584474845
0.86524822695035
0.8576642335766468
0.8632075471698154
0.8387096774193543
0.8493150684931465
0.8656716417910464
0.8376068376068359
0.8554216867469918
0.8540145985401452
0.8461538461538444
0.8535564853556457
0.8735632183908038
0.8510638297872352
0.8536585365853641
0.8653846153846145
0.84375
0.8518518518518493
0.8654708520179393
0.8689138576779043
0.02430555555555556
0.8333333333333345
0.8589743589743571
0.8496240601503803
0.8521126760563371
0.8486842105263145
0.8564593301435437
0.8614718614718595
0.860262008733626
0.8549019607843111
0.8309859154929569
0.8557046979865819
0.8625592417061643
0.8576779026217245
0.8480000000000006
0.8605442176870757
0.8585858585858562
0.007905138339920948
0.8571428571428554
0.8447488584474845
0.8544061302682009
0.8514056224899637
0.871323529411762
0.8560606060606054
0.8421052631578935
0.8595890410958933
0.8492063492063466
0.8498168498168474
0.8516949152542355
0.015957446808510637
0.8543689320388347
0.8558558558558529
0.8530805687203822
0.8623853211009138
0.8624535315985153
0.8571428571428547
0.8633879781420774
0.818181818181817
0.8446215139442225
0.8245614035087729
0.844594594594596
0.02439024390243903
0.02
0.015151515151515152
0.8658536585365859
0.014925373134328358
0.0
0.02054794520547945
0.8172043010752683
0.8664383561643865
0.019305019305019305
0.8317307692307674
0.8394495412844002
0.8800000000000004
0.8514056224899637
0.8435114503816756
0.8172043010752683
0.8385093167701876
0.8780487804878055
0.8783783783783752
0.8673835125448052
0.86328125
0.8521739130434749
0.8387096774193543
0.8412698412698447
0.8598484848484842
0.8527918781725903
0.8715596330275193
0.7966101694915241
0.8461538461538486
0.8620689655172428
0.8749999999999993
0.8643216080402034
0.8785046728971918
0.8644067796610114
0.8571428571428608
0.8536585365853641
0.842857142857141
0.8356164383561604
0.8535564853556457
0.8663967611336059
0.8672985781990553
0.0
0.0
0.0
1.0
1.0
1.0
1.0
1.0
1.0
1.0
1.0
