0.8446215139442225
0.8519855595667916
0.8587360594795562
0.8278145695364248
0.8516949152542355
0.8624535315985153
0.8615916955017353
0.8504273504273486
0.8478260869565242
0.8578431372549
0.8581818181818219
0.8689138576779043
0.8315217391304371
0.8571428571428608
0.8616600790513801
0.8402366863905333
0.8591549295774638
0.8660287081339744
0.8551724137931049
0.8581560283687898
0.8591549295774638
0.8585858585858572
0.8539325842696646
0.8542510121457515
0.8653846153846128
0.8576388888888864
0.841346153846152
0.8630136986301327
0.8411214953271028
0.8848920863309334
0.8333333333333325
0.8351648351648332
0.8583690987124432
0.8333333333333336
0.8547008547008529
0.8646616541353428
0.01680672268907563
0.012875536480686695
0.8402366863905333
0.8576923076923051
0.8128654970760205
0.008264462809917356
0.8294117647058805
0.8689655172413807
0.003424657534246575
0.024390243902439025
0.011406844106463879
0.8632478632478614
0.8577235772357705
0.8545454545454583
0.860655737704914
0.8647058823529392
0.7647058823529415
0.8555555555555513
0.8550185873605971
0.8586572438162585
0.7599999999999991
0.8672566371681428
0.85546875
0.842931937172772
0.8851674641148357
0.8181818181818202
0.8592233009708735
0.8618181818181856
0.8553719008264439
0.8465346534653472
0.8349056603773622
0.8461538461538451
0.858299595141703
0.8442622950819634
0.7948717948717945
0.8478260869565184
0.837837837837835
0.8704453441295573
0.013888888888888888
0.0165016501650165
0.02242152466367713
0.006211180124223602
0.010050251256281407
0.863636363636363
0.03067484662576687
0.013559322033898305
0.034090909090909095
0.00847457627118644
0.02
0.8617021276595699
0.8601694915254219
0.8515625
0.004464285714285714
0.8285714285714287
0.8534482758620677
0.8552631578947391
0.8681318681318656
0.8563218390804622
0.8620689655172389
0.8624535315985153
0.8571428571428547
0.850364963503654
0.0
0.8689138576779043
0.8655172413793119
0.8505747126436806
0.86190476190476
0.8506787330316724
0.8465608465608501
0.828571428571427
0.868525896414342
0.8607142857142832
0.86328125
0.8445595854922299
0.8202247191011249
0.8622222222222231
0.8731343283582106
0.829896907216493
0.8571428571428552
0.8562874251497029
0.8333333333333343
0.014336917562724014
0.8576923076923051
0.8644859813084069
0.8628762541806015
0.8595317725752504
0.849740932642489
0.8551236749116649
0.8576271186440624
0.8689138576779043
0.8153846153846134
0.8434782608695619
0.8566037735849056
0.0
0.016736401673640166
0.018018018018018018
0.0136986301369863
0.022727272727272728
0.01444043321299639
0.8533333333333342
0.011029411764705881
0.005050505050505051
0.020833333333333332
0.8304093567251432
0.8612099644128092
0.8705357142857124
0.8621908127208522
0.8433734939759073
0.8648648648648635
0.8614718614718595
0.7999999999999999
0.8589743589743571
0.8396226415094339
0.8502024291498
0.8540145985401504
0.8494208494208481
0.8589743589743571
0.8191489361702118
0.8423423423423395
0.8341708542713591
0.8333333333333355
0.8684210526315806
0.8526315789473701
0.8638297872340437
0.8740740740740751
0.8529411764705863
0.874999999999999
0.8762886597938134
0.8581560283687953
0.8659217877095
0.859375
0.864468864468862
0.853982300884957
0.8793774319066121
0.8641114982578386
0.8552188552188529
0.005555555555555556
0.012875536480686695
0.8888888888888901
0.8614457831325286
0.8529411764705856
0.8533834586466209
0.8318584070796471
0.8526785714285696
0.861788617886177
0.8571428571428579
0.8622222222222231
0.8782608695652154
0.8711656441717778
0.8601036269430071
0.8385650224215266
0.8401826484018224
0.8390804597701172
0.8564102564102545
0.8566552901023938
0.8238993710691823
0.8368421052631595
0.8646616541353428
0.8595317725752504
0.8566666666666642
0.8673835125448052
0.8645833333333308
0.814814814814814
0.862815884476539
0.8669064748201404
0.8347826086956489
0.8613445378151243
0.863636363636368
0.8808510638297884
0.8024691358024705
0.8598130841121453
0.8543307086614159
0.016597510373443983
0.852941176470587
0.8610038610038596
0.030456852791878174
0.8628318584070809
0.014598540145985401
0.8566308243727621
0.8455882352941155
0.8606271777003474
0.8447488584474845
0.8647686832740191
0.8581818181818219
0.8638497652582136
0.8387096774193543
0.8499999999999966
0.863636363636363
0.8418803418803401
0.8554216867469918
0.8540145985401452
0.8461538461538444
0.8535564853556457
0.8749999999999994
0.8516949152542355
0.8542510121457515
0.8653846153846145
0.84375
0.8518518518518493
0.8660714285714267
0.8694029850746234
0.02430555555555556
0.8333333333333345
0.8583690987124432
0.8496240601503803
0.8521126760563371
0.8486842105263145
0.8557692307692288
0.8608695652173879
0.8608695652173879
0.8543307086614159
0.8333333333333314
0.8557046979865819
0.8625592417061643
0.8576779026217245
0.8473895582329355
0.8605442176870757
0.8581081081081114
0.007905138339920948
0.8571428571428554
0.8440366972477029
0.8544061302682009
0.8514056224899637
0.8745387453874495
0.8560606060606054
0.8344370860927163
0.8595890410958933
0.8486055776892424
0.8492647058823504
0.8516949152542355
0.015957446808510637
0.8543689320388347
0.8603603603603573
0.8537735849056644
0.8630136986301327
0.8619402985074593
0.8584474885844706
0.8633879781420774
0.8200000000000005
0.8446215139442225
0.8245614035087729
0.8456375838926165
0.02439024390243903
0.019867549668874173
0.015151515151515152
0.8554216867469888
0.0149812734082397
0.0
0.020689655172413793
0.8191489361702118
0.8664383561643865
0.01937984496124031
0.832535885167467
0.8394495412844002
0.8800000000000004
0.8508064516129026
0.8435114503816756
0.8085106382978714
0.837499999999998
0.8787878787878808
0.8749999999999981
0.8673835125448052
0.8622047244094474
0.8521739130434749
0.8369565217391316
0.8395721925133711
0.8598484848484842
0.8535353535353548
0.8715596330275193
0.7966101694915241
0.8461538461538486
0.8630136986301394
0.8749999999999993
0.866336633663367
0.8785046728971918
0.8639455782312934
0.8566666666666642
0.8530612244897995
0.842857142857141
0.8348623853210975
0.8535564853556457
0.8663967611336059
0.8679245283018909
1.0
1.0
1.0
1.0
1.0
1.0
0.5
1.0
1.0
1.0
1.0
