0.07773625510752338
0.07799685918688545
0.07799572506652505
0.07848896385261282
0.07877862595419725
0.07898103989763025
0.0789798915335027
0.07912413853267505
0.07923930269413491
0.07951439371909928
0.07971678225090574
0.08006455177226778
0.08079031155953655
0.08116713189113522
0.08139856073272508
0.08139737737329515
0.08190501112127635
0.08218003140083587
0.082644027388095
0.08313708387846618
0.08331031675655867
0.08330910570996423
0.08359862195282214
0.08391720208157136
0.0839159822661594
0.08516483516483835
0.08554152070584771
0.08606354835896575
0.08601869213215957
0.0870348837209296
0.08703361869739046
0.08812243830121408
0.08871706175603211
0.0893116679262759
0.09009519657001669
0.09061709734615711
0.0910227157120594
0.09212591559119881
0.09289482480489626
0.09376544106961929
0.09469416227057748
0.09479451258500637
0.09479313501808248
0.09479175749120354
0.09638886870595635
0.09699779121134121
0.09799904093464509
0.09904385480541789
0.09968177392869985
0.1011043301365998
0.1016404876418428
0.10268518787596717
0.10355549743546255
0.10473090782286154
0.10612422811479584
0.10728503763114158
0.10824240487019475
0.10847329575174323
0.10847171976929589
0.10998111288683671
0.11041536516977975
0.11135808926078992
0.11296907006811666
0.11296742888689286
0.11366310743078843
0.11476552966471754
0.11607129886542189
0.11660710653998622
0.11808713084151932
0.11872457873331127
0.11968158510188479
0.12127770837568258
0.12198771116887003
0.12198593922492777
0.1234657564093151
0.1247421781948079
0.12649788661817213
0.12794852428539866
0.12966056151870772
0.13099491648511516
0.13134159271470364
0.13290826700751932
0.13485251187313957
0.13598338513374872
0.1378549124972742
0.13892761705590356
0.14011647327071391
0.14159574777078307
0.14323472603437473
0.14477200116176606
0.14476989878162386
0.14646684673695826
0.14785879209443598
0.150136500929382
0.1525157917664915
0.1545610315685822
0.15631579711620194
0.15747516989024066
0.15843122449871425
0.15842892405981915
0.16066268821422308
0.16067487513068732
0.1630101781540127
0.16392252519090847
0.16450090744104212
0.16632789360593353
0.1687646093761274
0.17109962542465257
0.17109714136386342
0.17110917537749235
0.17295045077739926
0.1729479399552499
0.17613925061336883
0.17615121073110085
0.17794875517163763
0.18096565339831783
0.1835179351692328
0.18519916386017013
0.18724324638182077
0.1896211351429788
0.1927828018173722
0.19524763397779146
0.197059207756935
0.1974917989955141
0.19748893243344778
0.20050510914996011
0.20408726069354244
0.20454875322938026
0.20717281818315264
0.20986937590708074
0.21292869479405196
0.21472526196625288
0.2147366587811605
0.21866655056316772
0.22203033161596078
0.22572780309409332
0.22932358105852743
0.2318308469262958
0.2352377773586014
0.23638078653324301
0.2384670081700617
0.2412497097748469
0.24214589409835816
0.24214238035823482
0.24496843938178378
0.24807011434207998
0.2506783522207729
0.25119707478447034
0.25389225032275436
0.2552089378990729
0.2584263141857393
0.2611357766750879
0.2646866793379014
0.26774418199746536
0.2720348204570123
0.27203087369055345
0.27590059047977367
0.278682103063998
0.28194228844169755
0.28193819817198434
0.2850821836328681
0.2890674867986633
0.2931252085359336
0.2954420170017652
0.2997316312469358
0.30236741325286426
0.30587347868353343
0.3080739214946366
0.3123340924586723
0.31543371047273533
0.3154436402141524
0.31543906472116484
0.3185965217642442
0.3218264098398402
0.32482413518030623
0.3248194238970178
0.3296590134451423
0.3342954110344922
0.3386125977173194
0.34008701957938453
0.34512914968600567
0.3480537185288939
0.3530230736877847
0.357484699945038
0.3610325574651212
0.3648268461046959
0.3685630175325673
0.3734447054727882
0.37472991197676436
0.3783932714618646
0.38308609213885797
0.38780777819685563
0.387816655308031
0.3878255321616525
0.3908359312694564
0.395731229881539
0.39694346571521394
0.4011135599118706
0.40576200901845244
0.40636508626918094
0.40635919444389845
0.4103114307253765
0.41494497846992395
0.4201728187431761
0.42274737223625597
0.4273515425652809
0.4327529466344222
0.43742932529246
0.4423955116776626
0.447521020585797
0.44751453298761434
0.45174103389266546
0.45621384978934976
0.4613243650702896
0.46133217366118145
0.4640071898642993
0.46858103700721176
0.4736475908855073
0.47877197814178063
0.4787650384111671
0.4845269672858765
0.4845199443416559
0.4874552490830252
0.4932168014611253
0.4932096528735599
0.4932025044932376
0.49319535631957073
0.4975796399892442
0.4975724285857328
0.5032318840581596
0.5059781742292034
0.5119271905162174
0.5168181093579579
0.5222016115009824
0.5282805593800083
0.5333014520473139
0.5389887982374821
0.544473104567242
0.5495225260476239
0.5539776843937403
0.5595919491092453
0.5595838404918015
0.5602132931480602
0.5650302837104817
0.5708179381287928
0.5743740581894681
0.5784661750007862
0.5812251876326634
0.5878526202930658
0.5943059982611043
0.5994262615722116
0.6017646547478842
0.6067542703158982
0.6127868567456469
0.6127779789937674
0.6187088923013362
0.6236110507480304
0.6304687952719461
0.6304741485459193
0.6361726785460775
0.6419869334069821
0.6468883995832952
0.6523691567797284
0.6592838311560623
0.6640399797204187
0.6705052436413631
0.6756232165364662
0.6820446710508411
0.6871768131053086
0.6917004634992782
0.6973537463248909
0.703253092320391
0.7080949553172043
0.71354498580609
0.7170106452317995
0.7206789676451684
0.7269830695036614
0.7269870235200334
0.7331170617960486
0.7331209268641367
