0.07817362221899418
0.07837719936018955
0.07863894139886932
0.07895884833503347
0.07980223934855715
0.08000581648975252
0.08044205322088546
0.08038388832340107
0.08108186709321377
0.08175076341428428
0.08282681401774553
0.08335029809510505
0.08358295768504262
0.08428093645485532
0.08486258542969924
0.08579322378944951
0.0865784499054888
0.08672386214919978
0.08759633561146565
0.08809073724008298
0.08919587029228643
0.089428529882224
0.09056274538316963
0.09111531190927136
0.09160971353788869
0.09198778537153723
0.09283117638506092
0.09381997964229558
0.09527410207940537
0.09603024574670246
0.09658281227280419
0.09678638941399956
0.09774611022249202
0.09888032572343766
0.10030536571180526
0.10126508652029773
0.10280645630363411
0.10327177548350924
0.10414424894577512
0.10548204158791613
0.10652900974263518
0.10679075178131495
0.10839028646213572
0.10961174930930795
0.11019339828415187
0.11100770684893335
0.11199651010616801
0.11359604478698879
0.11455576559548125
0.11571906354516909
0.11763850516215402
0.1191798749454904
0.12072124472882678
0.12194270757599901
0.12316417042317124
0.12461829286028103
0.12470554020650762
0.12668314672097533
0.1279918569143729
0.1295332266977078
0.13087101933984754
0.13305220299551015
0.13380834666280653
0.13552421113859445
0.13750181765306188
0.14014832048859918
0.14215500945180878
0.143405554747722
0.14526683146722077
0.14709902573797737
0.14840773593137493
0.15032717754835803
0.1518976297804351
0.15393340119238688
0.15660898647666635
0.15841209829868078
0.16015704522321086
0.16187290969899878
0.1635887741747867
0.1646066598807626
0.16704958557510471
0.169172604333283
0.1718191071688203
0.1737385487858034
0.17623963937762985
0.17833357568706595
0.18034026465027556
0.1821142940235478
0.18481896175656945
0.18700014541223206
0.18964664824776936
0.19264214046821268
0.19476515922639095
0.19770248654934994
0.19994183510249688
0.20197760651444865
0.20526392322231365
0.2083175803402413
0.2098880325723184
0.21105133052200512
0.2119819688817545
0.21576268721823635
0.21811836556635197
0.22041587901698326
0.22262614512138804
0.22562163734183135
0.22873345935724335
0.2322524356550457
0.2356259997091372
0.23812709030096366
0.24088992293146963
0.24385633270317078
0.2454849498327322
0.2481314526682695
0.2494983277591514
0.25077795550380827
0.2532499636468973
0.25639086811105744
0.25973534971641316
0.26302166642428443
0.26552275701611566
0.26880907372398694
0.27020503126361367
0.2734622655227427
0.27631234549948064
0.2795695797586097
0.28372836992874767
0.2873345935727834
0.2887887160098946
0.29254035189764144
0.29390722698852595
0.297164461247655
0.30068343754546406
0.3045514032281798
0.30917551257819337
0.3127526537734869
0.3162425476225537
0.31984877126658945
0.3226116038971007
0.3259560855024564
0.32857350588925655
0.33252871891819896
0.33558237603613245
0.33881052784651927
0.34270757597797724
0.34643012941698187
0.34834957103396863
0.35204304202423103
0.3553293587321023
0.35675439872047127
0.35957539624846696
0.36228006398149376
0.36582812272804505
0.3703068198343475
0.37516358877429884
0.3791769667007257
0.38240511851111253
0.38700014541238387
0.39054820415893515
0.3944161698416509
0.3989530318454378
0.4043623673114914
0.4071833648394871
0.40985895012377166
0.41416315253762076
0.41835102515650097
0.4216955067618567
0.42547622509834576
0.43062381852571935
0.43478260869585733
0.43987203722574647
0.4448160535119245
0.4466482477826846
0.4517085938638315
0.45656536280378285
0.45964810237045856
0.4603169986915297
0.46543550967016106
0.47096117493118356
0.4755562018324549
0.4806165479136018
0.4846590082887709
0.4859968009309132
0.4917842082306157
0.49751345063283375
0.5036207648686869
0.508564781154846
0.5112985313366046
0.5157481459941479
0.5197615239205594
0.5210120692164703
0.522757016140997
0.52816635160703
0.5343318307403578
0.5402937327324909
0.5458484804422344
0.5486113130727351
0.553729824051347
0.5585284280937955
0.5626290533664334
0.5673113276139136
0.5712665406428409
0.5771411952887476
0.5793223789444061
0.5844118074742758
0.588337938054461
0.5920314090447093
0.5987494547041373
0.6027337501818067
0.6072996946343184
0.6091900538025558
0.6143958121273939
0.6204449614657533
0.6262032863166916
0.6316417042314667
0.6369056274537891
0.6406572633415216
0.645921186563844
0.6506034608113241
0.6574378362657206
0.6596190199213791
0.6645921186562803
0.666569725170744
0.6675585284279758
0.6738694198050142
0.6784062818087838
0.6839319470697852
0.6900101788568868
0.6961756579902146
0.7020793950848635
0.7093500072703917
0.7137705394791928
0.7211283990109473
0.7249091173474219
0.7279918569140859
0.7344481605348349
0.7412825359892313
0.7467791188014906
0.7533808346659502
0.7590519121706621
0.7645484949829214
0.771673694924739
0.7790606369052356
0.78586592991089
0.789733895593591
0.7960738694193715
0.8006398138718832
0.8029954922199943
0.807561436672506
0.8144830594731288
0.8203286316702935
0.8280936454844375
0.8340555474765706
0.8371964519407188
0.8430420241378834
0.8483059473602058
0.8498473171435378
0.8570888468803238
0.8641267994759151
0.8715137414564117
0.8770394067174131
0.8845717609416203
0.8918714555758905
0.8996655518387767
0.9075468954478892
0.9146720953897068
0.921419223497877
0.9280209393623365
0.932790460956043
0.9404973098727029
0.9474770975708099
0.9536425767041378
0.961698415005703
0.9682419659726783
0.9744074451060062
0.9803984295468814
0.9890359168232888
0.9929911298522162
0.9949396539179377
0.9999999999990653
