0.0780572924240254
0.07881343609132249
0.07916242547622884
0.07939508506616641
0.0801512287334635
0.08044205322088546
0.08105278464447158
0.08201250545296404
0.08285589646648772
0.08337938054384725
0.08384469972372238
0.08419368910862873
0.08468809073724606
0.0851824923658634
0.08558964664825414
0.08611313072561366
0.0865202850080044
0.08762541806020785
0.08858513886870031
0.089428529882224
0.0908244874218494
0.09146430129417771
0.09248218700015456
0.09376181474481118
0.09451795841210828
0.09544859677185855
0.09594299840047588
0.09693180165771054
0.09765886287626543
0.09899665551840645
0.10024720081432087
0.10103242693036016
0.10199214773885262
0.10274829140614972
0.10402791915080634
0.10475498036936123
0.10594736076779127
0.10702341137125251
0.1085647811545889
0.10908826523194842
0.11025156318163626
0.11083321215648018
0.1121128399011368
0.11374145703069977
0.11443943580051247
0.1156027337502003
0.11760942271341182
0.1192089573942326
0.1205758324851158
0.1220008724734834
0.12383306674424174
0.1253453540788356
0.12729387814456086
0.12924240221028613
0.13130725607098007
0.13308128544425232
0.13505889195871976
0.13709466337067153
0.1390431874363968
0.14099171150212206
0.14235858659300396
0.1442489457612449
0.14584848044206414
0.14785516940527374
0.1500945179584207
0.15166497019049777
0.15396248364112905
0.15605641995056516
0.15672531627163502
0.1580340264650326
0.1589355823760398
0.16105860113421808
0.1639668460084349
0.16611894721535533
0.1681547186273071
0.17056856187290706
0.17301148756724918
0.17542533081284914
0.17795550385341777
0.18025301730404905
0.1825796132034225
0.18412098298675741
0.18702922786097423
0.18854151519556697
0.19136251272355728
0.1942707575977741
0.1967427657408584
0.19915660898645834
0.2024720081430655
0.20474043914495463
0.20799767340407746
0.2111676603169738
0.21419223498615927
0.2168096553729544
0.2201832194270459
0.2232077940962314
0.22565071979057352
0.2289661189471807
0.23184528137265534
0.23402646502831795
0.2365275556201444
0.23902864621197087
0.24170423149625034
0.24443798167801414
0.24752072124468397
0.2509524501962616
0.2525519848770839
0.25508215791765737
0.2580776501381064
0.2606659880761643
0.2621491929620177
0.26563908681108456
0.26880907372398694
0.269856041878707
0.27290969899664047
0.27509088265230724
0.27916242547621856
0.2822742474916365
0.2851243274683744
0.288585138868699
0.2928893412825481
0.2958266686055127
0.299898211429424
0.3030681983423264
0.306529009742651
0.30975716155303784
0.3133052202995891
0.31737676312350044
0.3217682128835762
0.3233386651156563
0.3271775483496298
0.3299694634288833
0.33433183074021683
0.3378798894867681
0.3421840919006172
0.3437836265814395
0.34785516940535083
0.35055983713837763
0.3548058746547423
0.3591100770685914
0.36251272357143155
0.3651883088557161
0.36902719208968965
0.3708303039117075
0.374145703068321
0.37775192671235674
0.38193979933123695
0.3858368474626949
0.3900828849790596
0.394038098008002
0.3965973534973177
0.4008433910136823
0.40491493383759364
0.4096844554313183
0.4133488439728385
0.41823469536153207
0.4231787116477101
0.42754107895904364
0.4330376617713239
0.43638214337667963
0.4408026755854976
0.44551403228173786
0.44958557510564917
0.4546750036355383
0.45938636033177854
0.46406863457927655
0.46834375454438343
0.4706121855462769
0.4748000581651571
0.47933692016894397
0.4845135960450598
0.48806165479161107
0.4923949396542024
0.49812418205642045
0.5022829722265497
0.5075759778976142
0.5092918423733989
0.5140613639671053
0.5187145557658434
0.5232514177696129
0.5255780136689819
0.5300276283265252
0.5347099025740053
0.5368620037809216
0.5408462992585911
0.5467209539044978
0.5523629489604677
0.5565217391305898
0.5624545586739808
0.5645484949834129
0.5664388541516502
0.5719645194126516
0.5776646793661057
0.5817362221900014
0.5877853715283609
0.5897338955940824
0.5930202123019411
0.5987494547041373
0.6031990693616806
0.6085211574814872
0.6145703068198466
0.6196306529009742
0.624487421840907
0.6293151083320977
0.6358295768503309
0.6396684600842898
0.644118074741833
0.6465610004361705
0.6519994183509455
0.6581067325867892
0.6648829431437014
0.670437690853445
0.6752944597933778
0.677417478551552
0.682332412388969
0.6870146866364492
0.6935873200521666
0.6961756579902146
0.6989675730694574
0.7056274538314012
0.7110658717461763
0.7173185982257305
0.7234259124615742
0.7240366438851585
0.730609277300876
0.7370364984728829
0.7402064853857732
0.7457903155442588
0.751257815907776
0.7568125636175195
0.7589064999269516
0.7606514468514783
0.7664388541511588
0.7708593863599599
0.7772284426344825
0.7809219136247308
0.7855460229747268
0.7926130580190601
0.7982259706262879
0.8038388832335156
0.8107023411366542
0.8179729533221823
0.8200959720803566
0.8239639377630575
0.8283553875231165
0.8360622364397764
0.8419368910856831
0.8448160535111523
0.8516213465168067
0.8578740729963609
0.864097717027173
0.8684600843384899
0.8754398720365969
0.8815181038236984
0.8862585429686628
0.8930929184230593
0.8989094081714818
0.9053075468947466
0.9131307256063749
0.916766031699139
0.9235131598073091
0.9287770830296315
0.934070088700696
0.9412534535399978
0.9497455285726947
0.9560855023984752
0.9603315399148237
0.9630362076478401
0.9648393194698511
0.9699287479997208
0.9709175512569527
0.976414134069212
0.9819688817789555
0.9834520866648032
0.9858077650129143
0.9896757306956153
0.9964228588037854
0.9980805583820859
0.9995055983704494
0.9999999999990653
