1.0000000000000002
1.0000000000000002
0.9999999999999996
0.9999999999999993
1.0
1.0
0.9999999999999993
1.0
0.9999999999999993
1.0
0.9999999999999996
0.9999999999999996
1.0
0.9999999999999996
1.0000000000000002
1.0000000000000002
0.9999999999999997
0.9999999999999993
0.9999999999999997
1.0
0.9999999999999996
1.0
1.0
1.0
1.0000000000000004
1.0000000000000002
0.9999999999999996
1.0
0.9999999999999993
0.9999999999999993
0.9999999999999993
1.0
0.9999999999999997
1.0000000000000002
1.0000000000000002
0.9999999999999997
0.9999999999999997
0.9999999999999999
0.9999999999999991
