0.07787101695909736
0.07838493872476843
0.07827619161389844
0.07819326844849595
0.07810647289531747
0.07785992576003994
0.07825656265477933
0.07859552667750251
0.07899880209319461
0.0795928105614831
0.07952101191049232
0.07950753280415118
0.07978288591701245
0.08028643083421524
0.08046359821487467
0.08047329321993565
0.08078580395616043
0.08082191780821642
0.08078678097345057
0.08137059911372378
0.08143425733506493
0.08206514009386649
0.08195132457462385
0.08204682177284917
0.08184845047747547
0.08230513483561534
0.08238848276890742
0.08231661394788528
0.08300064636325194
0.08349969287469662
0.08369514653435522
0.08440007829320731
0.08455882352941095
0.08475388239051104
0.08527194291013158
0.08546764933425637
0.08541700937653782
0.08614745586707774
0.08579819593034714
0.08632819121885492
0.08643719496532733
0.08645445895683208
0.08611875737317758
0.08634236779376847
0.08611693350578112
0.08673906186635902
0.08664177745401885
0.0869025164466173
0.0871182185858468
0.08737727251374558
0.08791834797056149
0.08750719631548963
0.0872242424242474
0.0868819522712745
0.0866722797285905
0.08735045302097755
0.08768467921474003
0.08817061320513037
0.08793878922607856
0.08874255252430975
0.08828657473450367
0.08883547008546978
0.08836078854982145
0.08879908251870176
0.08912695344855917
0.089122180031275
0.08894285068895194
0.089605939463164
0.09051002137122109
0.09067009405853406
0.09117768717130935
0.09115361625822004
0.09148627403555479
0.09199902128700363
0.09183736617365551
0.09215551242722624
0.09272278168344752
0.09310521594259072
0.09419773095623689
0.09458838963594259
0.09537399615053066
0.09589685044657625
0.09560372358497204
0.0954345434543502
0.09518508210409096
0.09569074778200197
0.0956317252191243
0.09635773530471806
0.09650339440835166
0.09626893239749167
0.09714328447502298
0.09704034516690471
0.09739463601532512
0.09773502947563849
0.09729093050647966
0.09817950552507566
0.09803605924018183
0.09811751283513634
0.09793729372937558
0.09832915622389715
0.09847715736040143
0.09938313913639779
0.09960954446854738
0.10000000000000266
0.1002135991456001
0.1009645722527683
0.10136986301369716
0.1020445924692409
0.10300871684319286
0.10408357075023424
0.1046959199384098
0.10540171606864084
0.10631360537496182
0.10693902072694164
0.10777349299776386
0.10800246862785824
0.10800667222685296
0.10821092676741224
0.10840921264059732
0.10860121633362528
0.1094472583131496
0.11062737218128936
0.11114883984154392
0.11214416896235464
0.11232685368409176
0.11296033994334072
0.1131330061055943
0.11352598348713211
0.11366995073891843
0.11430356027482533
0.11494107210745931
0.1162103098084596
0.1175013041210262
0.11830091306073427
0.11924264804619628
0.12005996184246148
0.12130013831258604
0.12212240314429677
0.12368196067255371
0.1252712281209305
0.1252937720329049
0.12647278150633862
0.1269120096925591
0.12870982623405025
0.1300749531542794
0.13162067871867827
0.1315831856981823
0.13168656960575545
0.13210368893319926
0.13265822784810385
0.13374485596707517
0.13534227486500608
0.13572818970093678
0.13774500989030938
0.13922894207930034
0.13978095414887515
0.14072816449726577
0.14282975460122946
0.14458300857365278
0.14557338086749635
0.14720096657269524
0.14905814905814435
0.14993752603082242
0.1520542143159714
0.1544260176609943
0.15687992988606472
0.15890349899710002
0.1616780045351466
0.16239907727797137
0.16287256512555376
0.1643181275376121
0.16577540106951663
0.1679861454725333
0.17069486404834064
0.17324449000512512
0.17453691625358508
0.17529880478087212
0.17820443482964174
0.179515418502198
0.18143578238923602
0.18280491288203116
0.1859179517020681
0.1885002963841132
0.1908788885533129
0.19396551724138272
0.1960476787954786
0.1978267817194016
0.20032573289902653
0.2021912350597608
0.20507614213198203
0.20731286650568673
0.209637706647905
0.2126972740315673
0.21470373079737082
0.21857515852294018
0.2217573221757303
0.22566886390074004
0.2292490118577063
0.2329705763804885
0.23756678997123476
0.240670859538788
0.24550898203592297
0.2505456132693103
0.2551202137132704
0.25885558583106494
0.2640111162575206
0.26937618147448006
0.27448142788229724
0.2786804529788268
0.28291457286432736
0.2878399179066243
0.29350104821802425
0.2980203317281955
0.3032786885245897
0.30915178571428165
0.315099715099715
0.3218859138533188
0.32877526753865094
0.3351548269581107
0.3424317617866019
0.34958834705510416
0.35510996119017185
0.36261558784676173
0.3704453441295479
0.37767057201930126
0.38494018296974647
0.3926776740847129
0.3999999999999987
0.4083769633507772
0.4171122994652348
0.42589703588142924
0.43391719745223994
0.4411047928513364
0.450248756218917
0.45854483925549366
0.46804835924007776
0.47753303964757177
0.4874100719424433
0.49770431588614483
0.5084427767354692
0.5191570881226067
0.530332681017601
0.5404595404595373
0.551478083588186
0.5629552549427732
0.5727948990435545
0.5845986984815541
0.5957918050941241
0.6085972850678714
0.621247113163972
0.6336866902237965
0.64465786314527
0.6572827417380644
0.6704119850187281
0.6840764331210191
0.6974025974025954
0.7112582781457125
0.7233468286099742
0.7372764786794914
0.7517531556802367
0.7668097281831037
0.781341107871737
0.7964338781575011
0.8121212121211963
0.8271604938271404
0.8427672955974808
0.8562300319488698
0.8701298701298762
0.884488448844898
0.897822445561155
0.9115646258503464
0.9257340241796369
0.9387040280210343
0.9520426287744099
0.9640287769784118
0.9745454545454314
0.9852941176470847
0.9944341372912622
0.9981378026070679
1.000000000000012
