0.11575562700964605
0.11464968152866241
0.11356466876971578
0.1124999999999999
0.11145510835913283
0.11042944785276099
0.10942249240121567
0.10843373493975891
0.10746268656716426
0.10650887573964515
0.1055718475073313
0.10465116279069783
0.10374639769452434
0.10285714285714301
0.10198300283286095
0.10112359550561813
0.10027855153203329
0.09953917050691255
0.09872029250457046
0.0979147778785129
0.09712230215827324
0.09634255129348775
0.0964601769911507
0.09569798068481147
0.0958188153310107
0.09507346585998248
0.09519725557461416
0.09446808510638303
0.0945945945945947
0.09388097233864191
0.09317803660565717
0.09248554913294789
0.0918032786885246
0.09113100081366982
0.09127625201938616
0.09141940657578188
0.09076433121019108
0.09011857707509874
0.09026687598116184
0.0896336710833982
0.08900928792569648
0.08839354342813202
0.08854961832061092
0.08794541319181194
0.08734939759036138
0.08682634730538935
0.0869888475836429
0.086410635155096
0.0865737344093911
0.08600583090378987
0.08544532947139756
0.08489208633093544
0.08434596140100085
0.08451704545454561
0.08468595624558928
0.08485273492286115
0.08432055749128936
0.0844875346260386
0.08396421197522382
0.08413132694938419
0.08361658735554042
0.0831081081081079
0.08260577568838136
0.08344459279038706
0.0836098208360981
0.0831134564643799
0.08262295081967196
0.08213820078226851
0.08230719377835402
0.08247422680412356
0.0826393337604101
0.08280254777070063
0.08233058898036724
0.0818639798488666
0.08140262993112074
0.08094645080946469
0.08049535603715174
0.08004926108374376
0.0796080832823025
0.07978075517661401
0.07995154451847351
0.07951807228915668
0.07908927501497899
0.07926102502979733
0.07883817427385878
0.07841981132075489
0.07859237536656882
0.07817969661610284
0.07777132907719093
0.07794457274826797
0.07754164273406061
0.07771428571428557
0.07788516202387731
0.07748868778280531
0.0776589758019134
0.0772676371780516
0.07743732590529248
0.07705099778270509
0.07722007722007744
0.07683863885839724
0.07700709994538478
0.07663043478260845
0.07625743645213622
0.07588805166846092
0.0760578468130689
0.07729211087420038
0.07745358090185676
0.07761351636747617
0.07724645296899649
0.07740585774058573
0.07756376887038001
0.07720207253886018
0.0773594636410519
0.0775154004106775
0.07766990291262134
0.07731434384537113
0.0779746835443038
0.07862903225806446
0.07927747114902146
0.08041958041958015
0.08005967180507217
0.08069306930693075
0.08082799408575653
0.0809617271835131
0.0806057645334636
0.08073929961089471
0.08184019370460069
0.08341369334619113
0.08305328852616431
0.08317399617590818
0.08376963350785323
0.08388625592417075
0.08352996696554994
0.08411654135338384
0.08376228357510546
0.08387698042870437
0.08399071925754073
0.08456561922366007
0.08513575701794728
0.08570119156736904
0.08534915563669536
0.08545454545454578
0.08555907650520576
0.08566275924256089
0.08666367310282866
0.08676207513416849
0.08685968819599088
0.08651286601597125
0.08661069376933293
0.08670774647887314
0.08680403331872014
0.08689956331877761
0.08655937364071303
0.08665511265164647
0.08675010789814426
0.08641444539982769
0.08779443254818028
0.08745733788395935
0.08754781130471768
0.08763759525825555
0.08772669759595078
0.08739495798319304
0.08748430305567194
0.08715596330275249
0.08686616791354913
0.08737060041407846
0.08787128712871309
0.08836826962597615
0.08845208845208892
0.08894328845369198
0.08865392435949525
0.08833063209076189
0.08800968914008916
0.08769106999195506
0.08777555110220416
0.08825878594249215
0.08794269797055312
0.08881839809674837
0.08853754940711434
0.08901142181961383
0.08948194662480413
0.08994915917090307
0.09002338269680402
0.09048543689320392
0.09017027863777105
0.09062861550327858
0.09031514219830873
0.090421455938697
0.09049255441008068
0.09056316590563165
0.09063329541145251
0.09070294784580524
0.09114877589453846
0.09196696696696721
0.09203142536475835
0.09172259507829997
0.09178743961352692
0.09185185185185153
0.09191583610188248
0.09197939661515867
0.09167583425009194
0.09173976608187077
0.0928961748633876
0.09295570079883833
0.0933767643865364
0.09307359307359352
0.09349154980222904
0.09462365591397816
0.09503394069310438
0.09544159544159501
0.09584664536741168
0.09589525831564019
0.09629629629629582
0.09599156118143468
0.09603925692253705
0.09573724668064235
0.09578544061302638
0.09551927752691942
0.09591412742382212
0.09596133931653482
0.09600825877494856
0.09639794168096014
0.09781121751025924
0.09785202863961763
0.09789259007477943
0.09827177228058273
0.09864864864864796
0.0986864264061976
0.09838817998656836
0.10010043521928404
0.10080106809078793
0.10116472545757017
0.10119442601194369
0.1012574454003973
0.10095677994061397
0.10065789473684235
0.1003607740242702
0.10071942446043243
0.10140202151940052
0.10143042912873815
0.10178282009724494
0.10148674854557178
0.10119239445697725
0.10186375321336828
0.10189041973726379
0.10191693290734788
0.10162472124880564
0.10165184243964391
0.10199556541019904
0.10233733417561618
0.10236220472440888
0.1023869346733663
0.10303789539617947
0.10274828232354823
0.10370601058860132
0.10372670807453484
0.10405698358624922
0.10376775787523206
0.10378811210348053
0.10380835380835345
0.10352220520673786
0.10354306658521704
0.10417301248857717
0.10449574726609925
0.10511966070887681
0.10513595166163212
0.10515215426333291
0.10486778846153816
0.10548396763560175
0.1054991034070537
0.1058122205663195
0.10582639714625423
0.10613697005632919
0.10615020697811896
0.10704806841639565
0.10705882352941148
0.10677618069815208
0.10737273259216007
0.10767435074409146
0.10768335273573952
0.10740203193033422
0.10828025477707033
0.10886514582731684
0.10858294930875648
0.10887675955185369
0.10888252148997188
0.10888825378679626
0.10946408209806222
0.10918396360534613
0.10947249007373729
0.10947666195190994
0.10976297968397246
0.11032929918378793
0.11033127456485146
0.11005320638476697
0.11005586592178761
0.11005851212036741
0.11006114508060003
0.11006376490158029
0.11034292035398126
0.11062068965517184
0.11089708310401838
0.11089761185835825
0.11171960569550858
0.11199125921879345
0.11253405994550453
0.11280239195433477
0.11279826464208172
0.11252366783878784
0.11359956826767308
0.11386271870794039
0.11412459720730442
0.11411733190463319
0.11437733832175306
0.11490269261530209
0.11489361702127539
0.11541522950384628
0.11566966649020709
0.11539477158700744
0.1161749209694405
0.11642575558475582
0.11667540639748375
0.11666230708867259
0.1166492693110641
0.11663629263212714
0.11714285714285812
0.11764705882353
0.11814891416752858
0.11813257673458945
0.11837364899639674
0.11810012836970427
0.11782786885245797
0.11806797853309547
0.11856195818459908
0.11854489951666314
0.11903553299492423
0.11876424411243479
0.11899949469429022
0.11872951852785495
0.11896378269617773
0.11869510664993599
0.1186780170255393
0.1186610042468154
0.11864406779660942
0.11887590151703507
0.11885856079404447
0.11884129735082995
0.11956521739130377
0.11979295045600193
0.12026561731431529
0.12073619631901909
0.12071498530852195
0.1211825067187878
0.1211604095563147
0.12211140841644527
0.12305825242718343
0.12351658997336003
0.12348960850652456
0.12370388232457133
0.12391722810394573
0.1238895558223279
0.12386200287493852
0.12383456849151399
0.12428435114503701
0.12473220661747071
0.12494061757719868
0.12514813936951732
0.12582781456953468
0.12579655416568242
0.12576542628356083
0.12620446533489957
0.12687617260788164
0.12707699508542106
0.1270434376459591
0.12747611279421978
0.12816934170737326
0.12836583101207197
0.12925642807505053
0.1294498381877014
0.12987312572087514
0.12983425414364638
0.12979554330346726
0.12998624484181515
0.12994738046213825
0.1301369863013688
0.1303258145363419
0.13051386994088263
0.13070115724983108
0.1311141304347827
0.13107344632768508
0.1314839873703205
0.13189286518118284
0.1323000898472605
0.13292983635956135
0.1331096196868007
0.13328868050904114
0.13391265597148042
0.13453413386702232
0.1347092765201971
0.13466223698781662
0.13483642793987716
0.13567174056915932
0.1362835755173924
0.13667325862447616
0.1370614035087723
0.13722915298752614
0.137614678899083
0.1382166993677793
0.13816362053960055
0.13811074918566946
0.13849154746423892
0.13865455332035545
0.1388169257340241
0.13940960999784485
0.1399999999999993
0.14015883236745913
0.14053127677806318
0.14090228779132086
0.1410584720443862
0.14142705005324763
0.14158163265305987
0.14152344578824624
0.14146548072850715
0.14183047981399136
0.14219409282700501
0.1423457570014744
0.14291719209751955
0.14285714285714168
0.1432160804020119
0.14378265412747943
0.14351272423863085
0.14366021236727
0.1440149625935181
0.14436838830118123
0.1449275362318853
0.14507129572225666
0.1450082508250824
0.14535721638871504
0.14570489108097046
0.14543589743589871
0.14581200081917112
0.1461569910057213
0.14609263415629678
0.14623217922607104
0.146574507013621
0.14711850649350738
0.14745797042738537
0.1482005661140302
0.14853683148335045
0.14907332796132206
0.1488035391112012
0.1491368928141325
0.14966940492887326
0.15040000000000225
0.15072868836095113
0.15108630655770208
0.15101472343812303
0.15114200595829222
0.15166534496431355
0.1525826241836532
0.1527064401422379
0.15282981660421976
0.15275590551181298
0.15271226415094458
0.15361977633902468
0.1539365452408942
0.1542521994134892
0.1543715846994537
0.15468536917982006
0.15519253208868278
0.1556979227334513
0.15562015503875762
0.15592958018959077
0.15643105446118402
0.15693078850973458
0.15723633564280096
0.1571565802113326
0.1574606827771386
0.15776373731571885
0.1576834862385295
0.15817592062583563
0.1582857142857119
0.15858528237307254
0.15850417615793497
0.15861284820921312
0.1589103291713982
0.15939565627950802
0.1600678733031669
0.16036137775267895
0.16065388951521853
0.16150815981992347
0.1623595505617972
0.16208637128435177
0.16237402015677402
0.1626607043040781
0.16294642857143085
0.16304549675023428
0.16314423433444483
0.1634277253377752
0.16371027346636985
0.16454528684744602
0.16427255985266723
0.16473616473616548
0.16501468428781318
0.16565878687923535
0.16575192096597421
0.16584474885844921
0.1663019693654248
0.1665756417258352
0.16721192293711212
0.16730176011613093
0.1675724637681142
0.16784228612769198
0.1679306608884072
0.16819902650080984
0.16846652267818543
0.16837376460017958
0.168819519196268
0.16872649113379615
0.16899141630900982
0.16907695054454852
0.16969696969697196
0.16978109983982737
0.17022032693674224
0.17101295015079146
0.17127169677648021
0.17135278514589108
0.17164047324739445
0.1713681241184765
0.17162471395881193
0.17170474516695539
0.17231093174241252
0.17256482130343567
0.17281791149204231
0.17307020607754178
0.17332170880558187
0.17339832869080576
0.1734747088475587
0.1735508503991643
0.17362675446196058
0.17373247966776212
0.17415342087076588
0.17391304347826372
0.17381567614125892
0.17389060887512955
0.1743087755452549
0.17455418381343996
0.17462763225475017
0.1755555555555532
0.17613927291346532
0.1760395364689876
0.17611026033690438
0.17601087325857806
0.17625106022052728
0.17649051490514522
0.17639100287502113
0.17662951705504867
0.17653009610521234
0.1765993265993291
0.177004538577912
0.17740852635112747
0.17730853024970797
0.1780455153949147
0.17827903091061192
0.1785118451785098
0.17841079460269876
0.17914171656686892
0.17887394120578082
0.17893864013267305
0.1788375558867402
0.17926244418719867
0.17916116248348665
0.17971970321517142
0.1797826802765908
0.18017425612362103
0.18040052527905143
0.18062612686445015
0.1806873977086764
0.18107533910769757
0.18129895561357762
0.1818478083754308
0.1820696387894572
0.18229082047115774
0.18283582089552156
0.1827312489875287
0.18311226140407438
0.18365369084154828
0.1840322580645153
0.18457078434530735
0.18478610485686886
0.18532198490444451
0.18553559974342757
0.18574859887910164
0.18660057563159985
0.1869711001117717
0.18686224489795755
0.1873905429071787
0.18791732909380285
0.18796634386410613
0.18785668991756868
0.18806395440873772
0.18811255137527486
0.18847671665350832
0.18868221941992747
0.18904454588383315
0.18956303049355827
0.18995290423861527
0.18999843235616518
0.1903569192235426
0.19071439737376447
0.19060256009990906
0.19111457521433606
0.19131382316313894
0.19166796207057682
0.19186588016143813
0.19237327546116625
0.19256965944272184
0.19276549698562231
0.19311515899969423
0.19346385077848233
0.1936576354679837
0.19400461183704348
0.1945041449186349
0.1945423884715656
0.19503980404164478
0.19553585078733837
0.1958778625954259
0.19621893581338448
0.19655907429963732
0.19674623688611562
0.19678105071363958
0.19681576952236896
0.1970018170805591
0.1976410101315608
0.1976744186046575
0.19755692957321058
0.19804216867469587
0.1988268912618424
0.19915890657854965
0.1994900254987228
0.19967046135409905
0.19999999999999618
0.20002987750223675
0.20050723556616087
0.20083432657926795
0.20101175420324727
0.20133729569093545
0.2015135776821548
0.20198577356253639
0.20230871688619886
0.2029263966893361
0.20309963099630843
0.20327240566037288
0.20373914323568093
0.20376359894149218
0.20408163265306353
0.20381231671554728
0.20398301361839963
0.2042995027785942
0.20461515992405407
0.20463827304550214
0.20451565914057002
0.20424789060227205
0.2042713932878061
0.20414973882762405
0.20431821475148323
0.20463096960926053
0.20508744038156132
0.20510969976904994
0.20556436499928474
0.20558594874747743
0.20618260244427775
0.20649052268811605
0.20651082747741717
0.20653107991979652
0.20669432127020682
0.20699999999999674
0.20716222000285744
0.2076090054146441
0.20805464636403048
0.20821489482661093
0.2083747338538032
0.20924298270484534
0.20954268724337616
0.20941742081447895
0.20985736477898081
0.20987306064880618
0.21017044654177164
0.2104670793472102
0.21104397920471682
0.2111984282907606
0.21177295024526666
0.21220604703247237
0.21277785544527228
0.21306897514661102
0.21321991354065306
0.2136490250696424
0.2137988593684749
0.2138093914976447
0.214097405300395
0.21424611973393196
0.21467128027681207
0.21481891069946624
0.21496617423719175
0.214975179260896
0.21567277234541085
0.21595598349381182
0.21610111279022565
0.21652030735456113
0.21680142524325313
0.2172187243361579
0.21708817498291402
0.21750409612234256
0.21791899631800954
0.2179242713157155
0.21806556931029697
0.21834239130434502
0.21848283349165548
0.21848739495798575
0.2188980641667772
0.21903731746890784
0.21890614449695217
0.21917992986242743
0.21972248417081677
0.21986006458557705
0.21986292165032117
0.22000000000000394
0.22013674755328783
0.22040707016604597
0.22040925504882197
0.22054501736575466
0.22094729819880352
0.22121535181237326
0.22148276321043525
0.22148364796597417
0.22161731509759394
0.22188328912467178
0.2221486289574838
0.22254564699656545
0.22254526232325164
0.2230728616684194
0.22320369149638322
0.22359757703450914
0.2238590030251262
0.2239884393063508
0.22424878624852976
0.22450851900393537
0.22450582536981545
0.2243723849372363
0.22463105654956445
0.22515001304460663
0.22540716612376882
0.22569308863725054
0.22581903276130624
0.22633424230619734
0.226199740596627
0.22619510299260773
0.22631987577639043
0.2267028564042888
0.22708494706945204
0.2273372018052941
0.22784647089128912
0.22783995883185643
0.22809046517605092
0.22821203953279753
0.22871794871795506
0.2288385196568011
0.22895881299565618
0.2293343554363047
0.22970903522204697
0.23021032504779243
0.2309651133180572
0.23108228411547163
0.23119918699186442
0.23106204796345908
0.23143219264892134
0.23167489555639076
0.23191704602934315
0.23193532086912863
0.2317981072555153
0.2317872447693474
0.23202820093164062
0.23226861167002405
0.232634091194567
0.23274780426598998
0.23311191878682547
0.23347521281922196
0.23358759534825366
0.23407444416686649
0.23443543356206356
0.23442173479562337
0.2346570397111843
0.23464312360109135
0.23487765494968899
0.23486352357321022
0.23509728590902795
0.2354543203763241
0.23556324965994893
0.2356719367589044
0.23565700185071864
0.23576534385013548
0.23611966022406009
0.23659616330546815
0.23670310772632203
0.23717791411042008
0.23740654491972743
0.23787952987267622
0.23822917940566132
0.238822379672608
0.2388041488712594
0.23915163334957706
0.23937659807621034
0.23935782048163026
0.2393390839509295
0.239563106796124
0.2396654139895662
0.2400096875756879
0.24023224869965354
0.2402126631222908
0.24055522027761334
0.24041475765613216
0.24051547633384862
0.2410972088546805
0.24131714938108398
0.24153661464585258
0.24163568773233582
0.24185433636798348
0.2417135335646891
0.24193162801817386
0.2426268656716362
0.24308206106869615
0.2432979864172632
0.24318533507916223
0.24363852556480933
0.24397196816724326
0.24454200284765223
0.24475524475525196
0.2448496329623558
0.24494382022471747
0.245155954631368
0.2452496164286443
0.24557887290733632
0.24578965963962734
0.24599999999999705
0.24609237278175122
0.2467715426156297
0.24744927876157272
0.2475398313027291
0.24774722059683357
0.24783726911387327
0.2479271283428622
0.2483667755482967
0.24868896399019774
0.2488940628637871
0.24886614722643594
0.24895446096653703
0.24927468956712692
0.24936239276606842
0.249449913144193
0.2495372512725634
0.24997110828613342
0.25005772338950943
0.2502594856417961
0.2508064516129072
0.251122108412949
0.25143711197975877
0.25152176409784716
0.2518357044515711
0.2520343839541475
0.2520036638424646
0.25231613862518143
0.2525137111517459
0.2525967355324657
0.25279361459520167
0.2531039981774814
0.25318616294949114
0.2532681595998687
0.25334998864409564
0.253658536585374
0.2537398005439669
0.253934110721148
0.25435421850258816
0.25432154558806247
0.2544018058690708
0.2545946555417742
0.25444920027031837
0.254866659165064
0.2552832733813095
0.25569904548005906
0.2558896118465383
0.25607979379132706
0.2563815494850111
0.256487695749444
0.25667672365628647
0.25686537173475965
0.2569421211107396
0.2572415329768369
0.2572064552031136
0.2576161885701632
0.2579140286571181
0.2583222370172998
0.25861877840595354
0.25880398671095745
0.2590994579046195
0.2591732979663885
0.2595782267858976
0.259541142731091
0.2599449035812805
0.26012769704977307
0.260310128670412
0.2603823335530614
0.26081229418221114
0.26121285228643737
0.2615030674846543
0.2615738207288937
0.2616444347255641
0.2617149098853215
0.26189436927106935
0.26207347650715285
0.26214332389456463
0.2625394407572542
0.2629347826087043
0.26311217287434585
0.2630722499457495
0.26281564972362825
0.26299263750541774
0.2633856138453093
0.263561703047323
0.26395336284142823
0.2640207075064833
0.26430341558022413
0.2641550053821261
0.2644370362404566
0.2649333906317008
0.26510679403242154
0.26538708985632825
0.26555972147829837
0.26551797945204825
0.2657970704586643
0.26618243964964095
0.2664603564187511
0.2665245202558574
0.26669506869740545
0.267078101723779
0.26724779419580164
0.2672047578589654
0.2672679045092738
0.2674652814587117
0.26773988561744927
0.2681197756850989
0.26818181818183323
0.26845495828493104
0.2688330871491843
0.2689996837777889
0.26927127211455565
0.26933193056286436
0.26960269077149684
0.2698729391998297
0.2701426772975334
0.2705167173252293
0.2705759162303625
0.27063500366148374
0.270693979933124
0.27106609585463287
0.27104851330202956
0.2713154054617573
0.2715817973550021
0.2718476903870219
0.27221702525725755
0.2724818276220214
0.2726423902894361
0.27311359867329943
0.2733768251009659
0.2735361059383513
0.27369509043928314
0.2736472532011514
0.27370267203136744
0.27375798804370627
0.273738414006167
0.27389649140856603
0.2739514802631646
0.2744171716134282
0.2746767904781299
0.2745258841619813
0.2746825071691983
0.27473651898087487
0.2748926599877351
0.2749463793279529
0.27530612244898267
0.27566520542357775
0.27592177632917864
0.2760761168209951
0.27633184221228657
0.2765871000507733
0.27684189161761447
0.27699482915948753
0.2772487844408323
0.27729986843437315
0.27735085945400506
0.2773007374482264
0.27745256358497256
0.2777049510940684
0.27785613540198295
0.2778057372923856
0.2780571198712718
0.2783080478247701
0.2786589038345811
0.2787082539364019
0.27915831663327817
0.27930723796177204
0.27935587117423866
0.2796042770060925
0.27975239616615044
0.27999999999999753
0.28024715965718333
0.28029473264960003
0.2803422204536477
0.2803896232979014
0.2803376365441902
0.2807818235936148
0.2810269627279927
0.28146974348817194
0.2819117356026158
0.281957488877917
0.28220071118134354
0.2825421888877786
0.2826858607769775
0.2828292779036633
0.28307086614171645
0.2833120267479488
0.28365101198662324
0.28389123392559357
0.28403295409963963
0.28437040666340924
0.28451145486587914
0.28465225471973915
0.2845973416731802
0.28473781857240726
0.284878048780488
0.2849205575592166
0.284962991819246
0.28510265641723387
0.28533929613067466
0.2853812530354626
0.2856172360248506
0.285852807136621
0.28560356520055485
0.2858387377794918
0.28607350096712725
0.286404483524991
0.286831434639883
0.2870647246069305
0.28739398612182915
0.2875300914780972
0.2878583798345194
0.2880899740459634
0.2884172109104959
0.28864792246426424
0.28868648130391655
0.2889165628891781
0.2892419601837522
0.28947116763889147
0.28960443340339875
0.2899284009546309
0.2901564288439452
0.2902887639378781
0.2903256522567166
0.2903624774046177
0.29077946768059915
0.291005793522632
0.29113683810970253
0.2912676590499508
0.29149298976884586
0.29152863227637205
0.2915642141100721
0.2917887177548795
0.2918240181268954
0.2920479200075419
0.29236569274268726
0.29277709765515836
0.29271735039517205
0.29293973864811246
0.2933496148788251
0.2935710933833889
0.29397974493624485
0.294294012929824
0.2944205205017898
0.2946403516977005
0.2945794392523397
0.2947053879913997
0.2945512222429534
0.2946769833131437
0.29489567809239997
0.2951140065146474
0.2950530035335627
0.29499210257364006
0.29483847010770314
0.2948706056952134
0.2950880444856212
0.2950273173441896
0.29515173945226303
0.2951835074419708
0.29512285239238245
0.2954314720812282
0.2957395794909583
0.2961393163180763
0.2962621984901434
0.29647686505382354
0.29632352941177764
0.2964459546331132
0.29656817764728416
0.2966901989547968
0.29699523635028896
0.29729977116705786
0.2974208889701938
0.29781595540527644
0.29784514243974236
0.2980567466472063
0.29826800364629474
0.2985699972675218
0.29887149617765235
0.298990633809232
0.29920043612577607
0.29940989559689457
0.2998911465892651
0.29982778935917703
0.3001267886252595
0.3002443217808095
0.3002712477396096
0.30038847231006355
0.300686044412352
0.30080274195003365
0.30091925018024246
0.30103556956324606
0.30106172395176667
0.3012676436213379
0.30138339920949747
0.3015887263261614
0.30161434977579005
0.30163993189354704
0.30184455587392733
0.30222778920999516
0.30261040586446747
0.30299240732468763
0.3031952873973487
0.3032194773923309
0.3036000712885259
0.3036238981390768
0.30391459074731647
0.3038492310427685
0.3040504530112012
0.30442886305137834
0.30454061724013914
0.304652193176781
0.30494067646536277
0.30531717243210116
0.3055162659123132
0.3055383800017597
0.30564872021182365
0.3059352676602766
0.30604511808249624
0.30606674297789754
0.3062642970262358
0.3063736263736321
0.30674631061139984
0.3068550864565978
0.3070513944922046
0.30742266234334203
0.3074430823117486
0.30781345699534846
0.3080958209477418
0.3082030226260134
0.30839734636869914
0.3085041430440282
0.3083493114868107
0.30863014891578294
0.3088235294117632
0.3091035562125023
0.3090356211989573
0.30916825837817186
0.30953413724301265
0.3098127600554975
0.310004330879156
0.31019560325427964
0.3102136123843441
0.31031800898719103
0.31050859165873346
0.3107851596203671
0.3110612983877729
0.3112508614748293
0.31144013084271155
0.31154309306724404
0.3117318435754452
0.3117485400206152
0.3119368402986527
0.31221059852513816
0.31248393453857715
0.312585616438346
0.31294379330996086
0.3127030261583071
0.31297514307679364
0.3131614885626445
0.3132622601279244
0.31353332197031997
0.3135484969769105
0.31381892443839887
0.31391888444860194
0.3143585386575992
0.3146277273113432
0.3144723447573711
0.3147410358565729
0.31483991190920735
0.31502327549722375
0.31503721244925065
0.3152201470463845
0.31548724877552664
0.3155851826850102
0.31593591905566865
0.3160333642261137
0.31629904024244565
0.3164801884411507
0.3166610625420086
0.3168416631667438
0.317189860668135
0.3173697894825036
0.31738183037212525
0.317393853111123
0.3174895397489643
0.3177523204281259
0.31804128018717986
0.31813627254510396
0.31814768460574944
0.31824245456064115
0.318587019911719
0.31884781884783225
0.3189683860232876
0.3190622661900726
0.3191560059810609
0.3194986303643968
0.3195919044459145
0.31976792374634655
0.3199436806360794
0.32011917570140386
0.3203771088322985
0.3205520204941901
0.3206440957885953
0.32081854938523896
0.32082783641163454
0.3210018950317228
0.32109336407047706
0.32126696832578633
0.32144031568564657
0.3215312577014598
0.32178624199637973
0.32171273890575064
0.32188524590166173
0.322057498566639
0.322311343918819
0.32256481557209843
0.3229813664596147
0.32298897509189123
0.32291496654151974
0.32300415885181233
0.3231747066492652
0.3235078576662977
0.32375915378357595
0.3235222375803125
0.32361065973348063
0.32386132986928323
0.32403050462437943
0.32411836238348535
0.3240440699935049
0.3240508378531539
0.32413848891766733
0.3245493492846065
0.32487883683358715
0.3248849786100797
0.3248911114696037
0.32497783509309625
0.324983891752602
0.32498993963783973
0.32523725269420306
0.32524310857511934
0.3253292643752184
0.3254955461038306
0.3257417802726578
0.3259876592675421
0.3261531069827163
0.3263983356005158
0.32648328802177035
0.3268877347183313
0.3272117534334012
0.32737572807784776
0.3274597352894347
0.32770297187475034
0.32794585987264674
0.3281884000318385
0.32858960089045186
0.32851354572176894
0.32859637980313355
0.3285464931767493
0.32873453853474915
0.3290547500198071
0.329136975455252
0.3292982039718222
0.32932711314935864
0.32925094816690137
0.32949072246350974
0.32965125453683386
0.329969250177398
0.33020800504253994
0.3303676875836488
0.33052714398111704
0.3309222423146364
0.33115964802011943
0.33123969537566467
0.33131962968776657
0.3313994511956334
0.3315575054841504
0.3317153370390848
0.33202941636675826
0.3321866937690755
0.3323437500000008
0.33234444531187085
0.33242315493839475
0.33250175411240407
0.3328139607354273
0.3328921759439237
0.33312587521391684
0.3331260203685175
0.3334369173399875
0.33366974613774475
0.3337470907680386
0.3339018528567769
0.33405639913229884
0.33392691235675165
0.3340038684719527
0.33408071748877616
0.3342347214710774
0.33446571957995475
0.3346192423423985
0.3348496530454748
0.33515679174051644
0.3352325223282877
0.33530814803418296
0.33546055666613833
0.33553592009220584
0.33591830466832023
0.3362234328243487
0.33629811378625485
0.33644931422881186
0.3366003062787343
0.33682760731502615
0.33697813121274145
0.337204859784544
0.33750763591932986
0.33773368943148274
0.33788317828272413
0.3378800579135591
0.3378769418215254
0.33787382999768534
0.33794676806086665
0.33824758720266346
0.3385479951397209
0.33854443348255525
0.33876839071741616
0.33906782872302443
0.3391396546501377
0.3392870657685452
0.33935864468310367
0.3395812863729275
0.33957703927490884
0.3395727979470418
0.3396439885352462
0.3399412075073767
0.34008737571560527
0.3403838916070906
0.3405295622084943
0.3405246936781121
0.34051983173077593
0.3405149763531593
0.34081020255066374
0.34095509408504454
0.34094995504941916
0.341244291382788
0.34146341463411933
0.34145794392526635
0.3415271966527185
0.3418203539162081
0.34188927025819316
0.34218179106701213
0.342324888226542
0.34254225928957965
0.34275933918740714
0.3428273964453304
0.3430439952437332
0.34326030449314954
0.34325367374203675
0.34346955425352416
0.34361102875776567
0.34375231464336314
0.3438934122872085
0.3441082920334543
0.3443228858663899
0.3445371943562335
0.34475121807176884
0.34496495758026724
0.3451046888823738
0.3450968835187902
0.3453835959357932
0.34552277242293267
0.3458088235293807
0.34587405393488313
0.34601263034218505
0.34632320563631763
0.34660799413274135
0.3468191146291704
0.3468102248589848
0.34694773825208725
0.3470850705874092
0.34729532163740295
0.34743224486816143
0.34771499488974195
0.3477055519078112
0.3479877515310788
0.34790528233148554
0.3480413572156508
0.3483227825074905
0.34845840605006345
0.34844851391614473
0.3485838779956779
0.3488642136584866
0.3490716565128981
0.3492063492063492
0.3494857308416436
0.34961997828450464
0.34968171296297174
0.34996024000578724
0.35023840485480884
0.35037181430947234
0.3506493506493483
0.35085442353448465
0.3510592304366742
0.35111975228628645
0.35103626943002764
0.35102481121901036
0.3511571079488087
0.35143288084464436
0.3514929658340496
0.3514812423785726
0.3514695340502164
0.3514578408195151
0.3516609392898041
0.35193532231526375
0.3521378521378495
0.3521972132904769
0.3523993144815952
0.3527438806821957
0.35308800456425876
0.3529327916755834
0.3530626780626906
0.353263577478838
0.35353535353538684
0.3535935167412892
0.35358056265985466
0.3537806176783939
0.35383851284234535
0.35403814791177435
0.35430839002266984
0.35429502159900905
0.3544232130219533
0.3544805148879434
0.354537743850679
0.35466553648371485
0.3549343498517673
0.35513227513228507
0.35532994923859984
0.3553160008454563
0.35530207013100684
0.35549926113575164
0.35558056122094706
0.3555664886140205
0.35564765383532426
0.35570375570376817
0.3558299424723064
0.35595596999231716
0.35608183856499065
0.35613752538335697
0.35605318404479197
0.35631862367995626
0.3565837293821304
0.3568485017810655
0.357043138349871
0.3570282525287936
0.35722253206915583
0.35720755242805713
0.35754073248851226
0.3577343260733733
0.35785813630043534
0.358120786712058
0.35831365467426435
0.35857569237180204
0.35862930077691857
0.35896013864819976
0.3590827213523807
0.3592051512843339
0.3593274287296141
0.3593112509508719
0.359364201796817
0.3595552179018094
0.3596769740474637
0.3597295992274075
0.35971322211495826
0.3599724423010771
0.3600936381162517
0.3602834927406399
0.3604043460321886
0.360799945020953
0.3607829670329658
0.36090328780284814
0.36095486349291483
0.3612120381161168
0.3613318717456778
0.3614515576857097
0.3616395237443107
0.36162210216783636
0.3617413887370217
0.36192882999791404
0.36211604095563066
0.36230302203422465
0.3626261248977117
0.3628125638754728
0.36286259022202616
0.3629806056481596
0.3630984766049975
0.36328417046151706
0.3632658606167305
0.36338334125310784
0.36350067842603895
0.3634822699844381
0.36346388399510987
0.3635132389788277
0.3636302111532098
0.3636794048021524
0.36372853859675214
0.3639802742687708
0.3639616527140422
0.36401052560553865
0.36426163182742166
0.36444504346652234
0.36462823275862594
0.36494581678668736
0.36519574868830446
0.3653109243697155
0.3653587745229615
0.3655408581212999
0.36572272178229864
0.3657702367379555
0.365884718498648
0.3659990622279016
0.3661132681751273
0.3662273365892514
0.3664081305161471
0.36658870698294543
0.36663550153598407
0.3666154975639019
0.3667289220918201
0.3668422105192986
0.3670219853431086
0.36700179772291824
0.3670481767367897
0.3672275054864598
0.3675395453941062
0.36771836599139907
0.3679633563462837
0.36820805413651336
0.3683861556822769
0.3684977801338189
0.36860927152322864
0.36872063008803596
0.3688980023812624
0.36907516361474446
0.36911997885832404
0.36916474083856315
0.36920944965023006
0.3694519554178305
0.3694964408120327
0.3696726170871461
0.3697169190256477
0.3699585499045666
0.37013413992638006
0.37017809029376314
0.3703533429659763
0.3704627502461429
0.3707032274993192
0.37087786009306734
0.37111780893722995
0.37109554056706034
0.37120418848164577
0.37131270848322406
0.3714864688194778
0.37166002482522115
0.3717680856620786
0.37200652528550504
0.37217947045778954
0.372221860131616
0.372589890568046
0.3727621899616122
0.3730644111906643
0.3730411600234323
0.3730179360540229
0.373189582386188
0.3731662988446223
0.3733376581252076
0.37344398340248836
0.3735501846692435
0.3736562621422513
0.37369749530772617
0.37386804657177547
0.3740383993793944
0.37420855407678993
0.37444308129404125
0.3746773360867793
0.3746130030959578
0.37478244053372944
0.3749516814843055
0.3751207262893589
0.37528957528959744
0.3753939160074901
0.37549813600714804
0.3756022354981187
0.3758346173600243
0.37593840230986797
0.3761061946902926
0.37627379350121914
0.3763130924929201
0.37648037897696746
0.37671145233530173
0.37694225973528683
0.3770690867258628
0.3772355646397702
0.37759336099584934
0.3777593466887815
0.3776700886310189
0.37783583991841097
0.3779377109738012
0.37797581158498517
0.3781411031236289
0.3783062054934256
0.3785346635318538
0.3785723358313565
0.37886385274510764
0.3789647297639862
0.37912889114304943
0.37916613863897974
0.3792033436768159
0.37930379746838633
0.37934088177616737
0.37963080035399255
0.3797940228722783
0.38002020712299117
0.38018302303570156
0.3801564273999943
0.38019290172095005
0.3801663306451518
0.3803916629934859
0.3804908747639699
0.3805899742121841
0.3807518229821794
0.38078783690394613
0.38094939093303604
0.38098525258865684
0.38108379327648634
0.38124490691401863
0.3812805412855974
0.3813161354955664
0.3812265331664986
0.3811370317092802
0.38117264658078925
0.3814581120759308
0.3815559440559679
0.3818408736349504
0.3820631158787116
0.38216044380729924
0.3823199601295572
0.3824170350539117
0.38263845675173747
0.38261085888421525
0.38283192441566904
0.38286637261599327
0.38304874262655036
0.3832692069007898
0.3834274018482453
0.38352343168851144
0.38349544637882077
0.3835294117646881
0.38381087938607394
0.3837827808016237
0.38375471348212115
0.38378845916225607
0.38376041988272985
0.38397926437916535
0.3841361870103871
0.38423129083956625
0.3843262891997122
0.38429802955661196
0.3844544279647775
0.38454914503629406
0.3848281797503874
0.3849225854018312
0.3850782929075469
0.3852338284031215
0.3852665153652382
0.3854217753801115
0.3856994056736565
0.3857930189834276
0.3857641226513275
0.3858575972596234
0.3857675612887682
0.3859220334840845
0.3861374045801217
0.38629150390625
0.3864454340267497
0.38666016339474163
0.3867527877642747
0.38684531059687527
0.38693773205913284
0.3870300523177781
0.3871222715389011
0.38739669421486705
0.38754934709987426
0.38776253490351337
0.38779348419579424
0.38788503516853595
0.38803708866133707
0.38812840702608314
0.38815908953324957
0.38831074540177757
0.38852270665782046
0.3888553124622719
0.388945937783127
0.3890968365129199
0.38894587582217366
0.38903630442648046
0.3890663612801758
0.388975903614484
0.3890059606237975
0.38933686364183423
0.38954712215076637
0.38981726376536435
0.38996695704411705
0.39017653416601694
0.39032587169181765
0.39059500959696647
0.39074396019426955
0.39083283403239016
0.3909216120725566
0.39095044290154546
0.3910390620326757
0.3908884371637147
0.39103674932779225
0.3912446249403271
0.39133289560081796
0.3913614127192799
0.39150915270403414
0.3915971394517939
0.39162546905707846
0.3915347065127083
0.3916820372463234
0.39182921027589923
0.39203566121846023
0.3922418914102797
0.3922930768317402
0.39238027416768345
0.3927046263344885
0.3929100717292322
0.3929968005687731
0.39310671562241456
0.39331163065991526
0.3933388547089241
0.3934843020162335
0.39345231060163544
0.39359754296854654
0.3937426210153243
0.3938875449878762
0.39409128434962626
0.3941179937526031
0.3942624882187011
0.39434795407708373
0.39455101800636067
0.39463624066334707
0.3947213731483816
0.39474766464958244
0.39477392836172953
0.39503491988960054
0.39517832003750264
0.3950870610307079
0.3953474745107495
0.3954904831625484
0.3955162725356599
0.39571754519390223
0.395977078704309
0.3961778972590307
0.39637850467283736
0.3965205207542692
0.39677908740803547
0.3969207441534839
0.39694567498253164
0.39708709583454993
0.39711191335745133
0.3970203107723161
0.39710330386227904
0.3973024824137792
0.39744334689139343
0.39758406411525554
0.3978407244021104
0.3978650577247309
0.39806331903053477
0.39814546508255105
0.3982275254865429
0.39842528802181465
0.3983913898854801
0.39853102770233717
0.39855491329486314
0.3986943208735428
0.39889132694309
0.398972701564047
0.3989963082602903
0.3991351974632906
0.3993545784590783
0.3994355488998538
0.3996315698577654
0.3997123130033979
0.39962044970965066
0.39975859294173566
0.39983914517145497
0.3999770326137249
0.40005738880920344
0.4000803028564396
0.40027518202142215
0.4003552601420325
0.4004925262013112
0.400629650830052
0.4007666342467902
0.4009034766697077
0.4010973309710636
0.40123386267559774
0.401484441906988
0.401620634558379
0.40164261677973684
0.4016075704024988
0.4018574440202594
0.401993166287051
0.4020149126302381
0.40220730458534876
0.4022289190879175
0.40225051147989854
0.40238568588474655
0.40246394913131495
0.40265562049591974
0.4027336660617601
0.4029816903803269
0.4030594900850213
0.40319383883569154
0.4032714512112184
0.40346212592631286
0.40353952278633637
0.4037298671940945
0.4038635336647287
0.4041099757240541
0.4041868863559551
0.40432011730865025
0.4043968432920229
0.40452983266655895
0.4045500619438576
0.4045139866044
0.40459045904587493
0.4047230812482583
0.4047431718556083
0.40481941245861175
0.4048955760161909
0.4050277762191054
0.40510375771167795
0.40523571949098697
0.4053675481846535
0.4054432435459195
0.4055748348818401
0.4057622377622461
0.4058376202191645
0.4059129268429207
0.40598815774769803
0.40606331304780807
0.4061941964286205
0.4062691728484792
0.4063440740327896
0.406530339332464
0.406549342837984
0.40667965488453006
0.4068098364303843
0.4069398876717106
0.40706980880386306
0.4070329426143653
0.4072182121044381
0.4072368055941323
0.4074217883292847
0.40755114486889943
0.40756954449743754
0.40769869842154877
0.40771700620021506
0.4077352957449786
0.4077535670832227
0.4079376485545731
0.40812154696133274
0.4081395990943617
0.40810243956292586
0.40806531693059533
0.40824878694314737
0.4083769633508278
0.40833975983257115
0.4084127071518637
0.40837552278228906
0.4085583851273166
0.4085211654756092
0.40870377493274085
0.408886203866373
0.4090135587638693
0.40903105453752225
0.40921305182343776
0.4092852444638801
0.40946693694181924
0.4097032088489547
0.4098297849050527
0.4099562363237991
0.4101372409645002
0.410154115203876
0.4101163489375223
0.4103516051539482
0.4104774897681284
0.4107123377332357
0.410728888404244
0.41079991281606876
0.4108708675997719
0.4108873162765814
0.4110669786169431
0.41119208179248845
0.4113714192531871
0.4115505813321407
0.4117295682866495
0.411962657403346
0.4119785167904794
0.4122336098910252
0.4123577235772978
0.41253589035154853
0.4126055880441557
0.41256697515835417
0.4125283998701296
0.4125439307921548
0.41250540423692034
0.41279101172146304
0.4129143720980574
0.41309157627761406
0.4132686084141897
0.41339155749640905
0.4134066170923763
0.41336780309155313
0.4135443583118634
0.4137745493677189
0.4139507367967631
0.41412675374934843
0.41424887169573327
0.41426346597929103
0.4143853998927031
0.41450721605234186
0.4145752895752669
0.41469689660723585
0.414711239687187
0.41488621151278426
0.4150074930422186
0.41523564970838794
0.4153566463479188
0.41558441558447506
0.4157051282051268
0.4158791179454113
0.4158928380829929
0.4159598869152974
0.41597355512899215
0.41609379163334914
0.4162139128581737
0.4163871586009142
0.416560238399387
0.4167863411521158
0.4167995746943732
0.41697220893771436
0.41703845336728085
0.41721080851518766
0.41743606070250944
0.4176080615220675
0.41772688719248424
0.4178985852805469
0.41801715919919863
0.4180826848763742
0.41814814814807255
0.4182135491035777
0.41817316841110236
0.41834416442127126
0.4184621884242213
0.41852731591442976
0.41853962224337565
0.41862672713848786
0.4186389752781145
0.41886195995790265
0.41892674706406063
0.4189082486707962
0.4190255708724101
0.4191953720747053
0.4193124474349017
0.4193768717490353
0.41944123516431464
0.4196105191329115
0.41977964323190553
0.41994860768791636
0.42011741272675246
0.4202860585738215
0.42040217846675904
0.4205181889557597
0.42063409019571735
0.4206975892903457
0.420813297093849
0.4208766522125017
0.42099216710189585
0.4210553786731854
0.4212228714524067
0.42128591541954663
0.4213489002398339
0.42146392289662676
0.4215267652571808
0.4216936449279512
0.4217042971594575
0.4218709375487234
0.42193347193351577
0.4220998493428786
0.42205836535470276
0.42212072455498556
0.42223490350692255
0.4224008296603837
0.4224111122629414
0.42242138527686657
0.4225352112675576
0.422597174059241
0.4226590791515335
0.4228760535704733
0.42304114120323755
0.4232060753215655
0.4233192192502834
0.423329032258062
0.4234936029714457
0.4235033259423034
0.4236676631274652
0.4237288135592435
0.4238414006178842
0.4239538833701571
0.4240148163390894
0.4242813801614179
0.424393503289391
0.4245055227330712
0.42466878915481915
0.424729251141991
0.4248922634926749
0.42500384595664603
0.42511532547405795
0.4252267021875519
0.42513314215486375
0.4252955929773683
0.42530441010944603
0.4253643569420037
0.4255775914945283
0.42573953916115986
0.42585027065669806
0.4260119442600815
0.426122448979501
0.4262838492528403
0.42639412784183744
0.42650430529377936
0.4264616011407279
0.4265716467293885
0.42673247176144724
0.4267914356914826
0.42685034566891217
0.42690920176812946
0.4268156424581613
0.4269759886288817
0.42708544753405975
0.4271948065121063
0.42735476021498814
0.42746389663035106
0.4274716369529387
0.42758062066528657
0.4277907094423033
0.4278488695565036
0.4280080889788274
0.4280660973267715
0.4282250732396619
0.4283839046801559
0.4285425918449154
0.4287515762925819
0.42890995260669973
0.4290177896487104
0.4290751561555091
0.4293338703992126
0.4293910417714746
0.42954877005879416
0.4296057924375674
0.429662763230727
0.4297196825077757
0.42972633693187706
0.42978317606898164
0.4298901319420932
0.42999699127465857
0.43010375419768676
0.43016032064130477
0.43031699133664014
0.4305235759334632
