0.0
0.846153846153846
1.0
0.6666666666666666
0.0
0.7
1.0
0.5833333333333333
0.0
0.8
1.0
0.8
0.0
0.6666666666666669
0.0
1.0
0.5
0.5
1.0
0.6666666666666666
1.0
0.75
0.6666666666666666
1.0
1.0
1.0
0.5833333333333333
0.5
1.0
0.5
1.0
1.0
0.3333333333333333
1.0
0.8333333333333333
1.0
1.0
1.0
0.4
1.0
0.5
0.0
0.4
0.0
0.3333333333333333
1.0
1.0
0.0
0.75
0.0
0.75
1.0
0.5
1.0
0.3333333333333333
0.0
0.5
1.0
0.0
0.5
1.0
1.0
0.7272727272727274
1.0
1.0
1.0
1.0
0.0
1.0
0.5
0.6666666666666666
1.0
0.5555555555555556
1.0
0.5
0.0
1.0
1.0
1.0
0.5
1.0
0.5
1.0
0.7999999999999999
1.0
0.8500000000000002
0.5
0.0
0.42857142857142855
0.0
1.0
1.0
0.7777777777777779
1.0
0.5
1.0
0.3333333333333333
1.0
0.75
1.0
0.42857142857142855
1.0
1.0
1.0
0.5
1.0
0.9999999999999999
1.0
0.6666666666666667
1.0
0.9999999999999999
1.0
0.5
1.0
1.0
0.75
1.0
1.0
1.0
0.5714285714285714
1.0
0.75
1.0
0.5833333333333333
1.0
1.0
1.0
1.0
1.0
1.0
1.0
0.75
0.3333333333333333
1.0
0.6923076923076923
1.0
0.3333333333333333
1.0
1.0
0.0
1.0
1.0
0.6666666666666666
1.0
0.7111111111111111
1.0
1.0
1.0
1.0
1.0
1.0
1.0
0.6666666666666666
1.0
1.0
1.0
1.0
1.0
1.0
0.8999999999999999
0.5
1.0
0.5
1.0
0.75
1.0
1.0
1.0
0.4
0.8333333333333334
1.0
0.9166666666666667
1.0
0.8
1.0
0.5
0.5
1.0
1.0
0.8181818181818183
1.0
1.0
1.0
0.875
0.0
0.0
1.0
0.0
1.0
1.0
0.6666666666666666
1.0
0.0
0.8
1.0
1.0
0.5
1.0
1.0
1.0
1.0
1.0
1.0
0.8888888888888891
0.5
0.5
1.0
1.0
1.0
1.0
1.0
1.0
1.0
1.0
1.0
0.4
1.0
0.3333333333333333
1.0
0.0
0.6666666666666666
1.0
0.7777777777777779
1.0
0.0
1.0
0.0
0.6666666666666666
1.0
0.6666666666666666
1.0
0.0
1.0
0.0
1.0
1.0
1.0
0.8
1.0
0.6000000000000001
0.5
1.0
0.6000000000000001
1.0
0.3333333333333333
1.0
1.0
1.0
1.0
1.0
1.0
0.5
0.0
1.0
1.0
0.6666666666666666
1.0
1.0
1.0
0.8333333333333333
1.0
1.0
1.0
1.0
1.0
1.0
1.0
1.0
1.0
0.5
0.0
1.0
1.0
1.0
1.0
0.5
1.0
0.8
1.0
1.0
0.75
1.0
0.5
1.0
1.0
0.0
1.0
1.0
1.0
0.5
1.0
1.0
0.0
0.5555555555555556
1.0
1.0
0.6
1.0
0.8333333333333333
1.0
1.0
1.0
1.0
1.0
1.0
1.0
1.0
1.0
1.0
0.0
0.75
0.0
0.5
1.0
1.0
1.0
1.0
0.8333333333333333
1.0
0.6666666666666666
1.0
1.0
0.0
0.25
0.0
0.0
1.0
1.0
1.0
0.5
0.5
1.0
1.0
1.0
1.0
1.0
1.0
1.0
1.0
1.0
0.6666666666666666
0.5
1.0
1.0
1.0
0.8
1.0
1.0
1.0
1.0
1.0
1.0
1.0
0.8
1.0
1.0
1.0
1.0
1.0
1.0
1.0
1.0
1.0
1.0
0.75
1.0
1.0
1.0
0.6666666666666666
1.0
0.5714285714285714
1.0
1.0
0.3333333333333333
0.7
0.0
1.0
1.0
1.0
1.0
0.0
0.5
0.5
1.0
0.5
1.0
1.0
1.0
0.0
1.0
1.0
1.0
0.5
1.0
1.0
0.5
0.5
0.5
1.0
1.0
1.0
1.0
0.5
0.0
1.0
1.0
1.0
1.0
1.0
0.0
0.5
1.0
1.0
1.0
1.0
0.0
0.8
0.0
1.0
1.0
0.75
1.0
0.5
1.0
1.0
1.0
1.0
1.0
1.0
0.0
1.0
0.4
1.0
1.0
1.0
0.5
1.0
1.0
1.0
0.0
1.0
1.0
0.6666666666666666
1.0
1.0
1.0
1.0
1.0
1.0
1.0
1.0
1.0
1.0
1.0
1.0
1.0
1.0
0.5
1.0
0.0
1.0
1.0
0.5
1.0
1.0
1.0
1.0
1.0
1.0
1.0
1.0
0.6666666666666666
1.0
1.0
1.0
0.0
1.0
0.5
1.0
0.8
1.0
1.0
1.0
0.6000000000000001
0.0
0.5
1.0
1.0
0.0
1.0
1.0
0.0
0.5
1.0
1.0
1.0
1.0
1.0
1.0
1.0
1.0
1.0
1.0
0.2857142857142857
1.0
0.0
1.0
1.0
1.0
0.6666666666666666
1.0
0.0
1.0
1.0
1.0
1.0
0.5
1.0
1.0
0.5
1.0
0.6000000000000001
1.0
1.0
1.0
0.0
0.5
0.5
1.0
1.0
1.0
1.0
1.0
0.5
1.0
1.0
1.0
1.0
1.0
1.0
0.0
1.0
1.0
0.0
1.0
1.0
1.0
1.0
1.0
1.0
1.0
0.5
0.5
1.0
1.0
1.0
1.0
1.0
1.0
0.5
0.3333333333333333
1.0
0.0
0.5
1.0
1.0
1.0
0.0
1.0
0.0
0.0
1.0
1.0
1.0
0.0
0.5
1.0
0.0
1.0
1.0
1.0
0.6666666666666666
1.0
1.0
1.0
0.0
1.0
1.0
1.0
1.0
1.0
1.0
1.0
1.0
0.0
0.0
0.0
0.0
0.0
0.0
0.0
0.0
0.0
0.0
0.0
0.0
0.0
0.0
0.0
0.0
0.0
0.0
0.0
0.0
0.0
0.0
0.0
0.0
0.0
0.5
0.0
0.0
0.0
0.0
0.0
0.0
1.0
0.0
0.0
0.0
0.0
0.0
0.0
0.0
0.0
0.0
0.0
0.0
0.0
0.0
0.0
0.0
0.0
0.0
0.0
0.0
0.0
0.0
1.0
0.0
0.0
0.0
0.0
0.0
0.0
0.0
0.0
0.0
0.0
0.0
0.0
0.0
0.0
0.0
0.0
0.0
0.0
0.0
0.0
0.0
0.0
0.0
0.0
0.0
0.0
0.0
0.0
0.0
0.0
0.0
0.0
0.0
0.0
0.0
0.0
0.0
0.0
0.0
0.0
0.0
0.0
0.0
0.0
0.0
0.0
0.0
0.0
0.0
0.0
0.0
0.0
0.0
0.0
0.0
0.0
1.0
1.0
0.0
0.0
0.0
0.0
0.0
0.0
0.0
0.0
0.0
0.0
0.0
0.0
0.0
0.0
0.0
0.0
0.0
0.0
0.0
0.0
0.0
0.0
0.0
0.0
0.0
0.0
0.0
0.0
0.0
0.0
0.0
0.0
0.0
0.0
0.0
0.0
0.0
0.0
0.0
0.0
0.0
0.0
0.0
0.0
0.0
0.0
0.0
0.0
0.0
0.0
0.0
0.0
0.0
0.0
0.5
0.0
0.0
0.0
0.0
0.0
0.0
0.0
0.0
1.0
0.0
0.0
0.0
0.0
0.0
0.0
0.0
0.0
0.0
0.0
0.0
0.0
0.0
0.0
0.0
0.0
0.0
0.0
0.0
0.0
0.0
0.0
0.0
0.0
0.0
0.0
0.0
0.0
0.0
0.0
0.0
0.0
0.0
0.0
0.0
0.0
0.0
0.0
0.0
0.0
0.0
0.0
0.0
0.0
1.0
0.0
0.0
0.0
0.0
0.0
0.0
0.0
0.0
0.0
0.0
0.0
0.0
0.0
0.0
0.0
0.0
0.0
0.0
0.0
0.0
0.0
0.0
0.0
0.0
0.0
0.0
0.0
0.0
0.0
0.0
0.0
0.0
0.0
0.0
0.0
0.0
0.0
0.0
0.0
0.0
0.0
0.0
0.0
0.0
0.0
0.0
0.0
0.0
0.0
0.0
0.0
0.0
0.0
0.0
0.0
0.0
0.0
0.0
0.0
0.0
0.0
0.0
0.0
0.0
1.0
0.0
0.0
0.0
0.0
0.0
0.0
0.0
0.0
0.0
0.0
0.0
0.0
0.0
0.0
0.0
0.0
0.0
0.0
0.0
0.0
0.0
0.0
0.0
0.0
0.0
0.0
0.0
0.0
0.0
0.0
0.0
0.0
0.0
0.0
0.0
0.0
0.0
1.0
0.0
0.0
0.0
0.0
0.0
0.0
0.0
0.0
0.0
0.0
0.0
0.0
0.0
1.0
0.0
0.0
0.0
0.0
0.0
0.0
0.0
0.0
0.0
0.0
0.0
0.0
0.0
0.0
0.0
0.0
0.0
0.0
0.0
0.0
0.0
0.0
0.0
0.0
0.0
0.0
0.0
0.0
0.0
0.0
0.0
0.0
0.0
0.0
0.0
0.0
0.0
0.0
0.0
0.0
0.0
0.0
0.0
0.0
0.0
0.0
0.0
0.0
0.0
0.0
0.0
0.0
0.0
0.0
0.0
0.0
0.0
0.0
0.0
0.0
0.0
0.0
0.0
0.0
0.0
0.0
0.0
0.0
0.0
0.0
0.0
0.0
0.0
0.0
0.0
0.0
0.0
0.0
0.0
0.0
0.0
0.0
0.0
0.0
0.0
0.0
0.0
0.0
0.0
0.0
0.0
0.0
0.0
0.0
0.0
0.0
0.0
0.0
0.0
0.0
0.0
0.0
0.0
0.0
0.0
0.0
0.0
0.0
0.0
0.0
0.0
0.0
0.0
0.0
0.0
0.0
0.0
0.0
0.0
0.0
0.0
0.0
0.0
0.0
0.0
0.0
0.0
0.0
1.0
1.0
1.0
1.0
0.0
1.0
1.0
0.0
1.0
0.0
1.0
1.0
1.0
1.0
1.0
1.0
1.0
0.0
1.0
1.0
1.0
0.0
1.0
1.0
1.0
1.0
1.0
1.0
0.0
0.0
1.0
1.0
1.0
1.0
0.0
1.0
1.0
1.0
1.0
1.0
0.0
1.0
1.0
1.0
0.0
1.0
1.0
1.0
1.0
0.0
1.0
1.0
0.0
1.0
1.0
0.0
0.0
1.0
1.0
1.0
1.0
1.0
1.0
1.0
1.0
1.0
1.0
1.0
0.0
1.0
1.0
1.0
1.0
0.0
1.0
1.0
0.0
1.0
1.0
1.0
1.0
1.0
0.0
1.0
0.0
0.0
1.0
1.0
0.0
1.0
0.0
1.0
1.0
1.0
1.0
1.0
0.0
1.0
1.0
0.0
1.0
1.0
1.0
0.0
1.0
1.0
1.0
1.0
1.0
1.0
0.0
1.0
0.0
0.0
0.0
1.0
0.0
1.0
1.0
1.0
1.0
0.0
1.0
1.0
1.0
1.0
1.0
1.0
1.0
1.0
1.0
1.0
1.0
0.0
0.0
0.0
1.0
0.0
0.0
0.0
1.0
1.0
0.0
1.0
1.0
1.0
1.0
1.0
1.0
1.0
0.0
1.0
1.0
0.0
1.0
1.0
1.0
1.0
0.0
1.0
1.0
1.0
0.0
1.0
0.0
1.0
1.0
1.0
0.0
0.0
1.0
0.0
1.0
1.0
0.0
1.0
0.0
1.0
1.0
1.0
0.0
1.0
1.0
0.0
1.0
1.0
1.0
1.0
1.0
1.0
1.0
1.0
0.0
0.0
1.0
1.0
0.0
1.0
1.0
1.0
1.0
0.0
0.0
1.0
1.0
1.0
0.0
1.0
0.0
1.0
1.0
0.0
1.0
0.0
1.0
0.0
1.0
1.0
1.0
1.0
0.0
1.0
1.0
1.0
1.0
0.0
1.0
1.0
1.0
1.0
1.0
1.0
1.0
1.0
1.0
1.0
1.0
1.0
1.0
0.0
0.0
0.0
0.0
1.0
0.0
1.0
1.0
1.0
0.0
1.0
1.0
1.0
0.0
1.0
1.0
0.0
0.0
1.0
1.0
1.0
1.0
1.0
0.0
0.0
1.0
1.0
1.0
0.0
1.0
1.0
0.0
0.0
0.0
1.0
0.0
1.0
1.0
1.0
0.0
1.0
1.0
1.0
1.0
0.0
1.0
1.0
1.0
1.0
1.0
1.0
1.0
0.0
0.0
1.0
1.0
0.0
1.0
1.0
1.0
1.0
1.0
1.0
1.0
1.0
0.0
0.0
1.0
1.0
0.0
1.0
1.0
1.0
1.0
1.0
1.0
1.0
1.0
1.0
0.0
1.0
0.0
1.0
0.0
1.0
1.0
1.0
1.0
1.0
0.0
1.0
0.0
1.0
1.0
1.0
1.0
1.0
1.0
1.0
1.0
1.0
1.0
1.0
1.0
1.0
1.0
0.0
1.0
0.0
0.0
1.0
1.0
1.0
1.0
1.0
1.0
1.0
1.0
1.0
1.0
0.0
0.0
1.0
1.0
1.0
1.0
1.0
1.0
0.0
1.0
1.0
1.0
1.0
1.0
1.0
1.0
0.0
1.0
1.0
0.0
1.0
1.0
0.0
0.0
0.0
0.0
1.0
1.0
1.0
1.0
1.0
0.0
1.0
0.0
0.0
1.0
1.0
1.0
0.0
1.0
1.0
1.0
0.0
1.0
0.0
0.0
1.0
