0.351555136663525
0.352165725047081
0.3527751646284102
0.3533834586466165
0.3539906103286385
0.3545966228893058
0.35520149953139646
0.35580524344569286
0.35640785781103834
0.35700934579439253
0.357609710550887
0.3582089552238806
0.35880708294501396
0.35940409683426444
0.36
0.36059479553903345
0.36118848653667596
0.36178107606679033
0.3623725671918443
0.362962962962963
0.3635522664199815
0.36414048059149723
0.36472760849492153
0.36531365313653136
0.36589861751152075
0.3664825046040516
0.3670653173873045
0.36764705882352944
0.3682277318640955
0.3688073394495413
0.3693858845096242
0.36996336996337
0.3705397987191217
0.3711151736745887
0.37168949771689497
0.3722627737226277
0.37283500455788515
0.37340619307832423
0.3739763421292084
0.37454545454545457
0.3751135331516803
0.37568058076225047
0.37624660018132366
0.37681159420289856
0.3773755656108597
0.3779385171790235
0.3785004516711834
0.37906137184115524
0.37962128043282234
0.3801801801801802
0.38073807380738073
0.381294964028777
0.38185085354896675
0.38240574506283664
0.3829596412556054
0.3835125448028674
0.38406445837063563
0.38461538461538464
0.38516532618409294
0.38571428571428573
0.3862622658340767
0.3868092691622103
0.3873552983081033
0.3879003558718861
0.3884444444444444
0.38898756660746003
0.3895297249334516
0.3900709219858156
0.3906111603188663
0.3911504424778761
0.3916887709991158
0.392226148409894
0.39276257722859664
0.3932980599647266
0.39383259911894275
0.39436619718309857
0.39489885664028146
0.3954305799648506
0.39596136962247586
0.39649122807017545
0.3970201577563541
0.3975481611208406
0.39807524059492566
0.3986013986013986
0.39912663755458516
0.39965095986038396
0.4001743679163034
0.40069686411149824
0.4012184508268059
0.4017391304347826
0.40225890529973934
0.4027777777777778
0.4032957502168257
0.4038128249566724
0.4043290043290043
0.40484429065743943
0.40535868625756266
0.4058721934369603
0.40638481449525454
0.4068965517241379
0.4074074074074074
0.4079173838209983
0.40842648323301806
0.40893470790378006
0.4094420600858369
0.4099485420240137
0.4104541559554413
0.410958904109589
0.41146278870829767
0.41196581196581195
0.41246797608881297
0.4129692832764505
0.4134697357203751
0.41396933560477
0.414468085106383
0.41496598639455784
0.4154630416312659
0.4159592529711375
0.4164546225614928
0.41694915254237286
0.4174428450465707
0.4179357021996616
0.4184277261200338
0.4189189189189189
0.41940928270042194
0.41989881956155145
0.42038753159224934
0.4208754208754209
0.4213624894869638
0.4218487394957983
0.42233417296389586
0.4228187919463087
0.42330259849119867
0.423785594639866
0.42426778242677826
0.42474916387959866
0.4252297410192147
0.4257095158597663
0.4261884904086739
0.4266666666666667
0.42714404662781014
0.4276206322795341
0.42809642560266004
0.42857142857142855
0.42904564315352695
0.4295190713101161
0.4299917149958575
0.4304635761589404
0.43093465674110837
0.43140495867768597
0.4318744838976053
0.43234323432343236
0.43281121187139326
0.4332784184514003
0.4337448559670782
0.4342105263157895
0.43467543138866066
0.4351395730706076
0.43560295324036097
0.4360655737704918
0.43652743652743653
0.4369885433715221
0.437448896156991
0.43790849673202614
0.4383673469387755
0.43882544861337686
0.4392828035859821
0.43973941368078173
0.4401952807160293
0.44065040650406506
0.44110479285134035
0.44155844155844154
0.4420113544201135
0.44246353322528365
0.44291497975708505
0.44336569579288027
0.44381568310428454
0.44426494345718903
0.4447134786117837
0.44516129032258067
0.44560838033843675
0.44605475040257647
0.4465004022526146
0.44694533762057875
0.44738955823293175
0.4478330658105939
0.4482758620689655
0.44871794871794873
0.44915932746196957
0.4496
0.45003996802557955
0.4504792332268371
0.4509177972865124
0.4513556618819777
0.45179282868525894
0.45222929936305734
0.4526650755767701
0.45310015898251194
0.45353455123113584
0.45396825396825397
0.4544012688342585
0.4548335974643423
0.4552652414885194
0.45569620253164556
0.4561264822134387
0.4565560821484992
0.4569850039463299
0.45741324921135645
0.4578408195429472
0.4582677165354331
0.45869394177812745
0.4591194968553459
0.4595443833464258
0.4599686028257457
0.4603921568627451
0.4608150470219436
0.46123727486296007
0.4616588419405321
0.4620797498045348
0.4625
0.46291959406713507
0.46333853354134164
0.4637568199532346
0.46417445482866043
0.46459143968871597
0.46500777604976673
0.4654234654234654
0.4658385093167702
0.4662529092319628
0.4666666666666667
0.4670797831138652
0.4674922600619195
0.46790409899458624
0.46831530139103555
0.46872586872586874
0.4691358024691358
0.46954510408635314
0.4699537750385208
0.4703618167821401
0.4707692307692308
0.4711760184473482
0.4715821812596006
0.47198772064466615
0.4723926380368098
0.4727969348659004
0.47320061255742724
0.47360367253251723
0.4740061162079511
0.4744079449961803
0.47480916030534354
0.475209763539283
0.47560975609756095
0.476009139375476
0.4764079147640791
0.4768060836501901
0.47720364741641336
0.4776006074411541
0.4779969650986343
0.4783927217589083
0.47878787878787876
0.47918243754731266
0.4795763993948563
0.4799697656840514
0.48036253776435045
0.4807547169811321
0.48114630467571645
0.48153730218538054
0.4819277108433735
0.4823175319789315
0.48270676691729325
0.4830954169797145
0.48348348348348347
0.4838709677419355
0.48425787106446777
0.4846441947565543
0.48502994011976047
0.48541510845175767
0.4857997010463378
0.48618371919342795
0.48656716417910445
0.48695003728560776
0.4873323397913562
0.48771407297096053
0.4880952380952381
0.4884758364312268
0.4888558692421991
0.4892353377876763
0.4896142433234421
0.4899925871015567
0.49037037037037035
0.49074759437453735
0.4911242603550296
0.49150036954915005
0.4918759231905465
0.4922509225092251
0.49262536873156343
0.49299926308032427
0.49337260677466865
0.49374540103016923
0.49411764705882355
0.49448934606906686
0.4948604992657856
0.49523110785033014
0.49560117302052786
0.495970695970696
0.49633967789165445
0.4967081199707388
0.49707602339181284
0.4974433893352812
0.4978102189781022
0.49817651349380015
0.49854227405247814
0.4989075018208303
0.4992721979621543
0.49963636363636366
0.5
0.5003631082062454
0.5007256894049347
0.5010877447425671
0.5014492753623189
0.501810282404055
0.5021707670043415
0.502530730296457
0.5028901734104047
0.5032490974729242
0.5036075036075036
0.5039653929343908
0.5043227665706052
0.5046796256299496
0.5050359712230216
0.505391804457225
0.5057471264367817
0.5061019382627423
0.5064562410329986
0.5068100358422939
0.5071633237822349
0.5075161059413028
0.5078683834048641
0.5082201572551823
0.5085714285714286
0.5089221984296931
0.5092724679029957
0.5096222380612973
0.50997150997151
0.5103202846975089
0.5106685633001422
0.5110163468372424
0.5113636363636364
0.5117104329311568
0.5120567375886524
0.5124025513819985
0.5127478753541076
0.5130927105449399
0.5134370579915134
0.5137809187279152
0.5141242937853108
0.5144671841919548
0.5148095909732017
0.5151515151515151
0.5154929577464789
0.5158339197748065
0.5161744022503516
0.516514406184118
0.5168539325842697
0.5171929824561403
0.517531556802244
0.5178696566222845
0.5182072829131653
0.5185444366689993
0.5188811188811189
0.5192173305380853
0.5195530726256983
0.5198883461270063
0.5202231520223152
0.5205574912891986
0.520891364902507
0.5212247738343772
0.521557719054242
0.5218902015288395
0.5222222222222223
0.5225537820957669
0.5228848821081831
0.5232155232155232
0.5235457063711911
0.5238754325259516
0.5242047026279392
0.5245335176226675
0.5248618784530387
0.5251897860593513
0.5255172413793103
0.5258442453480359
0.5261707988980716
0.5264969029593943
0.5268225584594223
0.5271477663230241
0.5274725274725275
0.5277968428277282
0.5281207133058985
0.5284441398217957
0.5287671232876713
0.5290896646132786
0.5294117647058824
0.5297334244702666
0.5300546448087432
0.5303754266211604
0.5306957708049114
0.5310156782549421
0.5313351498637602
0.5316541865214431
0.5319727891156463
0.5322909585316111
0.532608695652174
0.5329260013577732
0.5332428765264586
0.5335593220338983
0.5338753387533876
0.5341909275558565
0.5345060893098782
0.5348208248816768
0.5351351351351351
0.5354490209318028
0.5357624831309041
0.5360755225893459
0.5363881401617251
0.5367003367003367
0.5370121130551817
0.5373234700739744
0.5376344086021505
0.5379449294828744
0.538255033557047
0.5385647216633133
0.5388739946380697
0.5391828533154722
0.5394912985274432
0.539799331103679
0.5401069518716578
0.5404141616566466
0.540720961281709
0.5410273515677118
0.5413333333333333
0.5416389073950699
0.5419440745672437
0.5422488356620093
0.5425531914893617
0.5428571428571428
0.5431606905710491
0.5434638354346384
0.5437665782493368
0.5440689198144466
0.5443708609271524
0.5446724023825281
0.544973544973545
0.5452742894910774
0.5455746367239102
0.5458745874587458
0.5461741424802111
0.5464733025708636
0.546772068511199
0.5470704410796576
0.5473684210526316
0.5476660092044707
0.5479632063074902
0.5482600131319764
0.5485564304461942
0.5488524590163935
0.5491480996068152
0.5494433529796987
0.5497382198952879
0.5500327011118378
0.550326797385621
0.550620509470934
0.5509138381201044
0.5512067840834964
0.5514993481095176
0.5517915309446254
0.5520833333333334
0.5523747560182173
0.552665799739922
0.552956465237167
0.5532467532467532
0.5535366645035691
0.5538261997405967
0.5541153596889177
0.5544041450777202
0.5546925566343042
0.5549805950840879
0.5552682611506141
0.5555555555555556
0.5558424790187217
0.5561290322580645
0.556415215989684
0.5567010309278351
0.5569864777849324
0.5572715572715573
0.557556270096463
0.5578406169665809
0.5581245985870263
0.558408215661104
0.5586914688903143
0.558974358974359
0.5592568866111467
0.559539052496799
0.5598208573256558
0.5601023017902813
0.5603833865814697
0.5606641123882503
0.5609444798978941
0.5612244897959183
0.5615041427660931
0.5617834394904458
0.562062380649268
0.5623409669211196
0.5626191989828353
0.5628970775095299
0.5631746031746032
0.5634517766497462
0.5637285986049461
0.5640050697084917
0.5642811906269791
0.5645569620253165
0.5648323845667299
0.5651074589127687
0.5653821857233101
0.5656565656565656
0.5659305993690852
0.5662042875157629
0.5664776307498425
0.5667506297229219
0.5670232850849591
0.5672955974842767
0.5675675675675675
0.5678391959798995
0.5681104833647207
0.5683814303638645
0.5686520376175549
0.568922305764411
0.5691922354414527
0.5694618272841051
0.5697310819262039
0.57
0.5702685821361649
0.5705368289637952
0.570804741110418
0.571072319201995
0.5713395638629284
0.5716064757160647
0.5718730553827007
0.572139303482587
0.5724052206339342
0.5726708074534161
0.5729360645561763
0.5732009925558312
0.5734655920644761
0.573729863692689
0.5739938080495356
0.5742574257425742
0.5745207173778603
0.5747836835599506
0.5750463248919085
0.5753086419753086
0.5755706354102406
0.5758323057953144
0.5760936537276649
0.5763546798029556
0.5766153846153846
0.5768757687576875
0.5771358328211432
0.5773955773955773
0.5776550030693677
0.5779141104294478
0.5781729000613121
0.5784313725490197
0.578689528475199
0.5789473684210527
0.5792048929663609
0.5794621026894865
0.5797189981673794
0.57997557997558
0.5802318486882245
0.5804878048780487
0.5807434491163924
0.5809987819732034
0.581253804017042
0.5815085158150851
0.5817629179331307
0.5820170109356014
0.5822707953855495
0.5825242718446602
0.5827774408732566
0.583030303030303
0.58328285887341
0.5835351089588378
0.5837870538415003
0.5840386940749698
0.5842900302114804
0.5845410628019324
0.5847917923958962
0.5850422195416164
0.5852923447860157
0.5855421686746988
0.5857916917519567
0.5860409145607701
0.5862898376428142
0.5865384615384616
0.5867867867867868
0.5870348139255702
0.5872825434913017
0.5875299760191847
0.5877771120431396
0.5880239520958084
0.5882704967085578
0.5885167464114832
0.588762701733413
0.5890083632019116
0.5892537313432836
0.5894988066825776
0.5897435897435898
0.5899880810488677
0.5902322811197142
0.5904761904761905
0.5907198096371208
0.5909631391200951
0.5912061794414736
0.5914489311163895
0.5916913946587538
0.5919335705812574
0.5921754593953764
0.5924170616113744
0.5926583777383067
0.5928994082840237
0.5931401537551745
0.5933806146572104
0.5936207914943886
0.5938606847697757
0.5941002949852507
0.5943396226415094
0.5945786682380672
0.5948174322732627
0.5950559152442614
0.5952941176470589
0.5955320399764844
0.5957696827262045
0.5960070463887258
0.596244131455399
0.5964809384164222
0.5967174677608441
0.5969537199765671
0.5971896955503513
0.5974253949678174
0.5976608187134503
0.597895967270602
0.5981308411214953
0.5983654407472271
0.5985997666277713
0.5988338192419825
0.5990675990675991
0.5993011065812464
0.59953434225844
0.5997673065735893
0.6
0.600232423009878
0.6004645760743321
0.6006964596633778
0.6009280742459396
0.601159420289855
0.6013904982618772
0.601621308627678
0.6018518518518519
0.6020821283979179
0.6023121387283237
0.6025418833044482
0.6027713625866051
0.603000577034045
0.6032295271049596
0.6034582132564842
0.6036866359447005
0.6039147956246402
0.6041426927502876
0.6043703277745831
0.6045977011494252
0.604824813325675
0.6050516647531573
0.6052782558806655
0.6055045871559633
0.6057306590257879
0.6059564719358533
0.6061820263308529
0.6064073226544623
0.6066323613493425
0.6068571428571429
0.6070816676185037
0.6073059360730594
0.607529948659441
0.6077537058152793
0.607977207977208
0.6082004555808656
0.6084234490608993
0.608646188850967
0.6088686753837408
0.6090909090909091
0.60931289040318
0.6095346197502838
0.6097560975609756
0.6099773242630385
0.6101983002832861
0.6104190260475651
0.6106395019807583
0.6108597285067874
0.6110797060486151
0.6112994350282486
0.611518915866742
0.6117381489841986
0.6119571347997744
0.6121758737316798
0.6123943661971831
0.6126126126126126
0.6128306133933596
0.6130483689538808
0.613265879707701
0.6134831460674157
0.613700168444694
0.6139169472502806
0.6141334828939988
0.6143497757847534
0.6145658263305322
0.6147816349384099
0.6149972020145495
0.6152125279642058
0.6154276131917272
0.6156424581005586
0.615857063093244
0.6160714285714286
0.6162855549358617
0.6164994425863991
0.6167130919220055
0.6169265033407573
0.6171396772398442
0.6173526140155728
0.6175653140633686
0.6177777777777778
0.6179900055524709
0.6182019977802442
0.6184137548530227
0.6186252771618626
0.618836565096953
0.6190476190476191
0.6192584394023243
0.6194690265486725
0.6196793808734107
0.6198895027624309
0.6200993926007731
0.6203090507726269
0.6205184776613348
0.6207276736493936
0.6209366391184573
0.6211453744493393
0.6213538800220143
0.6215621562156216
0.6217702034084662
0.621978021978022
0.6221856123009335
0.6223929747530187
0.6226001097092705
0.6228070175438597
0.623013698630137
0.6232201533406353
0.6234263820470717
0.6236323851203501
0.6238381629305632
0.6240437158469946
0.6242490442381212
0.6244541484716157
0.6246590289143481
0.6248636859323882
0.6250681198910082
0.6252723311546841
0.6254763200870985
0.6256800870511425
0.6258836324089179
0.6260869565217392
0.6262900597501357
0.6264929424538545
0.626695604991861
0.6268980477223427
0.62710027100271
0.6273022751895991
0.6275040606388739
0.6277056277056277
0.627906976744186
0.6281081081081081
0.6283090221501891
0.6285097192224622
0.6287101996762008
0.6289104638619202
0.6291105121293801
0.6293103448275862
0.6295099623047927
0.6297093649085038
0.6299085529854761
0.6301075268817204
0.630306286942504
0.6305048335123523
0.630703166935051
0.630901287553648
0.6310991957104558
0.6312968917470525
0.6314943760042849
0.6316916488222698
0.631888710540396
0.6320855614973262
0.6322822020309995
0.6324786324786325
0.6326748531767218
0.6328708644610459
0.6330666666666667
0.6332622601279317
0.6334576451784762
0.6336528221512248
0.6338477913783928
0.6340425531914894
0.6342371079213185
0.6344314558979809
0.6346255974508762
0.6348195329087049
0.6350132625994694
0.6352067868504772
0.6354001059883413
0.635593220338983
0.6357861302276336
0.635978835978836
0.6361713379164463
0.6363636363636364
0.6365557316428949
0.6367476240760296
0.6369393139841689
0.6371308016877637
0.6373220875065894
0.6375131717597471
0.6377040547656662
0.6378947368421053
0.6380852183061546
0.6382754994742377
0.6384655806621125
0.6386554621848739
0.6388451443569554
0.6390346274921301
0.6392239119035134
0.639412997903564
0.639601885804086
0.6397905759162303
0.6399790685504971
0.6401673640167364
0.6403554626241506
0.6405433646812957
0.6407310704960836
0.6409185803757829
0.6411058946270214
0.6412930135557873
0.6414799374674309
0.6416666666666667
0.6418532014575742
0.6420395421436004
0.642225689027561
0.6424116424116424
0.6425974025974026
0.6427829698857737
0.6429683445770628
0.6431535269709544
0.6433385173665112
0.6435233160621762
0.6437079233557742
0.6438923395445134
0.6440765649249871
0.6442605997931747
0.6444444444444445
0.6446280991735537
0.6448115642746515
0.6449948400412797
0.6451779267663744
0.6453608247422681
0.6455435342606903
0.6457260556127703
0.6459083890890376
0.6460905349794238
0.6462724935732648
0.6464542651593012
0.6466358500256806
0.6468172484599589
0.6469984607491021
0.6471794871794871
0.6473603280369041
0.6475409836065574
0.647721454173067
0.6479017400204709
0.648081841432225
0.6482617586912065
0.6484414920797138
0.6486210418794689
0.6488004083716181
0.6489795918367347
0.649158592554819
0.6493374108053007
0.6495160468670402
0.6496945010183299
0.6498727735368957
0.6500508646998983
0.6502287747839349
0.6504065040650406
0.6505840528186897
0.650761421319797
0.6509386098427195
0.6511156186612576
0.6512924480486568
0.6514690982776089
0.6516455696202532
0.6518218623481782
0.6519979767324229
0.6521739130434783
0.6523496715512885
0.6525252525252525
0.6527006562342251
0.6528758829465187
0.6530509329299042
0.6532258064516129
0.6534005037783376
0.6535750251762337
0.653749370910921
0.6539235412474849
0.6540975364504776
0.6542713567839196
0.6544450025113009
0.6546184738955824
0.6547917711991972
0.6549648946840522
0.6551378446115288
0.655310621242485
0.6554832248372559
0.6556556556556556
0.6558279139569785
0.656
0.6561719140429785
0.6563436563436563
0.6565152271592611
0.656686626746507
0.656857855361596
0.6570289132602194
0.6571998006975586
0.6573705179282868
0.6575410652065704
0.6577114427860696
0.6578816509199403
0.658051689860835
0.6582215598609041
0.6583912611717975
0.658560794044665
0.6587301587301587
0.6588993554784334
0.6590683845391476
0.6592372461614661
0.6594059405940594
0.6595744680851063
0.6597428288822947
0.6599110232328226
0.6600790513833992
0.6602469135802469
0.6604146100691016
0.6605821410952146
0.6607495069033531
0.6609167077378019
0.6610837438423646
0.6612506154603643
0.6614173228346457
0.661583866207575
0.6617502458210422
0.6619164619164619
0.6620825147347741
0.6622484045164457
0.662414131501472
0.6625796959293772
0.6627450980392157
0.6629103380695738
0.66307541625857
0.6632403328438571
0.6634050880626223
0.6635696821515893
0.6637341153470185
0.6638983878847093
0.6640625
0.6642264519277696
0.6643902439024391
0.6645538761579717
0.6647173489278753
0.6648806624452022
0.6650438169425511
0.6652068126520682
0.6653696498054474
0.6655323286339329
0.6656948493683188
0.665857212238951
0.6660194174757281
0.6661814653081028
0.6663433559650824
0.6665050896752303
0.6666666666666666
0.6668280871670702
0.6669893514036787
0.6671504596032898
0.6673114119922631
0.66747220879652
0.6676328502415458
0.6677933365523901
0.667953667953668
0.668113844669561
0.6682738669238187
0.668433734939759
0.6685934489402697
0.6687530091478093
0.6689124157844081
0.669071669071669
0.6692307692307692
0.6693897164824604
0.6695485110470701
0.6697071531445031
0.6698656429942419
0.6700239808153478
0.6701821668264621
0.6703402012458074
0.6704980842911877
0.6706558161799904
0.6708133971291866
0.6709708273553324
0.6711281070745698
0.6712852365026278
0.6714422158548233
0.6715990453460621
0.6717557251908397
0.6719122556032427
0.6720686367969495
0.672224868985231
0.6723809523809524
0.672536887196573
0.6726926736441484
0.6728483119353305
0.6730038022813688
0.6731591448931117
0.6733143399810066
0.673469387755102
0.6736242884250474
0.6737790422000949
0.6739336492890995
0.674088109900521
0.6742424242424242
0.6743965925224799
0.674550614947966
0.6747044917257683
0.6748582230623819
0.6750118091639112
0.6751652502360718
0.6753185464841907
0.6754716981132075
0.6756247053276756
0.6757775683317625
0.6759302873292511
0.6760828625235404
0.676235294117647
0.676387582314205
0.6765397273154677
0.6766917293233082
0.6768435885392203
0.6769953051643193
0.677146879399343
0.6772983114446529
0.6774496015002344
0.6776007497656982
0.6777517564402811
0.6779026217228464
0.6780533458118858
0.6782039289055192
0.678354371201496
0.6785046728971963
0.678654834189631
0.6788048552754435
0.67895473635091
0.6791044776119403
0.6792540792540792
0.679403541472507
0.6795528644620401
0.6797020484171322
0.6798510935318753
0.68
0.6801487680148768
0.6802973977695167
0.6804458894565723
0.680594243268338
0.6807424593967517
0.6808905380333952
0.6810384793694947
0.6811862835959221
0.6813339509031959
0.6814814814814815
0.6816288755205924
0.6817761332099908
0.6819232547387887
0.6820702402957486
0.6822170900692841
0.6823638042474608
0.6825103830179973
0.6826568265682657
0.6828031350852928
0.6829493087557603
0.6830953477660064
0.6832412523020258
0.6833870225494708
0.6835326586936522
0.6836781609195403
0.6838235294117647
0.6839687643546164
0.6841138659320477
0.6842588343276732
0.6844036697247706
0.6845483723062815
0.6846929422548121
0.684837379752634
0.684981684981685
0.6851258581235697
0.6852698993595608
0.685413808870599
0.6855575868372943
0.685701233439927
0.6858447488584475
0.6859881332724783
0.6861313868613139
0.6862745098039216
0.6864175022789426
0.6865603644646925
0.6867030965391621
0.6868456986800182
0.6869881710646042
0.6871305138699408
0.6872727272727273
0.6874148114493412
0.6875567665758402
0.6876985928279619
0.6878402903811253
0.6879818594104309
0.6881233000906618
0.6882646125962846
0.6884057971014492
0.6885468537799909
0.6886877828054299
0.6888285843509724
0.6889692585895117
0.6891098056936286
0.6892502258355917
0.6893905191873589
0.6895306859205776
0.6896707262065854
0.6898106402164111
0.6899504281207751
0.69009009009009
0.6902296262944619
0.6903690369036903
0.6905083220872694
0.6906474820143885
0.6907865168539326
0.6909254267744834
0.6910642119443197
0.6912028725314183
0.6913414087034545
0.6914798206278027
0.6916181084715374
0.6917562724014337
0.6918943125839677
0.6920322291853178
0.6921700223713646
0.6923076923076923
0.6924452391595888
0.6925826630920465
0.6927199642697632
0.6928571428571428
0.6929941990182954
0.6931311329170383
0.693267944716897
0.6934046345811051
0.6935412026726058
0.6936776491540516
0.693813974187806
0.693950177935943
0.694086260560249
0.6942222222222222
0.6943580630830742
0.69449378330373
0.6946293830448291
0.6947648624667259
0.6949002217294901
0.6950354609929078
0.695170580416482
0.6953055801594331
0.6954404603806994
0.695575221238938
0.6957098628925255
0.695844385499558
0.6959787892178524
0.696113074204947
0.6962472406181015
0.6963812886142984
0.6965152183502427
0.6966490299823633
0.6967827236668136
0.6969162995594713
0.6970497578159401
0.6971830985915493
0.6973163220413551
0.6974494283201407
0.6975824175824176
0.6977152899824253
0.6978480456741326
0.6979806848112379
0.6981132075471698
0.6982456140350877
0.6983779044278825
0.6985100788781771
0.6986421375383267
0.6987740805604203
0.6989059080962801
0.6990376202974629
0.6991692173152602
0.6993006993006993
0.6994320664045435
0.6995633187772926
0.6996944565691837
0.699825479930192
0.6999563890100305
0.7000871839581517
0.7002178649237473
0.7003484320557491
0.7004788855028298
0.700609225413403
0.7007394519356241
0.7008695652173913
0.7009995654063451
0.7011294526498697
0.7012592270950934
0.7013888888888888
0.7015184381778742
0.7016478751084129
0.7017771998266147
0.7019064124783362
0.7020355132091814
0.7021645021645022
0.7022933794893985
0.7024221453287197
0.7025507998270644
0.7026793431287813
0.7028077753779698
0.7029360967184801
0.7030643072939146
0.7031924072476272
0.7033203967227253
0.7034482758620689
0.7035760448082723
0.7037037037037037
0.7038312526904864
0.7039586919104991
0.7040860215053764
0.704213241616509
0.7043403523850451
0.7044673539518901
0.7045942464577072
0.7047210300429184
0.7048477048477049
0.7049742710120068
0.7051007286755251
0.7052270779777207
0.7053533190578158
0.7054794520547946
0.7056054771074026
0.7057313943541489
0.7058572039333049
0.705982905982906
0.7061085006407518
0.7062339880444065
0.7063593683311993
0.7064846416382252
0.7066098081023454
0.7067348678601876
0.7068598210481466
0.706984667802385
0.7071094082588335
0.7072340425531914
0.7073585708209272
0.7074829931972789
0.7076073098172546
0.707731520815633
0.7078556263269639
0.7079796264855688
0.7081035214255409
0.7082273112807463
0.7083509961848241
0.7084745762711865
0.7085980516730199
0.7087214225232854
0.7088446889547185
0.7089678510998308
0.7090909090909091
0.7092138630600169
0.7093367131389945
0.7094594594594594
0.709582102152807
0.7097046413502109
0.7098270771826234
0.7099494097807757
0.7100716392751791
0.7101937657961247
0.7103157894736842
0.7104377104377104
0.7105595288178376
0.7106812447434819
0.7108028583438419
0.7109243697478992
0.7110457790844184
0.7111670864819479
0.7112882920688208
0.7114093959731543
0.7115303983228511
0.7116512992455993
0.711772098868873
0.711892797319933
0.7120133947258267
0.7121338912133891
0.712254286909243
0.7123745819397993
0.7124947764312578
0.7126148705096074
0.7127348643006263
0.7128547579298832
0.7129745515227367
0.713094245204337
0.7132138390996249
0.7133333333333334
0.7134527280299875
0.7135720233139051
0.7136912193091969
0.7138103161397671
0.7139293139293139
0.71404821280133
0.7141670128791027
0.7142857142857143
0.7144043171440432
0.7145228215767635
0.7146412277063459
0.714759535655058
0.7148777455449647
0.7149958574979287
0.7151138716356108
0.7152317880794702
0.7153496069507654
0.7154673283705542
0.7155849524596941
0.715702479338843
0.7158199091284593
0.7159372419488026
0.7160544779199339
0.7161716171617162
0.7162886597938144
0.7164056059356966
0.7165224557066338
0.7166392092257001
0.7167558666117744
0.7168724279835391
0.7169888934594817
0.7171052631578947
0.7172215371968763
0.7173377156943304
0.7174537987679671
0.7175697865353038
0.7176856791136643
0.7178014766201805
0.7179171791717918
0.7180327868852459
0.7181482998770995
0.7182637182637183
0.7183790421612771
0.7184942716857611
0.7186094069529653
0.7187244480784954
0.7188393951777687
0.7189542483660131
0.7190690077582687
0.7191836734693877
0.7192982456140351
0.7194127243066885
0.7195271096616388
0.7196414017929911
0.7197556008146639
0.7198697068403909
0.71998371998372
0.7200976403580146
0.7202114680764539
0.7203252032520325
0.7204388459975619
0.7205523964256701
0.7206658546488023
0.7207792207792207
0.7208924949290061
0.7210056772100568
0.72111876773409
0.7212317666126418
0.7213446739570676
0.7214574898785425
0.7215702144880615
0.7216828478964401
0.7217953902143146
0.7219078415521423
0.722020202020202
0.7221324717285945
0.7222446507872426
0.7223567393058918
0.7224687373941105
0.7225806451612903
0.7226924627166466
0.7228041901692184
0.7229158276278695
0.7230273752012882
0.723138832997988
0.7232502011263073
0.7233614796944109
0.7234726688102894
0.7235837685817598
0.7236947791164658
0.7238057005218788
0.723916532905297
0.7240272763738468
0.7241379310344828
0.724248496993988
0.7243589743589743
0.7244693632358831
0.7245796637309848
0.7246898759503801
0.7248
0.7249100359856058
0.7250199840127898
0.7251298441869757
0.7252396166134185
0.7253493013972055
0.7254588986432562
0.7255684084563223
0.7256778309409888
0.7257871662016739
0.7258964143426295
0.7260055754679411
0.7261146496815286
0.7262236370871469
0.726332537788385
0.726441351888668
0.7265500794912559
0.7266587206992451
0.7267672756155679
0.7268757443429933
0.726984126984127
0.7270924236414121
0.7272006344171292
0.7273087594133968
0.7274167987321711
0.7275247524752475
0.7276326207442597
0.7277404036406806
0.7278481012658228
0.7279557137208382
0.7280632411067194
0.7281706835242987
0.7282780410742496
0.7283853138570865
0.728492501973165
0.7285996055226824
0.7287066246056783
0.7288135593220338
0.7289204097714737
0.7290271760535644
0.7291338582677165
0.7292404565131838
0.7293469708890638
0.729453401494298
0.7295597484276729
0.7296660117878192
0.7297721916732128
0.7298782881821752
0.7299843014128728
0.730090231463319
0.7301960784313726
0.7303018424147393
0.7304075235109718
0.7305131218174696
0.73061863743148
0.7307240704500978
0.730829420970266
0.7309346890887759
0.7310398749022674
0.7311449785072294
0.73125
0.7313549394767669
0.7314597970335676
0.7315645727662895
0.7316692667706708
0.7317738791423002
0.7318784099766174
0.7319828593689132
0.7320872274143302
0.732191514207863
0.7322957198443579
0.7323998444185142
0.7325038880248833
0.7326078507578702
0.7327117327117327
0.7328155339805825
0.7329192546583851
0.73302289483896
0.7331264546159814
0.7332299340829779
0.7333333333333333
0.7334366524602867
0.7335398915569326
0.7336430507162215
0.7337461300309598
0.7338491295938104
0.7339520494972931
0.7340548898337843
0.7341576506955177
0.7342603321745848
0.7343629343629343
0.7344654573523736
0.7345679012345679
0.7346702661010412
0.7347725520431766
0.7348747591522158
0.7349768875192604
0.7350789372352715
0.7351809083910701
0.7352828010773375
0.7353846153846154
0.7354863514033064
0.7355880092236741
0.7356895889358432
0.7357910906298003
0.7358925143953935
0.735993860322333
0.7360951285001918
0.7361963190184049
0.7362974319662706
0.7363984674329502
0.7364994255074684
0.7366003062787136
0.7367011098354382
0.7368018362662586
0.7369024856596559
0.7370030581039755
0.7371035536874283
0.7372039724980901
0.7373043146239022
0.7374045801526717
0.7375047691720718
0.7376048817696415
0.7377049180327869
0.7378048780487805
0.737904761904762
0.738004569687738
0.7381043014845832
0.7382039573820396
0.7383035374667174
0.7384030418250951
0.7385024705435196
0.7386018237082067
0.7387011014052411
0.738800303720577
0.7388994307400379
0.7389984825493171
0.739097459233978
0.7391963608794542
0.7392951875710496
0.7393939393939394
0.7394926164331692
0.7395912187736563
0.7396897465001891
0.7397881996974282
0.7398865784499055
0.7399848828420257
0.7400831129580657
0.7401812688821753
0.7402793506983767
0.7403773584905661
0.7404752923425123
0.7405731523378583
0.7406709385601207
0.7407686510926903
0.7408662900188324
0.7409638554216867
0.741061347384268
0.7411587659894657
0.7412561113200451
0.7413533834586467
0.7414505824877865
0.7415477084898573
0.7416447615471273
0.7417417417417418
0.7418386491557223
0.7419354838709677
0.7420322459692539
0.7421289355322339
0.7422255526414387
0.7423220973782771
0.742418569824036
0.7425149700598802
0.7426112981668537
0.7427075542258789
0.742803738317757
0.7428998505231689
0.7429958909226746
0.743091859596714
0.7431877566256065
0.7432835820895523
0.7433793360686312
0.7434750186428039
0.743570629891912
0.7436661698956781
0.7437616387337058
0.7438570364854803
0.7439523632303684
0.7440476190476191
0.744142804016363
0.7442379182156134
0.7443329617242661
0.7444279346210996
0.7445228369847754
0.7446176688938382
0.7447124304267161
0.744807121661721
0.7449017426770486
0.7449962935507783
0.7450907743608745
0.7451851851851852
0.7452795261014439
0.7453737971872687
0.7454679985201628
0.7455621301775148
0.7456561922365988
0.745750184774575
0.7458441078684891
0.7459379615952733
0.746031746031746
0.7461254612546125
0.7462191073404648
0.7463126843657817
0.7464061924069296
0.7464996315401621
0.7465930018416206
0.7466863033873343
0.7467795362532205
0.7468727005150846
0.7469657962486208
0.7470588235294118
0.7471517824329291
0.7472446730345335
0.7473374954094748
0.7474302496328928
0.7475229357798165
0.7476155539251651
0.7477081041437477
0.7478005865102639
0.7478930010993038
0.747985347985348
0.7480776272427682
0.7481698389458272
0.7482619831686791
0.7483540599853694
0.7484460694698355
0.7485380116959064
0.7486298867373036
0.7487216946676406
0.7488134355604235
0.7489051094890511
0.748996716526815
0.7490882567469
0.7491797302223843
0.749271137026239
0.7493624772313296
0.7494537509104151
0.7495449581361485
0.7496360989810772
0.7497271735176427
0.7498181818181818
0.7499091239549255
0.75
0.7500908100254268
0.7501815541031227
0.7502722323049001
0.7503628447024674
0.7504533913674284
0.7505438723712835
0.7506342877854295
0.7507246376811594
0.7508149221296632
0.7509051412020276
0.7509952949692363
0.7510853835021708
0.7511754068716094
0.7512653651482285
0.7513552584026021
0.7514450867052023
0.7515348501263994
0.7516245487364621
0.7517141826055576
0.7518037518037518
0.7518932564010098
0.7519826964671954
0.752072072072072
0.7521613832853026
0.7522506301764494
0.7523398128149748
0.7524289312702411
0.7525179856115108
0.7526069759079468
0.7526959022286125
0.7527847646424721
0.7528735632183908
0.7529622980251347
0.7530509691313712
0.7531395766056692
0.7532281205164992
0.7533166009322337
0.753405017921147
0.7534933715514153
0.7535816618911175
0.7536698890082348
0.7537580529706513
0.7538461538461538
0.753934191702432
0.754022166607079
0.7541100786275912
0.7541979278313683
0.7542857142857143
0.7543734380578365
0.7544610992148465
0.7545486978237602
0.7546362339514978
0.7547237076648842
0.7548111190306486
0.7548984681154257
0.7549857549857549
0.7550729797080812
0.7551601423487544
0.7552472429740306
0.7553342816500711
0.7554212584429435
0.7555081734186212
0.7555950266429841
0.7556818181818182
0.7557685481008165
0.7558552164655784
0.7559418233416105
0.7560283687943262
0.7561148528890465
0.7562012756909993
0.7562876372653206
0.7563739376770539
0.7564601769911504
0.7565463552724699
0.7566324725857799
0.7567185289957568
0.7568045245669848
0.7568904593639576
0.7569763334510774
0.7570621468926554
0.7571478997529121
0.7572335920959774
0.7573192239858907
0.7574047954866009
0.7574903066619668
0.7575757575757576
0.757661148291652
0.7577464788732394
0.7578317493840198
0.7579169598874033
0.7580021104467112
0.7580872011251758
0.7581722319859402
0.758257203092059
0.758342114506498
0.7584269662921348
0.7585117585117586
0.7585964912280702
0.758681164503683
0.758765778401122
0.7588503329828251
0.7589348283111422
0.7590192644483362
0.7591036414565826
0.7591879593979699
0.7592722183344996
0.7593564183280868
0.7594405594405594
0.7595246417336595
0.7596086652690426
0.759692630108278
0.7597765363128491
0.7598603839441536
0.7599441730635031
0.7600279037321241
0.7601115760111576
0.7601951899616591
0.7602787456445993
0.7603622431208638
0.7604456824512534
0.7605290636964845
0.7606123869171886
0.760695652173913
0.760778859527121
0.7608620090371915
0.7609451007644198
0.761028134769017
0.7611111111111111
0.7611940298507462
0.7612768910478834
0.7613596947624003
0.7614424410540915
0.761525129982669
0.7616077616077616
0.7616903359889158
0.7617728531855956
0.7618553132571824
0.7619377162629758
0.762020062262193
0.7621023513139695
0.7621845834773592
0.7622667588113338
0.7623488773747841
0.7624309392265194
0.7625129444252675
0.7625948930296756
0.7626767850983097
0.7627586206896552
0.7628403998621165
0.7629221226740179
0.7630037891836031
0.7630853994490359
0.7631669535283994
0.7632484514796972
0.7633298933608531
0.7634112792297112
0.7634926091440357
0.763573883161512
0.7636551013397458
0.7637362637362637
0.7638173704085136
0.7638984214138641
0.7639794168096055
0.7640603566529492
0.7641412410010284
0.7642220699108979
0.7643028434395341
0.7643835616438356
0.764464224580623
0.7645448323066393
0.7646253848785495
0.7647058823529411
0.7647863247863248
0.7648667122351333
0.7649470447557226
0.7650273224043715
0.7651075452372823
0.7651877133105802
0.7652678266803139
0.7653478854024557
0.7654278895329014
0.765507839127471
0.765587734241908
0.7656675749318801
0.7657473612529793
0.7658270932607216
0.7659067710105478
0.7659863945578231
0.7660659639578374
0.7661454792658056
0.7662249405368672
0.7663043478260869
0.766383701188455
0.7664630006788866
0.7665422463522226
0.7666214382632293
0.7667005764665988
0.7667796610169492
0.7668586919688242
0.7669376693766937
0.7670165932949543
0.7670954637779283
0.7671742808798646
0.7672530446549392
0.7673317551572539
0.7674104124408384
0.7674890165596485
0.7675675675675676
0.767646065518406
0.7677245104659014
0.7678029024637192
0.7678812415654521
0.7679595278246206
0.7680377612946729
0.7681159420289855
0.7681940700808625
0.7682721455035365
0.7683501683501683
0.7684281386738472
0.7685060565275909
0.7685839219643458
0.7686617350369872
0.7687394957983193
0.7688172043010753
0.7688948605979173
0.7689724647414372
0.7690500167841557
0.7691275167785235
0.7692049647769205
0.7692823608316566
0.7693597049949715
0.7694369973190348
0.7695142378559464
0.769591426657736
0.7696685637763643
0.7697456492637216
0.7698226831716293
0.7698996655518394
0.7699765964560348
0.7700534759358288
0.7701303040427665
0.7702070808283233
0.7702838063439065
0.7703604806408545
0.7704371037704371
0.7705136757838559
0.770590196732244
0.7706666666666667
0.7707430856381207
0.770819453697535
0.7708957708957709
0.7709720372836218
0.7710482529118137
0.7711244178310046
0.7712005320917859
0.7712765957446809
0.7713526088401462
0.7714285714285715
0.771504483560279
0.7715803452855245
0.7716561566544972
0.7717319177173192
0.7718076285240464
0.7718832891246684
0.7719588995691083
0.7720344599072233
0.7721099701888042
0.7721854304635761
0.7722608407811983
0.7723362011912641
0.7724115117433014
0.7724867724867724
0.7725619834710744
0.7726371447455387
0.7727122563594317
0.7727873183619551
0.772862330802245
0.7729372937293729
0.7730122071923458
0.7730870712401056
0.7731618859215298
0.7732366512854317
0.7733113673805602
0.7733860342555995
0.7734606519591702
0.7735352205398288
0.7736097400460678
0.7736842105263158
0.7737586320289378
0.7738330046022354
0.7739073282944463
0.7739816031537451
0.774055829228243
0.7741300065659882
0.7742041352149656
0.7742782152230971
0.7743522466382421
0.7744262295081967
0.7745001638806949
0.7745740498034076
0.7746478873239436
0.7747216764898494
0.7747954173486088
0.774869109947644
0.7749427543343147
0.7750163505559189
0.7750898986596927
0.7751633986928105
0.7752368507023848
0.775310254735467
0.7753836108390467
0.7754569190600522
0.7755301794453507
0.7756033920417482
0.7756765568959896
0.7757496740547588
0.7758227435646791
0.7758957654723126
0.7759687398241615
0.7760416666666666
0.7761145460462089
0.7761873780091086
0.776260162601626
0.776332899869961
0.7764055898602535
0.7764782326185835
0.7765508281909711
0.7766233766233767
0.7766958779617007
0.7767683322517845
0.7768407395394097
0.7769130998702983
0.7769854132901135
0.7770576798444588
0.7771298995788791
0.7772020725388601
0.7772741987698284
0.7773462783171521
0.7774183112261404
0.777490297542044
0.7775622373100549
0.7776341305753071
0.7777059773828756
0.7777777777777778
0.7778495318049725
0.7779212395093609
0.7779929009357858
0.7780645161290323
0.7781360851338278
0.778207607994842
0.7782790847566871
0.7783505154639175
0.7784219001610306
0.7784932388924662
0.778564531702607
0.7786357786357786
0.7787069797362496
0.7787781350482315
0.7788492446158791
0.7789203084832905
0.7789913266945069
0.7790622992935131
0.7791332263242375
0.7792041078305519
0.779274943856272
0.7793457344451572
0.7794164796409105
0.7794871794871795
0.7795578340275553
0.7796284433055733
0.7796990073647134
0.7797695262483995
0.77984
0.7799104286628279
0.7799808122801407
0.7800511508951407
0.7801214445509748
0.7801916932907348
0.7802618971574576
0.7803320561941252
0.7804021704436642
0.780472239948947
0.7805422647527911
0.7806122448979592
0.7806821804271598
0.7807520713830465
0.7808219178082192
0.780891719745223
0.7809614772365489
0.781031190324634
0.7811008590518613
0.7811704834605598
0.7812400635930048
0.7813095994914177
0.7813790911979663
0.7814485387547649
0.7815179422038743
0.7815873015873016
0.781656616947001
0.7817258883248731
0.7817951157627656
0.781864299302473
0.781933438985737
0.7820025348542459
0.7820715869496357
0.7821405953134896
0.7822095599873378
0.7822784810126582
0.7823473584308763
0.782416192283365
0.7824849826114448
0.7825537294563844
0.7826224328593997
0.7826910928616551
0.7827597095042627
0.7828282828282829
0.7828968128747239
0.7829652996845425
0.783033743298644
0.7831021437578815
0.7831705011030571
0.7832388153749212
0.7833070866141733
0.783375314861461
0.7834435001573812
0.7835116425424795
0.7835797420572507
0.7836477987421384
0.7837158126375353
0.7837837837837838
0.783851712221175
