0.351555136663525
0.352497643732328
0.353440150801131
0.354382657869934
0.35532516493873706
0.35626767200754006
0.35721017907634306
0.3581526861451461
0.3590951932139491
0.3600377002827521
0.3609802073515551
0.36192271442035817
0.36286522148916117
0.36380772855796417
0.3647502356267672
0.3656927426955702
0.36663524976437323
0.36757775683317623
0.3685202639019793
0.3694627709707823
0.3704052780395853
0.37134778510838834
0.37229029217719134
0.37323279924599434
0.37417530631479734
0.3751178133836004
0.3760603204524034
0.3770028275212064
0.37794533459000945
0.37888784165881245
0.37983034872761545
0.38077285579641845
0.3817153628652215
0.3826578699340245
0.3836003770028275
0.38454288407163056
0.38548539114043356
0.38642789820923656
0.38737040527803956
0.3883129123468426
0.3892554194156456
0.3901979264844486
0.3911404335532517
0.3920829406220547
0.3930254476908577
0.3939679547596607
0.39491046182846373
0.39585296889726673
0.39679547596606973
0.3977379830348728
0.3986804901036758
0.3996229971724788
0.4005655042412818
0.40150801131008484
0.40245051837888784
0.40339302544769085
0.4043355325164939
0.4052780395852969
0.4062205466540999
0.4071630537229029
0.40810556079170596
0.40904806786050896
0.40999057492931196
0.410933081998115
0.411875589066918
0.412818096135721
0.413760603204524
0.41470311027332707
0.41564561734213007
0.41658812441093307
0.4175306314797361
0.4184731385485391
0.4194156456173421
0.4203581526861451
0.4213006597549482
0.4222431668237512
0.4231856738925542
0.42412818096135724
0.42507068803016024
0.42601319509896324
0.42695570216776624
0.4278982092365693
0.4288407163053723
0.4297832233741753
0.43072573044297835
0.43166823751178135
0.43261074458058435
0.43355325164938735
0.4344957587181904
0.4354382657869934
0.4363807728557964
0.43732327992459946
0.43826578699340246
0.43920829406220546
0.44015080113100846
0.4410933081998115
0.4420358152686145
0.4429783223374175
0.4439208294062206
0.4448633364750236
0.4458058435438266
0.4467483506126296
0.44769085768143263
0.44863336475023563
0.44957587181903863
0.4505183788878417
0.4514608859566447
0.4524033930254477
0.4533459000942507
0.45428840716305374
0.45523091423185674
0.45617342130065974
0.4571159283694628
0.4580584354382658
0.4590009425070688
0.4599434495758718
0.46088595664467485
0.46182846371347785
0.46277097078228085
0.4637134778510839
0.4646559849198869
0.4655984919886899
0.4665409990574929
0.46748350612629597
0.46842601319509897
0.46936852026390197
0.470311027332705
0.471253534401508
0.472196041470311
0.473138548539114
0.4740810556079171
0.4750235626767201
0.4759660697455231
0.47690857681432614
0.47785108388312914
0.47879359095193214
0.47973609802073514
0.4806786050895382
0.4816211121583412
0.4825636192271442
0.48350612629594725
0.48444863336475025
0.48539114043355325
0.48633364750235625
0.4872761545711593
0.4882186616399623
0.4891611687087653
0.49010367577756836
0.49104618284637136
0.49198868991517436
0.49293119698397736
0.4938737040527804
0.4948162111215834
0.4957587181903864
0.49670122525918947
0.49764373232799247
0.49858623939679547
0.49952874646559847
0.5004712535344015
0.5014137606032045
0.5023562676720076
0.5032987747408105
0.5042412818096136
0.5051837888784166
0.5061262959472196
0.5070688030160226
0.5080113100848256
0.5089538171536286
0.5098963242224317
0.5108388312912346
0.5117813383600377
0.5127238454288408
0.5136663524976437
0.5146088595664468
0.5155513666352498
0.5164938737040528
0.5174363807728558
0.5183788878416589
0.5193213949104618
0.5202639019792649
0.5212064090480678
0.5221489161168709
0.5230914231856739
0.5240339302544769
0.5249764373232799
0.525918944392083
0.5268614514608859
0.527803958529689
0.528746465598492
0.529688972667295
0.530631479736098
0.5315739868049011
0.532516493873704
0.5334590009425071
0.53440150801131
0.5353440150801131
0.5362865221489161
0.5372290292177191
0.5381715362865221
0.5391140433553252
0.5400565504241281
0.5409990574929312
0.5419415645617343
0.5428840716305372
0.5438265786993403
0.5447690857681433
0.5457115928369463
0.5466540999057493
0.5475966069745523
0.5485391140433553
0.5494816211121584
0.5504241281809613
0.5513666352497644
0.5523091423185674
0.5532516493873704
0.5541941564561734
0.5551366635249765
0.5560791705937794
0.5570216776625825
0.5579641847313855
0.5589066918001885
0.5598491988689915
0.5607917059377945
0.5617342130065975
0.5626767200754006
0.5636192271442035
0.5645617342130066
0.5655042412818096
0.5664467483506126
0.5673892554194157
0.5683317624882187
0.5692742695570217
0.5702167766258247
0.5711592836946278
0.5721017907634307
0.5730442978322338
0.5739868049010367
0.5749293119698398
0.5758718190386428
0.5768143261074458
0.5777568331762488
0.5786993402450519
0.5796418473138548
0.5805843543826579
0.5815268614514609
0.5824693685202639
0.5834118755890669
0.58435438265787
0.5852968897266729
0.586239396795476
0.5871819038642789
0.588124410933082
0.589066918001885
0.590009425070688
0.590951932139491
0.5918944392082941
0.592836946277097
0.5937794533459001
0.5947219604147032
0.5956644674835061
0.5966069745523092
0.5975494816211122
0.5984919886899152
0.5994344957587182
0.6003770028275212
0.6013195098963242
0.6022620169651273
0.6032045240339302
0.6041470311027333
0.6050895381715363
0.6060320452403393
0.6069745523091423
0.6079170593779454
0.6088595664467483
0.6098020735155514
0.6107445805843544
0.6116870876531574
0.6126295947219604
0.6135721017907634
0.6145146088595664
0.6154571159283695
0.6163996229971724
0.6173421300659755
0.6182846371347785
0.6192271442035815
0.6201696512723845
0.6211121583411876
0.6220546654099905
0.6229971724787936
0.6239396795475967
0.6248821866163996
0.6258246936852027
0.6267672007540056
0.6277097078228087
0.6286522148916117
0.6295947219604147
0.6305372290292177
0.6314797360980208
0.6324222431668237
0.6333647502356268
0.6343072573044298
0.6352497643732328
0.6361922714420358
0.6371347785108389
0.6380772855796418
0.6390197926484449
0.6399622997172478
0.6409048067860509
0.6418473138548539
0.6427898209236569
0.6437323279924599
0.644674835061263
0.6456173421300659
0.646559849198869
0.647502356267672
0.648444863336475
0.649387370405278
0.6503298774740811
0.651272384542884
0.6522148916116871
0.65315739868049
0.6540999057492931
0.6550424128180962
0.6559849198868991
0.6569274269557022
0.6578699340245052
0.6588124410933082
0.6597549481621112
0.6606974552309143
0.6616399622997172
0.6625824693685203
0.6635249764373233
0.6644674835061263
0.6654099905749293
0.6663524976437323
0.6672950047125353
0.6682375117813384
0.6691800188501413
0.6701225259189444
0.6710650329877474
0.6720075400565504
0.6729500471253534
0.6738925541941565
0.6748350612629594
0.6757775683317625
0.6767200754005656
0.6776625824693685
0.6786050895381716
0.6795475966069745
0.6804901036757776
0.6814326107445806
0.6823751178133836
0.6833176248821866
0.6842601319509897
0.6852026390197926
0.6861451460885957
0.6870876531573987
0.6880301602262017
0.6889726672950047
0.6899151743638078
0.6908576814326107
0.6918001885014138
0.6927426955702167
0.6936852026390198
0.6946277097078228
0.6955702167766258
0.6965127238454288
0.6974552309142319
0.6983977379830348
0.6993402450518379
0.700282752120641
0.7012252591894439
0.702167766258247
0.70311027332705
0.704052780395853
0.704995287464656
0.705937794533459
0.706880301602262
0.7078228086710651
0.708765315739868
0.7097078228086711
0.7106503298774741
0.7115928369462771
0.7125353440150801
0.7134778510838832
0.7144203581526861
0.7153628652214892
0.7163053722902922
0.7172478793590952
0.7181903864278982
0.7191328934967012
0.7200754005655042
0.7210179076343073
0.7219604147031102
0.7229029217719133
0.7238454288407163
0.7247879359095193
0.7257304429783223
0.7266729500471254
0.7276154571159283
0.7285579641847314
0.7295004712535345
0.7304429783223374
0.7313854853911405
0.7323279924599434
0.7332704995287465
0.7342130065975495
0.7351555136663525
0.7360980207351555
0.7370405278039586
0.7379830348727615
0.7389255419415646
0.7398680490103676
0.7408105560791706
0.7417530631479736
0.7426955702167767
0.7436380772855796
0.7445805843543827
0.7455230914231856
0.7464655984919887
0.7474081055607917
0.7483506126295947
0.7492931196983977
0.7502356267672008
0.7511781338360037
0.7521206409048068
0.7530631479736098
0.7540056550424128
0.7549481621112158
0.7558906691800189
0.7568331762488218
0.7577756833176249
0.7587181903864278
0.7596606974552309
0.760603204524034
0.7615457115928369
0.76248821866164
0.763430725730443
0.764373232799246
0.765315739868049
0.7662582469368521
0.767200754005655
0.7681432610744581
0.7690857681432611
0.7700282752120641
0.7709707822808671
0.7719132893496701
0.7728557964184731
0.7737983034872762
0.7747408105560791
0.7756833176248822
0.7766258246936852
0.7775683317624882
0.7785108388312912
0.7794533459000943
0.7803958529688972
0.7813383600377003
0.7822808671065034
0.7832233741753063
0.7841658812441094
0.7851083883129123
0.7860508953817154
0.7869934024505184
0.7879359095193214
0.7888784165881244
0.7898209236569275
0.7907634307257304
0.7917059377945335
0.7926484448633365
0.7935909519321395
0.7945334590009425
0.7954759660697456
0.7964184731385485
0.7973609802073516
0.7983034872761545
0.7992459943449576
0.8001885014137606
0.8011310084825636
0.8020735155513666
0.8030160226201697
0.8039585296889726
0.8049010367577757
0.8058435438265787
0.8067860508953817
0.8077285579641847
0.8086710650329878
0.8096135721017907
0.8105560791705938
0.8114985862393967
0.8124410933081998
0.8133836003770029
0.8143261074458058
0.8152686145146089
0.8162111215834119
0.8171536286522149
0.8180961357210179
0.819038642789821
0.8199811498586239
0.820923656927427
0.82186616399623
0.822808671065033
0.823751178133836
0.824693685202639
0.825636192271442
0.8265786993402451
0.827521206409048
0.8284637134778511
0.8294062205466541
0.8303487276154571
0.8312912346842601
0.8322337417530632
0.8331762488218661
0.8341187558906692
0.8350612629594723
0.8360037700282752
0.8369462770970783
0.8378887841658812
0.8388312912346843
0.8397737983034873
0.8407163053722903
0.8416588124410933
0.8426013195098964
0.8435438265786993
0.8444863336475024
0.8454288407163054
0.8463713477851084
0.8473138548539114
0.8482563619227145
0.8491988689915174
0.8501413760603205
0.8510838831291234
0.8520263901979265
0.8529688972667295
0.8539114043355325
0.8548539114043355
0.8557964184731386
0.8567389255419415
0.8576814326107446
0.8586239396795476
0.8595664467483506
0.8605089538171536
0.8614514608859567
0.8623939679547596
0.8633364750235627
0.8642789820923656
0.8652214891611687
0.8661639962299718
0.8671065032987747
0.8680490103675778
0.8689915174363808
0.8699340245051838
0.8708765315739868
0.8718190386427899
0.8727615457115928
0.8737040527803959
0.8746465598491989
0.8755890669180019
0.8765315739868049
0.8774740810556079
0.8784165881244109
0.879359095193214
0.8803016022620169
0.88124410933082
0.882186616399623
0.883129123468426
0.884071630537229
0.8850141376060321
0.885956644674835
0.8868991517436381
0.8878416588124411
0.8887841658812441
0.8897266729500471
0.8906691800188501
0.8916116870876531
0.8925541941564562
0.8934967012252591
0.8944392082940622
0.8953817153628653
0.8963242224316682
0.8972667295004713
0.8982092365692743
0.8991517436380773
0.9000942507068803
0.9010367577756834
0.9019792648444863
0.9029217719132894
0.9038642789820923
0.9048067860508954
0.9057492931196984
0.9066918001885014
0.9076343072573044
0.9085768143261075
0.9095193213949104
0.9104618284637135
0.9114043355325165
0.9123468426013195
0.9132893496701225
0.9142318567389256
0.9151743638077285
0.9161168708765316
0.9170593779453345
0.9180018850141376
0.9189443920829407
0.9198868991517436
0.9208294062205467
0.9217719132893497
0.9227144203581527
0.9236569274269557
0.9245994344957588
0.9255419415645617
0.9264844486333648
0.9274269557021678
0.9283694627709708
0.9293119698397738
0.9302544769085768
0.9311969839773798
0.9321394910461829
0.9330819981149858
0.9340245051837889
0.9349670122525919
0.9359095193213949
0.9368520263901979
0.937794533459001
0.9387370405278039
0.939679547596607
0.94062205466541
0.941564561734213
0.942507068803016
0.943449575871819
0.944392082940622
0.9453345900094251
0.946277097078228
0.9472196041470311
0.9481621112158342
0.9491046182846371
0.9500471253534402
0.9509896324222432
0.9519321394910462
0.9528746465598492
0.9538171536286523
0.9547596606974552
0.9557021677662583
0.9566446748350612
0.9575871819038643
0.9585296889726673
0.9594721960414703
0.9604147031102733
0.9613572101790764
0.9622997172478793
0.9632422243166824
0.9641847313854854
0.9651272384542884
0.9660697455230914
0.9670122525918945
0.9679547596606974
0.9688972667295005
0.9698397737983034
0.9707822808671065
0.9717247879359096
0.9726672950047125
0.9736098020735156
0.9745523091423186
0.9754948162111216
0.9764373232799246
0.9773798303487277
0.9783223374175306
0.9792648444863337
0.9802073515551367
0.9811498586239397
0.9820923656927427
0.9830348727615457
0.9839773798303487
0.9849198868991518
0.9858623939679547
0.9868049010367578
0.9877474081055608
0.9886899151743638
0.9896324222431668
0.9905749293119699
0.9915174363807728
0.9924599434495759
0.9934024505183789
0.9943449575871819
0.9952874646559849
0.9962299717247879
0.9971724787935909
0.998114985862394
0.9990574929311969
1.0
