0.13203463203463223
0.13961038961038974
0.1493506493506494
0.15151515151515155
0.1493506493506494
0.14718614718614725
0.15259740259740262
0.1536796536796537
0.15584415584415584
0.15584415584415584
0.16341991341991335
0.1699134199134198
0.1742424242424241
0.17965367965367945
0.18290043290043267
0.18939393939393911
0.19588744588744555
0.1980519480519477
0.202380952380952
0.20562770562770522
0.21212121212121166
0.2186147186147181
0.2229437229437224
0.2261904761904756
0.22943722943722883
0.23268398268398205
0.23809523809523742
0.23809523809523742
0.2391774891774885
0.2424242424242417
0.24350649350649278
0.246753246753246
0.24891774891774815
0.2510822510822503
0.2510822510822503
0.2543290043290035
0.25757575757575674
0.26082251082250996
0.26190476190476103
0.26515151515151425
0.2673160173160164
0.2705627705627696
0.2716450216450207
0.2748917748917739
0.275974025974025
0.27705627705627606
0.2792207792207782
0.2792207792207782
0.28138528138528035
0.28463203463203357
0.28571428571428464
0.28571428571428464
0.2867965367965357
0.28896103896103786
0.28896103896103786
0.2922077922077911
0.29329004329004216
0.2954545454545443
0.29761904761904645
0.30194805194805074
0.30627705627705504
0.3084415584415572
0.3116883116883104
0.3149350649350636
0.3160173160173147
0.320346320346319
0.3235930735930722
0.3279220779220765
0.33008658008657865
0.3311688311688297
0.33008658008657865
0.3290043290043276
0.33008658008657865
0.3311688311688297
0.3322510822510808
0.33441558441558294
0.335497835497834
0.33766233766233616
0.33874458874458724
0.33874458874458724
0.33874458874458724
0.34199134199134046
0.3441558441558426
0.3474025974025958
0.3484848484848469
0.35064935064934905
0.3528138528138512
0.3560606060606044
0.3571428571428555
0.3571428571428555
0.3560606060606044
0.35822510822510656
0.35822510822510656
0.35822510822510656
0.35930735930735763
0.3614718614718598
0.3636363636363619
0.364718614718613
0.36688311688311515
0.36688311688311515
0.3690476190476173
0.37012987012986837
0.37121212121211944
0.37012987012986837
0.37121212121211944
0.3722943722943705
0.3733766233766216
0.37554112554112373
0.37554112554112373
0.3766233766233748
0.3777056277056259
0.37878787878787695
0.379870129870128
0.379870129870128
0.379870129870128
0.3820346320346302
0.38311688311688125
0.3841991341991323
0.38636363636363447
0.3885281385281366
0.3896103896103877
0.3896103896103877
0.3896103896103877
0.3896103896103877
0.39069264069263876
0.39177489177488983
0.3928571428571409
0.3928571428571409
0.393939393939392
0.39502164502164305
0.3971861471861452
0.39935064935064735
0.4004329004328984
0.40259740259740057
0.4047619047619027
0.4047619047619027
0.4047619047619027
0.40692640692640486
0.40692640692640486
0.409090909090907
0.41125541125540915
0.4134199134199113
0.41558441558441345
0.41558441558441345
0.4177489177489156
0.41883116883116667
0.4209956709956688
0.4209956709956688
0.42316017316017096
0.42424242424242203
0.42424242424242203
0.4253246753246731
0.42748917748917525
0.4296536796536774
0.4307359307359285
0.43181818181817955
0.4339826839826817
0.43506493506493277
0.43506493506493277
0.43614718614718384
0.4372294372294349
0.438311688311686
0.44047619047618813
0.4426406926406903
0.4448051948051924
0.4458874458874435
0.44805194805194565
0.4491341991341967
0.4502164502164478
0.45129870129869887
0.45238095238094994
0.453463203463201
0.453463203463201
0.45562770562770316
0.45562770562770316
0.4577922077922053
0.4577922077922053
0.4588744588744564
0.45995670995670745
0.46103896103895853
0.46103896103895853
0.4632034632034607
0.4653679653679628
0.46753246753246497
0.46861471861471604
0.4696969696969671
0.47186147186146926
0.47186147186146926
0.4740259740259714
0.47619047619047356
0.4783549783549757
0.4783549783549757
0.48051948051947785
0.4816017316017289
0.48376623376623107
0.4859307359307332
0.4870129870129843
0.48809523809523536
0.48917748917748644
0.4902597402597375
0.4913419913419886
0.49242424242423966
0.49350649350649073
0.4945887445887418
0.4956709956709929
0.4956709956709929
0.49675324675324395
0.497835497835495
0.4989177489177461
0.49999999999999717
0.5010822510822482
0.5021645021644994
0.5032467532467505
0.5043290043290016
0.5054112554112528
0.5064935064935039
0.507575757575755
0.507575757575755
0.5086580086580061
0.5097402597402573
0.5108225108225084
0.5119047619047595
0.5129870129870107
0.5140692640692618
0.5151515151515129
0.516233766233764
0.5173160173160152
0.5183982683982663
0.5194805194805174
0.5205627705627686
0.5216450216450197
0.5227272727272708
0.523809523809522
0.5248917748917731
0.5259740259740242
0.5270562770562753
0.5281385281385265
0.5292207792207776
0.5303030303030287
0.5313852813852799
0.532467532467531
0.532467532467531
0.5335497835497821
0.5346320346320332
0.5357142857142844
0.5367965367965355
0.5378787878787866
0.5389610389610378
0.5400432900432889
0.54112554112554
0.5422077922077911
0.5432900432900423
0.5443722943722934
0.5454545454545445
0.5465367965367957
0.5476190476190468
0.5487012987012979
0.5487012987012979
0.549783549783549
0.5508658008658002
0.5519480519480513
0.5530303030303024
0.5541125541125536
0.5551948051948047
0.5562770562770558
0.5573593073593069
0.5584415584415581
0.5584415584415581
0.5595238095238092
0.5606060606060603
0.5616883116883115
0.5627705627705626
0.5638528138528137
0.5649350649350648
0.566017316017316
0.5670995670995671
0.5681818181818182
0.5692640692640694
0.5703463203463205
0.5714285714285716
0.5725108225108227
0.5735930735930739
0.574675324675325
0.5757575757575761
0.5768398268398273
0.5779220779220784
0.5790043290043295
0.5800865800865806
0.5811688311688318
0.5822510822510829
0.5822510822510829
0.583333333333334
0.5844155844155852
0.5854978354978363
0.5865800865800874
0.5876623376623386
0.5876623376623386
0.5887445887445897
0.5898268398268408
0.5909090909090919
0.5919913419913431
0.5930735930735942
0.5941558441558453
0.5952380952380965
0.5963203463203476
0.5974025974025987
0.5984848484848498
0.599567099567101
0.6006493506493521
0.6017316017316032
0.6028138528138544
0.6038961038961055
0.6049783549783566
0.6060606060606077
0.6071428571428589
0.60822510822511
0.6093073593073611
0.6103896103896123
0.6114718614718634
0.6125541125541145
0.6136363636363656
0.6147186147186168
0.6158008658008679
0.616883116883119
0.6179653679653702
0.6190476190476213
0.6201298701298724
0.6212121212121235
0.6222943722943747
0.6233766233766258
0.6244588744588769
0.6255411255411281
0.6255411255411281
0.6266233766233792
0.6277056277056303
0.6277056277056303
0.6287878787878814
0.6298701298701326
0.6309523809523837
0.6320346320346348
0.633116883116886
0.6341991341991371
0.6352813852813882
0.6363636363636394
0.6374458874458905
0.6385281385281416
0.6396103896103927
0.6406926406926439
0.641774891774895
0.6428571428571461
0.6439393939393973
0.6450216450216484
0.6461038961038995
0.6471861471861506
0.6482683982684018
0.6493506493506529
0.650432900432904
0.6515151515151552
0.6525974025974063
0.6536796536796574
0.6547619047619085
0.6558441558441597
0.6569264069264108
0.6580086580086619
0.6590909090909131
0.6601731601731642
0.6612554112554153
0.6612554112554153
0.6623376623376664
0.6634199134199176
0.6645021645021687
0.6655844155844198
0.666666666666671
0.666666666666671
0.6677489177489221
0.6688311688311732
0.6699134199134243
0.6709956709956755
0.6720779220779266
0.6731601731601777
0.6742424242424289
0.67532467532468
0.6764069264069311
0.6774891774891822
0.6785714285714334
0.6796536796536845
0.6807359307359356
0.6818181818181868
0.6829004329004379
0.683982683982689
0.6850649350649402
0.6861471861471913
0.6872294372294424
0.6883116883116935
0.6893939393939447
0.6904761904761958
0.6915584415584469
0.692640692640698
0.692640692640698
0.6937229437229492
0.6948051948052003
0.6958874458874514
0.6969696969697026
0.6980519480519537
0.6991341991342048
0.700216450216456
0.7012987012987071
0.7012987012987071
0.7023809523809582
0.7034632034632093
0.7045454545454605
0.7056277056277116
0.7056277056277116
0.7067099567099627
0.7077922077922139
0.708874458874465
0.7099567099567161
0.7110389610389672
0.7121212121212184
0.7132034632034695
0.7142857142857206
0.7153679653679718
0.7164502164502229
0.717532467532474
0.7186147186147251
0.7196969696969763
0.7207792207792274
0.7218614718614785
0.7218614718614785
0.7229437229437297
0.7240259740259808
0.7251082251082319
0.726190476190483
0.7272727272727342
0.7283549783549853
0.7294372294372364
0.7305194805194876
0.7316017316017387
0.7326839826839898
0.733766233766241
0.7348484848484921
0.7359307359307432
0.7370129870129943
0.7380952380952455
0.7391774891774966
0.7402597402597477
0.7413419913419989
0.74242424242425
0.7435064935065011
0.7445887445887522
0.7456709956710034
0.7467532467532545
0.7478354978355056
0.7489177489177568
0.7500000000000079
0.751082251082259
0.7521645021645101
0.7532467532467613
0.7543290043290124
0.7554112554112635
0.7564935064935147
0.7575757575757658
0.7586580086580169
0.759740259740268
0.7608225108225192
0.7619047619047703
0.7629870129870214
0.7640692640692726
0.7651515151515237
0.7662337662337748
0.767316017316026
0.7683982683982771
0.7694805194805282
0.7705627705627793
0.7716450216450305
0.7727272727272816
0.7738095238095327
0.7748917748917838
0.775974025974035
0.7770562770562861
0.7781385281385372
0.7792207792207884
0.7803030303030395
0.7813852813852906
0.7824675324675417
0.7835497835497929
0.784632034632044
0.7857142857142951
0.7867965367965463
0.7878787878787974
0.7889610389610485
0.7900432900432997
0.7911255411255508
0.7922077922078019
0.793290043290053
0.7943722943723042
0.7954545454545553
0.7965367965368064
0.7976190476190576
0.7987012987013087
0.7997835497835598
0.8008658008658109
0.8019480519480621
0.8030303030303132
0.8041125541125643
0.8051948051948155
0.8062770562770666
0.8073593073593177
0.8084415584415688
0.80952380952382
0.8106060606060711
0.8116883116883222
0.8127705627705734
0.8138528138528245
0.8149350649350756
0.8160173160173267
0.8170995670995779
0.818181818181829
0.8192640692640801
0.8203463203463313
0.8214285714285824
0.8225108225108335
0.8235930735930846
0.8246753246753358
0.8257575757575869
0.826839826839838
0.8279220779220892
0.8290043290043403
0.8300865800865914
0.8311688311688425
0.8322510822510937
0.8333333333333448
0.8344155844155959
0.8354978354978471
0.8365800865800982
0.8376623376623493
0.8387445887446004
0.8398268398268516
0.8409090909091027
0.8419913419913538
0.843073593073605
0.8441558441558561
0.8452380952381072
0.8463203463203584
0.8474025974026095
0.8484848484848606
0.8495670995671117
0.8506493506493629
0.851731601731614
0.8528138528138651
0.8538961038961163
0.8549783549783674
0.8560606060606185
0.8571428571428696
0.8582251082251208
0.8593073593073719
0.8593073593073719
0.860389610389623
0.8614718614718742
0.8625541125541253
0.8636363636363764
0.8647186147186275
0.8658008658008787
0.8668831168831298
0.8679653679653809
0.8690476190476321
0.8701298701298832
0.8712121212121343
0.8722943722943854
0.8733766233766366
0.8744588744588877
0.8755411255411388
0.87662337662339
0.8777056277056411
0.8787878787878922
0.8798701298701433
0.8809523809523945
0.8820346320346456
0.8831168831168967
0.8841991341991479
0.885281385281399
0.8863636363636501
0.8874458874459012
0.8885281385281524
0.8896103896104035
0.8906926406926546
0.8917748917749058
0.8928571428571569
0.893939393939408
0.8950216450216592
0.8961038961039103
0.8971861471861614
0.8982683982684125
0.8993506493506637
0.9004329004329148
0.9015151515151659
0.902597402597417
0.9036796536796682
0.9047619047619193
0.9047619047619193
0.9058441558441704
0.9069264069264216
0.9080086580086727
0.9090909090909238
0.910173160173175
0.9112554112554261
0.9123376623376772
0.9134199134199283
0.9145021645021795
0.9155844155844306
0.9166666666666817
0.9177489177489329
0.918831168831184
0.9199134199134351
0.9209956709956862
0.9220779220779374
0.9231601731601885
0.9242424242424396
0.9253246753246908
0.9264069264069419
0.927489177489193
0.9285714285714441
0.9296536796536953
0.9307359307359464
0.9318181818181975
0.9329004329004487
0.9339826839826998
0.9350649350649509
0.936147186147202
0.9372294372294532
0.9383116883117043
0.9393939393939554
0.9404761904762066
0.9415584415584577
0.9426406926407088
0.94372294372296
0.9448051948052111
0.9458874458874622
0.9469696969697133
0.9480519480519645
0.9491341991342156
0.9502164502164667
0.9512987012987179
0.952380952380969
0.9534632034632201
0.9545454545454712
0.9556277056277224
0.9567099567099735
0.9577922077922246
0.9588744588744758
0.9599567099567269
0.961038961038978
0.9621212121212291
0.9632034632034803
0.9642857142857314
0.9653679653679825
0.9664502164502337
0.9675324675324848
0.9686147186147359
0.969696969696987
0.9707792207792382
0.9718614718614893
0.9729437229437404
0.9740259740259916
0.9751082251082427
0.9761904761904938
0.977272727272745
0.9783549783549961
0.9794372294372472
0.9805194805194983
0.9816017316017495
0.9826839826840006
0.9837662337662517
0.9848484848485028
0.985930735930754
0.9870129870130051
0.9880952380952562
0.9891774891775074
0.9902597402597585
0.9913419913420096
0.9924242424242607
0.9935064935065119
0.994588744588763
0.9956709956710141
0.9967532467532653
0.9978354978355164
0.9989177489177675
1.0000000000000187
