0.11796536796536819
0.11796536796536819
0.11904761904761928
0.12012987012987036
0.12121212121212145
0.12121212121212145
0.12229437229437254
0.12337662337662363
0.12445887445887471
0.12662337662337686
0.12662337662337686
0.12770562770562793
0.12770562770562793
0.128787878787879
0.12987012987013008
0.13095238095238115
0.13203463203463223
0.13203463203463223
0.1331168831168833
0.1331168831168833
0.1331168831168833
0.1331168831168833
0.1331168831168833
0.13419913419913437
0.13528138528138545
0.13528138528138545
0.13636363636363652
0.1374458874458876
0.13852813852813867
0.13961038961038974
0.13961038961038974
0.1406926406926408
0.14285714285714296
0.1417748917748919
0.14393939393939403
0.1450216450216451
0.14610389610389618
0.14610389610389618
0.14718614718614725
0.14826839826839833
0.14826839826839833
0.1493506493506494
0.14826839826839833
0.14826839826839833
0.14826839826839833
0.1493506493506494
0.1493506493506494
0.15043290043290047
0.15151515151515155
0.15151515151515155
0.15259740259740262
0.1536796536796537
0.15476190476190477
0.15584415584415584
0.15584415584415584
0.15584415584415584
0.15692640692640691
0.158008658008658
0.158008658008658
0.15692640692640691
0.158008658008658
0.15909090909090906
0.16774891774891765
0.1699134199134198
0.1699134199134198
0.17099567099567087
0.17207792207792194
0.17316017316017301
0.17316017316017301
0.1742424242424241
0.17532467532467516
0.17640692640692623
0.1861471861471859
0.18506493506493482
0.1861471861471859
0.1861471861471859
0.1861471861471859
0.1861471861471859
0.18722943722943697
0.18722943722943697
0.18722943722943697
0.18831168831168804
0.1861471861471859
0.18722943722943697
0.18831168831168804
0.18939393939393911
0.18939393939393911
0.18939393939393911
0.1904761904761902
0.19155844155844126
0.19264069264069233
0.19155844155844126
0.19155844155844126
0.19155844155844126
0.19155844155844126
0.19264069264069233
0.19155844155844126
0.1904761904761902
0.19155844155844126
0.19480519480519448
0.19480519480519448
0.19588744588744555
0.19696969696969663
0.1980519480519477
0.19913419913419877
0.20021645021644985
0.2099567099567095
0.2099567099567095
0.2099567099567095
0.21103896103896058
0.21103896103896058
0.21212121212121166
0.21212121212121166
0.21320346320346273
0.2142857142857138
0.21536796536796488
0.21536796536796488
0.21536796536796488
0.21645021645021595
0.21645021645021595
0.21753246753246702
0.2186147186147181
0.21969696969696917
0.21969696969696917
0.22077922077922024
0.22186147186147132
0.2229437229437224
0.22402597402597346
0.22510822510822454
0.2261904761904756
0.2261904761904756
0.22727272727272668
0.22727272727272668
0.22835497835497776
0.22943722943722883
0.22943722943722883
0.2305194805194799
0.2305194805194799
0.23160173160173098
0.23268398268398205
0.23268398268398205
0.23376623376623312
0.2348484848484842
0.23593073593073527
0.23701298701298634
0.23809523809523742
0.23809523809523742
0.24134199134199064
0.2424242424242417
0.24350649350649278
0.24458874458874386
0.24567099567099493
0.246753246753246
0.24783549783549708
0.24783549783549708
0.24891774891774815
0.24891774891774815
0.24891774891774815
0.24999999999999922
0.24999999999999922
0.24999999999999922
0.24999999999999922
0.24999999999999922
0.2510822510822503
0.25216450216450137
0.2543290043290035
0.25649350649350566
0.25757575757575674
0.2586580086580078
0.2597402597402589
0.26082251082250996
0.26190476190476103
0.2629870129870121
0.2673160173160164
0.26839826839826747
0.26948051948051854
0.2705627705627696
0.2716450216450207
0.27272727272727176
0.2748917748917739
0.275974025974025
0.27705627705627606
0.27813852813852713
0.2792207792207782
0.2803030303030293
0.2803030303030293
0.2792207792207782
0.27813852813852713
0.2792207792207782
0.2803030303030293
0.28138528138528035
0.2824675324675314
0.2835497835497825
0.28463203463203357
0.2867965367965357
0.28896103896103786
0.29004329004328894
0.2922077922077911
0.29112554112554
0.29004329004328894
0.29112554112554
0.29112554112554
0.29112554112554
0.29329004329004216
0.29437229437229323
0.2954545454545443
0.30086580086579967
0.30086580086579967
0.30086580086579967
0.30086580086579967
0.30194805194805074
0.30194805194805074
0.3030303030303018
0.3030303030303018
0.3030303030303018
0.3041125541125529
0.3041125541125529
0.30519480519480396
0.30519480519480396
0.30627705627705504
0.3073593073593061
0.30952380952380826
0.31060606060605933
0.31060606060605933
0.3116883116883104
0.3116883116883104
0.3116883116883104
0.31385281385281255
0.3160173160173147
0.31709956709956577
0.31818181818181684
0.3192640692640679
0.320346320346319
0.32142857142857006
0.32142857142857006
0.3235930735930722
0.3311688311688297
0.3311688311688297
0.3311688311688297
0.3311688311688297
0.3311688311688297
0.3322510822510808
0.33333333333333187
0.33441558441558294
0.335497835497834
0.3365800865800851
0.33766233766233616
0.3365800865800851
0.3365800865800851
0.33766233766233616
0.33766233766233616
0.33766233766233616
0.3365800865800851
0.3365800865800851
0.33766233766233616
0.33874458874458724
0.33874458874458724
0.33874458874458724
0.33874458874458724
0.3398268398268383
0.3409090909090894
0.3398268398268383
0.3409090909090894
0.3409090909090894
0.34199134199134046
0.34307359307359153
0.3441558441558426
0.3452380952380937
0.34632034632034475
0.3474025974025958
0.3484848484848469
0.3484848484848469
0.34956709956709797
0.35064935064934905
0.3517316017316001
0.3528138528138512
0.35389610389610227
0.35497835497835334
0.3560606060606044
0.3603896103896087
0.3636363636363619
0.364718614718613
0.364718614718613
0.3658008658008641
0.3658008658008641
0.36688311688311515
0.3658008658008641
0.36688311688311515
0.3679653679653662
0.3690476190476173
0.37012987012986837
0.37012987012986837
0.37012987012986837
0.37012987012986837
0.37012987012986837
0.37445887445887266
0.3733766233766216
0.3733766233766216
0.37445887445887266
0.37554112554112373
0.3766233766233748
0.3777056277056259
0.37878787878787695
0.379870129870128
0.3809523809523791
0.3820346320346302
0.3820346320346302
0.3820346320346302
0.38311688311688125
0.38636363636363447
0.38636363636363447
0.38636363636363447
0.3852813852813834
0.3841991341991323
0.38744588744588554
0.38744588744588554
0.38744588744588554
0.38744588744588554
0.38744588744588554
0.38744588744588554
0.38744588744588554
0.38744588744588554
0.38744588744588554
0.38744588744588554
0.3885281385281366
0.3896103896103877
0.39069264069263876
0.39177489177488983
0.393939393939392
0.39502164502164305
0.3961038961038941
0.3971861471861452
0.3982683982683963
0.39935064935064735
0.4004329004328984
0.4015151515151495
0.40259740259740057
0.40367965367965164
0.4047619047619027
0.4058441558441538
0.4058441558441538
0.4058441558441538
0.4058441558441538
0.40692640692640486
0.4101731601731581
0.4101731601731581
0.4101731601731581
0.4134199134199113
0.4145021645021624
0.41558441558441345
0.4166666666666645
0.4166666666666645
0.4166666666666645
0.4177489177489156
0.4177489177489156
0.4177489177489156
0.4177489177489156
0.41883116883116667
0.41883116883116667
0.41991341991341774
0.4209956709956688
0.4220779220779199
0.42316017316017096
0.42424242424242203
0.4253246753246731
0.42748917748917525
0.4296536796536774
0.4307359307359285
0.43181818181817955
0.4329004329004306
0.4339826839826817
0.43614718614718384
0.43614718614718384
0.4372294372294349
0.438311688311686
0.43939393939393706
0.44047619047618813
0.4415584415584392
0.4426406926406903
0.44372294372294135
0.4448051948051924
0.4458874458874435
0.4469696969696946
0.44805194805194565
0.453463203463201
0.45670995670995423
0.45995670995670745
0.4653679653679628
0.46753246753246497
0.4751082251082225
0.47727272727272463
0.4794372294372268
0.48051948051947785
0.4816017316017289
0.48268398268398
0.48376623376623107
0.48484848484848214
0.4859307359307332
0.4870129870129843
0.48809523809523536
0.4902597402597375
0.49242424242423966
0.4945887445887418
0.4956709956709929
0.49675324675324395
0.497835497835495
0.4989177489177461
0.5010822510822482
0.5021645021644994
0.5032467532467505
0.5032467532467505
0.5054112554112528
0.507575757575755
0.507575757575755
0.507575757575755
0.507575757575755
0.507575757575755
0.507575757575755
0.507575757575755
0.507575757575755
0.507575757575755
0.5086580086580061
0.5097402597402573
0.5108225108225084
0.5119047619047595
0.5129870129870107
0.5140692640692618
0.5151515151515129
0.516233766233764
0.5173160173160152
0.5183982683982663
0.5194805194805174
0.5205627705627686
0.5259740259740242
0.5270562770562753
0.5281385281385265
0.5292207792207776
0.5303030303030287
0.5313852813852799
0.532467532467531
0.5335497835497821
0.5346320346320332
0.5357142857142844
0.5367965367965355
0.5378787878787866
0.5389610389610378
0.54112554112554
0.54112554112554
0.54112554112554
0.5422077922077911
0.5422077922077911
0.5432900432900423
0.5432900432900423
0.5443722943722934
0.5454545454545445
0.5454545454545445
0.5454545454545445
0.5465367965367957
0.5476190476190468
0.5476190476190468
0.5487012987012979
0.549783549783549
0.549783549783549
0.5487012987012979
0.5487012987012979
0.5487012987012979
0.5487012987012979
0.5487012987012979
0.5487012987012979
0.549783549783549
0.549783549783549
0.5508658008658002
0.5508658008658002
0.5508658008658002
0.549783549783549
0.549783549783549
0.549783549783549
0.549783549783549
0.549783549783549
0.5519480519480513
0.5530303030303024
0.5584415584415581
0.5638528138528137
0.5649350649350648
0.5670995670995671
0.5692640692640694
0.5703463203463205
0.5714285714285716
0.5725108225108227
0.5822510822510829
0.5854978354978363
0.5865800865800874
0.5876623376623386
0.5887445887445897
0.5898268398268408
0.5909090909090919
0.5909090909090919
0.5941558441558453
0.5941558441558453
0.5941558441558453
0.5941558441558453
0.5941558441558453
0.5941558441558453
0.5941558441558453
0.5941558441558453
0.5941558441558453
0.5941558441558453
0.5952380952380965
0.5963203463203476
0.5963203463203476
0.5963203463203476
0.5974025974025987
0.5984848484848498
0.5984848484848498
0.599567099567101
0.6006493506493521
0.6006493506493521
0.6006493506493521
0.6006493506493521
0.6006493506493521
0.6017316017316032
0.6017316017316032
0.6017316017316032
0.6017316017316032
0.6006493506493521
0.6006493506493521
0.599567099567101
0.599567099567101
0.6028138528138544
0.6038961038961055
0.6049783549783566
0.6060606060606077
0.6060606060606077
0.6071428571428589
0.6071428571428589
0.6071428571428589
0.6071428571428589
0.6071428571428589
0.6071428571428589
0.6071428571428589
0.6093073593073611
0.6093073593073611
0.6103896103896123
0.6103896103896123
0.6103896103896123
0.6103896103896123
0.6114718614718634
0.6114718614718634
0.6114718614718634
0.6114718614718634
0.6114718614718634
0.6125541125541145
0.6125541125541145
0.6125541125541145
0.6125541125541145
0.6125541125541145
0.6125541125541145
0.6125541125541145
0.6125541125541145
0.6125541125541145
0.6125541125541145
0.6125541125541145
0.6125541125541145
0.6125541125541145
0.6125541125541145
0.6125541125541145
0.6125541125541145
0.6125541125541145
0.6125541125541145
0.6255411255411281
0.6352813852813882
0.6406926406926439
0.6461038961038995
0.6471861471861506
0.6493506493506529
0.6525974025974063
0.6634199134199176
0.6645021645021687
0.6655844155844198
0.6774891774891822
0.6785714285714334
0.6796536796536845
0.6807359307359356
0.6818181818181868
0.6915584415584469
0.700216450216456
0.7034632034632093
0.708874458874465
0.7099567099567161
0.7110389610389672
0.7142857142857206
0.726190476190483
0.7283549783549853
0.7294372294372364
0.7305194805194876
0.7781385281385372
0.7792207792207884
0.7824675324675417
0.7922077922078019
0.793290043290053
0.7943722943723042
0.8051948051948155
0.8062770562770666
0.8138528138528245
0.8149350649350756
0.8160173160173267
0.818181818181829
0.8214285714285824
0.8225108225108335
0.8235930735930846
0.8279220779220892
0.8300865800865914
0.8311688311688425
0.8333333333333448
0.8354978354978471
0.8398268398268516
0.8441558441558561
0.8452380952381072
0.8463203463203584
0.8484848484848606
0.8495670995671117
0.8506493506493629
0.8528138528138651
0.8538961038961163
0.8582251082251208
0.8614718614718742
0.8625541125541253
0.8636363636363764
0.8787878787878922
0.8798701298701433
0.8820346320346456
0.8874458874459012
0.8917748917749058
0.8928571428571569
0.893939393939408
0.8950216450216592
0.8993506493506637
0.9004329004329148
0.9047619047619193
0.9058441558441704
0.9069264069264216
0.9090909090909238
0.918831168831184
0.9199134199134351
0.9220779220779374
0.9231601731601885
0.9242424242424396
0.9296536796536953
0.9307359307359464
0.9318181818181975
0.9329004329004487
0.9339826839826998
0.9383116883117043
0.9415584415584577
0.9426406926407088
0.94372294372296
0.9480519480519645
0.9491341991342156
0.9502164502164667
0.9642857142857314
0.9664502164502337
0.9675324675324848
0.9686147186147359
0.969696969696987
0.9707792207792382
0.9718614718614893
0.9729437229437404
0.9740259740259916
0.9751082251082427
0.9761904761904938
0.9783549783549961
0.9794372294372472
0.9805194805194983
0.9816017316017495
0.9826839826840006
0.9837662337662517
0.9848484848485028
0.985930735930754
0.9902597402597585
0.9913419913420096
0.9924242424242607
0.9935064935065119
0.994588744588763
0.9956709956710141
0.9967532467532653
0.9978354978355164
0.9989177489177675
1.0000000000000187
