0.1227272727272724
0.12558139534883694
0.1284185493460166
0.12318840579710166
0.12515337423312917
0.12468827930174586
0.126582278481013
0.12724935732647807
0.12532637075718045
0.1273209549071617
0.12803234501347693
0.128767123287671
0.13073713490959682
0.1327683615819209
0.13180515759312303
0.1337209302325583
0.13549337260677446
0.13582089552238807
0.1376701966717095
0.13957055214723937
0.14152410575427682
0.14353312302839116
0.14536741214057472
0.14724919093851127
0.14918032786885232
0.15116279069767444
0.14983164983164993
0.15161839863713808
0.1534482758620692
0.1550522648083626
0.15669014084507027
0.15836298932384316
0.1597845601436267
0.16123188405797098
0.16270566727605118
0.16420664206642085
0.16387337057728107
0.16541353383458673
0.16508538899430716
0.164750957854406
0.1663442940038683
0.166015625
0.16535433070866118
0.1666666666666663
0.16600000000000012
0.16733870967741923
0.16869918699187003
0.1700819672131149
0.1673553719008261
0.16875
0.1701680672268908
0.17161016949152516
0.17307692307692307
0.17456896551724124
0.1760869565217389
0.17763157894736878
0.17920353982300907
0.18080357142857137
0.18202247191011253
0.18325791855203613
0.1799544419134395
0.1811926605504584
0.18244803695150094
0.18372093023255778
0.1850117096018737
0.18632075471698112
0.1876484560570072
0.18899521531100505
0.1903614457831324
0.19174757281553392
0.19070904645476794
0.19211822660098504
0.193548387096774
0.19500000000000012
0.1964735516372794
0.19746835443038013
0.19592875318066136
0.19437340153452662
0.1928020565552698
0.1937984496124029
0.19220779220779224
0.19321148825065307
0.18897637795275624
0.18997361477572575
0.19098143236074266
0.18933333333333355
0.190348525469169
0.19137466307277617
0.1924119241192409
0.19073569482288855
0.19178082191780801
0.1928374655647383
0.1939058171745153
0.19498607242339866
0.19607843137254882
0.19718309859154917
0.19830028328611876
0.19943019943019955
0.20057306590257853
0.20172910662824187
0.20289855072463778
0.20408163265306092
0.20527859237536644
0.20648967551622383
0.20771513353115711
0.20895522388059717
0.20720720720720692
0.2084592145015107
0.20972644376899696
0.21100917431192642
0.21230769230769256
0.21362229102167196
0.21495327102803738
0.21630094043887121
0.21766561514195598
0.21587301587301563
0.2172523961661338
0.21864951768488727
0.22006472491909362
0.22149837133550496
0.2229508196721308
0.22442244224422475
0.2259136212624582
0.22742474916387947
0.2289562289562293
0.2305084745762713
0.23129251700680287
0.23208191126279842
0.23287671232876755
0.23367697594501685
0.23448275862068998
0.23529411764705868
0.23611111111111074
0.23693379790940763
0.23776223776223765
0.23859649122807045
0.23943661971830965
0.24028268551236734
0.24113475177304988
0.24199288256227727
0.24285714285714247
0.24372759856630855
0.24460431654676285
0.24548736462093845
0.24637681159420255
0.2472727272727271
0.24817518248175163
0.24908424908424867
0.24999999999999956
0.2509225092250925
0.2518518518518521
0.2527881040892197
0.2537313432835824
0.25468164794007514
0.2556390977443609
0.25660377358490566
0.2575757575757574
0.25855513307984807
0.25954198473282475
0.2605363984674331
0.26153846153846105
0.26254826254826236
0.2635658914728686
0.26459143968871546
0.265625
0.26666666666666616
0.2677165354330705
0.26877470355731237
0.2698412698412693
0.2709163346613544
0.2720000000000002
0.2730923694779114
0.2741935483870966
0.2753036437246965
0.27642276422764217
0.27755102040816293
0.27868852459016413
0.2798353909465021
0.2809917355371896
0.282157676348548
0.28333333333333355
0.28033472803347315
0.2773109243697482
0.278481012658228
0.2796610169491522
0.28085106382978753
0.28205128205128227
0.2789699570815451
0.2801724137931035
0.2813852813852814
0.28260869565217384
0.2838427947598256
0.2850877192982461
0.2863436123348018
0.2876106194690269
0.2888888888888887
0.29017857142857156
0.29147982062780314
0.2927927927927931
0.2895927601809956
0.29090909090909073
0.2922374429223744
0.29357798165137594
0.29032258064516125
0.2916666666666666
0.293023255813953
0.29439252336448596
0.2957746478873243
0.2971698113207547
0.2985781990521324
0.30000000000000004
0.2966507177033494
0.29807692307692313
0.2995169082125604
0.3009708737864077
0.30243902439024406
0.30392156862745096
0.3054187192118224
0.3069306930693071
0.308457711442786
0.31000000000000016
0.3115577889447237
0.313131313131313
0.314720812182741
0.31632653061224514
0.3179487179487179
0.3195876288659793
0.32124352331606226
0.3229166666666666
0.32460732984293217
0.3263157894736842
0.328042328042328
0.329787234042553
0.33155080213903754
0.33333333333333315
0.33513513513513515
0.33695652173913065
0.33879781420765054
0.34065934065934045
0.34254143646408786
0.3444444444444442
0.34636871508379863
0.34831460674157355
0.3502824858757064
0.35227272727272707
0.3542857142857148
0.35632183908045945
0.3583815028901733
0.36046511627907013
0.36257309941520466
0.364705882352941
0.3668639053254434
0.3690476190476188
0.3712574850299398
0.3734939759036147
0.3757575757575756
0.3780487804878051
0.38036809815950956
0.38271604938271664
0.3850931677018638
0.3874999999999996
0.38993710691823896
0.39240506329113894
0.3949044585987261
0.397435897435897
0.4000000000000002
0.4025974025974027
0.4052287581699342
0.40789473684210553
0.4105960264900659
0.41333333333333283
0.4161073825503352
0.41891891891891836
0.42176870748299344
0.42465753424657604
0.4275862068965523
0.43055555555555497
0.43356643356643343
0.4366197183098588
0.439716312056738
0.4428571428571422
0.44604316546762635
0.44927536231884
0.4525547445255471
0.45588235294117574
0.4592592592592597
0.46268656716417955
0.46616541353383456
0.46969696969696934
0.47328244274809217
0.4769230769230761
0.4806201550387603
0.484375
0.4881889763779521
0.4920634920634912
0.4960000000000004
0.4999999999999996
0.504065040650406
0.5000000000000003
0.5041322314049579
0.508333333333334
0.5126050420168075
0.5169491525423723
0.521367521367522
0.5258620689655175
0.5304347826086957
0.5350877192982465
0.5398230088495581
0.5446428571428575
0.54954954954955
0.5545454545454543
0.5596330275229355
0.5648148148148145
0.5700934579439252
0.5754716981132075
0.5809523809523811
0.5865384615384617
0.5922330097087377
0.5980392156862745
0.5940594059405944
0.6000000000000003
0.6060606060606059
0.6122448979591841
0.6185567010309277
0.6249999999999999
0.631578947368421
0.6382978723404252
0.6451612903225803
0.6521739130434786
0.659340659340659
0.6666666666666663
0.6741573033707875
0.6704545454545451
0.6781609195402293
0.6860465116279076
0.6941176470588233
0.702380952380952
0.7108433734939763
0.7195121951219516
0.7283950617283961
0.7374999999999994
0.7468354430379742
0.7564102564102557
0.7662337662337664
0.7763157894736846
0.7866666666666657
0.7972972972972963
0.808219178082193
0.8194444444444434
0.8309859154929571
0.8428571428571418
0.855072463768115
0.8676470588235281
0.8805970149253739
0.8939393939393933
0.9076923076923062
0.921875
0.936507936507935
0.9516129032258057
0.9672131147540991
0.9833333333333347
0.9999999999999989
0.9999999999999989
0.9999999999999989
0.9999999999999989
0.9999999999999989
0.9999999999999989
0.9999999999999989
0.9999999999999989
0.9999999999999989
0.9999999999999989
0.9999999999999989
0.9999999999999989
0.9999999999999989
0.9999999999999989
0.9999999999999989
0.9999999999999989
0.9999999999999989
0.9999999999999989
0.9999999999999989
0.9999999999999989
0.9999999999999989
0.9999999999999989
0.9999999999999989
0.9999999999999989
0.9999999999999989
0.9999999999999989
0.9999999999999989
0.9999999999999989
0.9999999999999989
0.9999999999999989
0.9999999999999989
0.9999999999999989
0.9999999999999989
0.9999999999999989
0.9999999999999989
0.9999999999999989
0.9999999999999989
0.9999999999999989
0.9999999999999989
0.9999999999999989
0.9999999999999989
0.9999999999999989
0.9999999999999989
0.9999999999999989
0.9999999999999989
0.9999999999999989
0.9999999999999989
0.9999999999999989
0.9999999999999989
0.9999999999999989
0.9999999999999989
0.9999999999999989
0.9999999999999989
0.9999999999999989
0.9999999999999989
0.9999999999999989
0.9999999999999989
0.9999999999999989
0.9999999999999989
0.9999999999999989
0.9999999999999989
0.9999999999999989
0.9999999999999989
0.9999999999999989
0.9999999999999989
0.9999999999999989
0.9999999999999989
0.9999999999999989
0.9999999999999989
0.9999999999999989
0.9999999999999989
0.9999999999999989
0.9999999999999989
0.9999999999999989
0.9999999999999989
0.9999999999999989
0.9999999999999989
0.9999999999999989
0.9999999999999989
0.9999999999999989
0.9999999999999989
0.9999999999999989
0.9999999999999989
0.9999999999999989
0.9999999999999989
0.9999999999999989
0.9999999999999989
0.9999999999999989
0.9999999999999989
0.9999999999999989
0.9999999999999989
0.9999999999999989
0.9999999999999989
0.9999999999999989
0.9999999999999989
0.9999999999999989
0.9999999999999989
0.9999999999999989
0.9999999999999989
0.9999999999999989
0.9999999999999989
0.9999999999999989
0.9999999999999989
0.9999999999999989
0.9999999999999989
0.9999999999999989
0.9999999999999989
0.9999999999999989
0.9999999999999989
0.9999999999999989
0.9999999999999989
0.9999999999999989
0.9999999999999989
0.9999999999999989
0.9999999999999989
0.9999999999999989
0.9999999999999989
0.9999999999999989
0.9999999999999989
0.9999999999999989
0.9999999999999989
0.9999999999999989
0.9999999999999989
0.9999999999999989
0.9999999999999989
0.9999999999999989
0.9999999999999989
0.9999999999999989
0.9999999999999989
0.9999999999999989
0.9999999999999989
0.9999999999999989
0.9999999999999989
0.9999999999999989
0.9999999999999989
0.9999999999999989
0.9999999999999989
0.9999999999999989
0.9999999999999989
0.9999999999999989
0.9999999999999989
0.9999999999999989
0.9999999999999989
0.9999999999999989
0.9999999999999989
0.9999999999999989
0.9999999999999989
0.9999999999999989
0.9999999999999989
0.9999999999999989
0.9999999999999989
0.9999999999999989
0.9999999999999989
0.9999999999999989
0.9999999999999989
0.9999999999999989
0.9999999999999989
0.9999999999999989
0.9999999999999989
0.9999999999999989
0.9999999999999989
0.9999999999999989
0.9999999999999989
0.9999999999999989
0.9999999999999989
0.9999999999999989
0.9999999999999989
0.9999999999999989
0.9999999999999989
0.9999999999999989
0.9999999999999989
0.9999999999999989
0.9999999999999989
0.9999999999999989
0.9999999999999989
0.9999999999999989
0.9999999999999989
0.9999999999999989
0.9999999999999989
0.9999999999999989
0.9999999999999989
0.9999999999999989
0.9999999999999989
0.9999999999999989
0.9999999999999989
0.9999999999999989
0.9999999999999989
0.9999999999999989
0.9999999999999989
0.9999999999999989
0.9999999999999989
0.9999999999999989
0.9999999999999989
0.9999999999999989
0.9999999999999989
0.9999999999999989
0.9999999999999989
0.9999999999999989
0.9999999999999989
0.9999999999999989
0.9999999999999989
0.9999999999999989
0.9999999999999989
0.9999999999999989
0.9999999999999989
0.9999999999999989
0.9999999999999989
0.9999999999999989
0.9999999999999989
0.9999999999999989
0.9999999999999989
0.9999999999999989
0.9999999999999989
0.9999999999999989
0.9999999999999989
0.9999999999999989
0.9999999999999989
0.9999999999999989
0.9999999999999989
0.9999999999999989
0.9999999999999989
0.9999999999999989
0.9999999999999989
0.9999999999999989
0.9999999999999989
0.9999999999999989
0.9999999999999989
0.9999999999999989
0.9999999999999989
0.9999999999999989
0.9999999999999989
0.9999999999999989
0.9999999999999989
0.9999999999999989
0.9999999999999989
0.9999999999999989
0.9999999999999989
0.9999999999999989
0.9999999999999989
0.9999999999999989
0.9999999999999989
0.9999999999999989
0.9999999999999989
0.9999999999999989
0.9999999999999989
0.9999999999999989
0.9999999999999989
0.9999999999999989
0.9999999999999989
0.9999999999999989
0.9999999999999989
0.9999999999999989
0.9999999999999989
0.9999999999999989
0.9999999999999989
0.9999999999999989
0.9999999999999989
0.9999999999999989
0.9999999999999989
0.9999999999999989
0.9999999999999989
0.9999999999999989
0.9999999999999989
0.9999999999999989
0.9999999999999989
0.9999999999999989
0.9999999999999989
0.9999999999999989
0.9999999999999989
0.9999999999999989
0.9999999999999989
0.9999999999999989
0.9999999999999989
0.9999999999999989
0.9999999999999989
0.9999999999999989
0.9999999999999989
0.9999999999999989
0.9999999999999989
0.9999999999999989
0.9999999999999989
0.9999999999999989
0.9999999999999989
0.9999999999999989
0.9999999999999989
0.9999999999999989
0.9999999999999989
0.9999999999999989
0.9999999999999989
0.9999999999999989
0.9999999999999989
0.9999999999999989
0.9999999999999989
0.9999999999999989
0.9999999999999989
0.9999999999999989
0.9999999999999989
0.9999999999999989
0.9999999999999989
0.9999999999999989
0.9999999999999989
0.9999999999999989
0.9999999999999989
0.9999999999999989
0.9999999999999989
0.9999999999999989
0.9999999999999989
0.9999999999999989
0.9999999999999989
0.9999999999999989
0.9999999999999989
0.9999999999999989
0.9999999999999989
0.9999999999999989
0.9999999999999989
0.9999999999999989
0.9999999999999989
0.9999999999999989
0.9999999999999989
0.9999999999999989
0.9999999999999989
0.9999999999999989
0.9999999999999989
0.9999999999999989
0.9999999999999989
0.9999999999999989
0.9999999999999989
