0.351555136663525
0.35188679245283017
0.352219074598678
0.35255198487712663
0.35288552507095555
0.35321969696969696
0.35355450236966823
0.3538899430740038
0.35422602089268757
0.35456273764258556
0.3549000951474786
0.35523809523809524
0.3555767397521449
0.35591603053435117
0.3562559694364852
0.3565965583173996
0.3569377990430622
0.35727969348659006
0.3576222435282838
0.3579654510556622
0.35830931796349663
0.35865384615384616
0.3589990375360924
0.35934489402697495
0.35969141755062684
0.36003861003861004
0.36038647342995167
0.3607350096711799
0.3610842207163601
0.36143410852713176
0.3617846750727449
0.36213592233009706
0.3624878522837707
0.36284046692607
0.3631937682570594
0.3635477582846004
0.36390243902439023
0.3642578125
0.364613880742913
0.3649706457925636
0.3653281096963761
0.3656862745098039
0.366045142296369
0.3664047151277014
0.3667649950835792
0.3671259842519685
0.367487684729064
0.3678500986193294
0.368213228035538
0.3685770750988142
0.36894164193867457
0.3693069306930693
0.36967294350842417
0.37003968253968256
0.37040714995034757
0.37077534791252487
0.3711442786069652
0.3715139442231076
0.37188434695912265
0.3722554890219561
0.3726273726273726
0.373
0.3733733733733734
0.37374749498997994
0.3741223671013039
0.3744979919678715
0.3748743718592965
0.37525150905432597
0.3756294058408862
0.37600806451612906
0.3763874873864783
0.37676767676767675
0.37714863498483314
0.3775303643724696
0.3779128672745694
0.37829614604462475
0.3786802030456853
0.3790650406504065
0.37945066124109866
0.37983706720977595
0.38022426095820594
0.3806122448979592
0.38100102145045966
0.38139059304703476
0.38178096212896623
0.382172131147541
0.38256410256410256
0.38295687885010266
0.38335046248715315
0.3837448559670782
0.384140061791967
0.3845360824742268
0.3849329205366357
0.3853305785123967
0.3857290589451913
0.386128364389234
0.38652849740932643
0.3869294605809129
0.387331256490135
0.3877338877338877
0.3881373569198751
0.3885416666666667
0.38894681960375393
0.3893528183716075
0.3897596656217346
0.3901673640167364
0.39057591623036647
0.3909853249475891
0.391395592864638
0.3918067226890756
0.3922187171398528
0.39263157894736844
0.39304531085353
0.39345991561181437
0.3938753959873284
0.39429175475687106
0.39470899470899473
0.3951271186440678
0.3955461293743372
0.39596602972399153
0.39638682252922425
0.39680851063829786
0.3972310969116081
0.3976545842217484
0.39807897545357523
0.39850427350427353
0.39893048128342246
0.3993576017130621
0.39978563772775993
0.4002145922746781
0.40064446831364126
0.4010752688172043
0.4015069967707212
0.4019396551724138
0.4023732470334412
0.40280777537796975
0.40324324324324323
0.4036796536796537
0.40411700975081255
0.40455531453362253
0.40499457111834963
0.40543478260869564
0.4058759521218716
0.40631808278867104
0.40676117775354415
0.40720524017467247
0.40765027322404374
0.40809628008752735
0.4085432639649507
0.40899122807017546
0.4094401756311745
0.4098901098901099
0.41034103410341033
0.4107929515418502
0.41124586549062847
0.4116997792494481
0.4121546961325967
0.41261061946902655
0.4130675526024363
0.41352549889135254
0.413984461709212
0.41444444444444445
0.41490545050055616
0.4153674832962138
0.4158305462653289
0.41629464285714285
0.41675977653631285
0.4172259507829978
0.4176931690929451
0.41816143497757846
0.4186307519640853
0.4191011235955056
0.41957255343082117
0.42004504504504503
0.4205186020293123
0.42099322799097066
0.4214689265536723
0.42194570135746606
0.42242355605889015
0.42290249433106575
0.42338251986379116
0.4238636363636364
0.4243458475540387
0.42482915717539865
0.42531356898517675
0.4257990867579909
0.42628571428571427
0.4267734553775744
0.427262313860252
0.42775229357798167
0.42824339839265213
0.42873563218390803
0.42922899884925203
0.42972350230414746
0.4302191464821223
0.43071593533487296
0.43121387283236995
0.43171296296296297
0.4322132097334878
0.43271461716937354
0.4332171893147503
0.43372093023255814
0.4342258440046566
0.4347319347319347
0.4352392065344224
0.4357476635514019
0.43625730994152045
0.43676814988290397
0.4372801875732708
0.43779342723004694
0.4383078730904818
0.4388235294117647
0.43934040047114253
0.43985849056603776
0.44037780401416765
0.44089834515366433
0.4414201183431953
0.4419431279620853
0.4424673784104389
0.44299287410926363
0.44351961950059454
0.444047619047619
0.4445768772348033
0.4451073985680191
0.44563918757467147
0.4461722488038278
0.4467065868263473
0.447242206235012
0.4477791116446579
0.4483173076923077
0.44885679903730447
0.4493975903614458
0.4499396863691194
0.4504830917874396
0.45102781136638453
0.4515738498789346
0.45212121212121215
0.4526699029126214
0.4532199270959903
0.4537712895377129
0.4543239951278928
0.4548780487804878
0.4554334554334554
0.4559902200488998
0.4565483476132191
0.4571078431372549
0.45766871165644174
0.4582309582309582
0.45879458794587946
0.45935960591133007
0.4599260172626387
0.4604938271604938
0.4610630407911001
0.46163366336633666
0.46220570012391576
0.4627791563275434
0.46335403726708074
0.4639303482587065
0.46450809464508097
0.46508728179551123
0.4656679151061174
0.46625
0.4668335419274093
0.4674185463659148
0.46800501882057716
0.4685929648241206
0.4691823899371069
0.46977329974811083
0.4703656998738966
0.47095959595959597
0.4715549936788875
0.47215189873417723
0.47275031685678076
0.4733502538071066
0.47395171537484115
0.47455470737913485
0.4751592356687898
0.475765306122449
0.4763729246487867
0.47698209718670076
0.47759282970550576
0.4782051282051282
0.47881899871630296
0.4794344473007712
0.4800514800514801
0.4806701030927835
0.48129032258064514
0.4819121447028424
0.48253557567917205
0.483160621761658
0.48378728923476005
0.4844155844155844
0.4850455136540962
0.4856770833333333
0.4863102998696219
0.4869451697127937
0.4875816993464052
0.4882198952879581
0.4888597640891219
0.489501312335958
0.49014454664914586
0.49078947368421055
0.4914361001317523
0.4920844327176781
0.49273447820343463
0.4933862433862434
0.49403973509933774
0.4946949602122016
0.4953519256308101
0.49601063829787234
0.4966711051930759
0.49733333333333335
0.4979973297730307
0.49866310160427807
0.499330655957162
0.5
0.5006711409395973
0.5013440860215054
0.5020188425302826
0.5026954177897575
0.5033738191632928
0.504054054054054
0.5047361299052774
0.505420054200542
0.5061058344640434
0.5067934782608695
0.507482993197279
0.5081743869209809
0.5088676671214188
0.5095628415300546
0.5102599179206566
0.510958904109589
0.5116598079561042
0.5123626373626373
0.5130674002751031
0.5137741046831956
0.5144827586206897
0.5151933701657458
0.5159059474412172
0.5166204986149584
0.5173370319001387
0.5180555555555556
0.5187760778859527
0.5194986072423399
0.5202231520223152
0.520949720670391
0.5216783216783217
0.5224089635854342
0.5231416549789621
0.523876404494382
0.5246132208157525
0.5253521126760563
0.5260930888575458
0.5268361581920904
0.5275813295615276
0.5283286118980169
0.5290780141843971
0.5298295454545454
0.5305832147937412
0.5313390313390314
0.5320970042796006
0.5328571428571428
0.5336194563662375
0.5343839541547278
0.5351506456241033
0.5359195402298851
0.5366906474820143
0.537463976945245
0.5382395382395382
0.5390173410404624
0.5397973950795948
0.5405797101449276
0.5413642960812772
0.5421511627906976
0.5429403202328966
0.543731778425656
0.5445255474452555
0.5453216374269005
0.5461200585651538
0.5469208211143695
0.5477239353891337
0.5485294117647059
0.5493372606774669
0.5501474926253688
0.55096011816839
0.5517751479289941
0.5525925925925926
0.5534124629080118
0.5542347696879644
0.5550595238095238
0.555886736214605
0.5567164179104478
0.5575485799701047
0.5583832335329342
0.5592203898050975
0.56006006006006
0.5609022556390978
0.5617469879518072
0.5625942684766214
0.5634441087613293
0.5642965204236006
0.5651515151515152
0.5660091047040972
0.5668693009118541
0.5677321156773212
0.5685975609756098
0.5694656488549619
0.5703363914373089
0.5712098009188361
0.5720858895705522
0.5729646697388633
0.5738461538461539
0.5747303543913713
0.5756172839506173
0.5765069551777434
0.5773993808049536
0.5782945736434109
0.5791925465838509
0.5800933125972006
0.5809968847352025
0.5819032761310452
0.5828125
0.5837245696400626
0.5846394984326019
0.5855572998430141
0.5864779874213837
0.5874015748031496
0.5883280757097792
0.5892575039494471
0.5901898734177216
0.5911251980982567
0.5920634920634921
0.5930047694753577
0.5939490445859873
0.594896331738437
0.5958466453674122
0.5968
0.5977564102564102
0.5987158908507223
0.5996784565916399
0.6006441223832528
0.6016129032258064
0.6025848142164781
0.6035598705501618
0.6045380875202593
0.6055194805194806
0.6065040650406504
0.6074918566775245
0.6084828711256117
0.6094771241830066
0.6104746317512275
0.6114754098360655
0.6124794745484401
0.6134868421052632
0.6144975288303131
0.6155115511551155
0.6165289256198347
0.6175496688741722
0.6185737976782753
0.6196013289036545
0.6206322795341098
0.6216666666666667
0.6227045075125208
0.6237458193979933
0.6247906197654941
0.6258389261744967
0.626890756302521
0.6279461279461279
0.6290050590219224
0.6300675675675675
0.6311336717428088
0.6322033898305085
0.633276740237691
0.6343537414965986
0.6354344122657581
0.636518771331058
0.6376068376068376
0.6386986301369864
0.6397941680960549
0.6408934707903781
0.6419965576592083
0.6431034482758621
0.6442141623488774
0.6453287197231834
0.6464471403812825
0.6475694444444444
0.648695652173913
0.6498257839721254
0.6509598603839442
0.6520979020979021
0.6532399299474606
0.6543859649122807
0.655536028119508
0.6566901408450704
0.6578483245149912
0.6590106007067138
0.6601769911504425
0.6613475177304965
0.6625222024866785
0.6637010676156584
0.6648841354723708
0.6660714285714285
0.667262969588551
0.6684587813620072
0.6696588868940754
0.670863309352518
0.6720720720720721
0.6732851985559567
0.674502712477396
0.6757246376811594
0.676950998185118
0.6781818181818182
0.6794171220400729
0.6806569343065694
0.6819012797074955
0.6831501831501832
0.6844036697247706
0.6856617647058824
0.6869244935543278
0.6881918819188192
0.6894639556377079
0.6907407407407408
0.6920222634508348
0.6933085501858736
0.6945996275605214
0.6958955223880597
0.697196261682243
0.6985018726591761
0.699812382739212
0.7011278195488722
0.7024482109227872
0.7037735849056603
0.7051039697542533
0.7064393939393939
0.7077798861480076
0.7091254752851711
0.7104761904761905
0.7118320610687023
0.7131931166347992
0.7145593869731801
0.7159309021113244
0.7173076923076923
0.7186897880539499
0.7200772200772201
0.7214700193423598
0.7228682170542635
0.7242718446601941
0.72568093385214
0.7270955165692008
0.728515625
0.7299412915851272
0.7313725490196078
0.7328094302554028
0.734251968503937
0.7357001972386588
0.7371541501976284
0.7386138613861386
0.7400793650793651
0.7415506958250497
0.7430278884462151
0.7445109780439122
0.746
0.7474949899799599
0.748995983935743
0.7505030181086519
0.7520161290322581
0.7535353535353535
0.7550607287449392
0.7565922920892495
0.758130081300813
0.7596741344195519
0.7612244897959184
0.7627811860940695
0.764344262295082
0.7659137577002053
0.7674897119341564
0.7690721649484537
0.7706611570247934
0.772256728778468
0.7738589211618258
0.7754677754677755
0.7770833333333333
0.778705636743215
0.7803347280334728
0.7819706498951782
0.7836134453781513
0.7852631578947369
0.7869198312236287
0.7885835095137421
0.7902542372881356
0.7919320594479831
0.7936170212765957
0.7953091684434968
0.7970085470085471
0.7987152034261242
0.8004291845493562
0.8021505376344086
0.8038793103448276
0.8056155507559395
0.8073593073593074
0.8091106290672451
0.8108695652173913
0.8126361655773421
0.8144104803493449
0.8161925601750547
0.8179824561403509
0.8197802197802198
0.8215859030837004
0.8233995584988962
0.8252212389380531
0.8270509977827051
0.8288888888888889
0.8307349665924276
0.8325892857142857
0.8344519015659956
0.8363228699551569
0.8382022471910112
0.8400900900900901
0.8419864559819413
0.8438914027149321
0.8458049886621315
0.8477272727272728
0.8496583143507973
0.8515981735159818
0.8535469107551488
0.8555045871559633
0.8574712643678161
0.8594470046082949
0.8614318706697459
0.8634259259259259
0.8654292343387471
0.8674418604651163
0.8694638694638694
0.8714953271028038
0.8735362997658079
0.8755868544600939
0.8776470588235294
0.8797169811320755
0.8817966903073287
0.8838862559241706
0.8859857482185273
0.888095238095238
0.8902147971360382
0.8923444976076556
0.894484412470024
0.8966346153846154
0.8987951807228916
0.9009661835748792
0.9031476997578692
0.9053398058252428
0.9075425790754258
0.9097560975609756
0.9119804400977995
0.9142156862745098
0.9164619164619164
0.9187192118226601
0.9209876543209876
0.9232673267326733
0.9255583126550868
0.927860696517413
0.9301745635910225
0.9325
0.9348370927318296
0.9371859296482412
0.9395465994962217
0.9419191919191919
0.9443037974683545
0.9467005076142132
0.9491094147582697
0.951530612244898
0.9539641943734015
0.9564102564102565
0.9588688946015425
0.961340206185567
0.9638242894056848
0.966321243523316
0.9688311688311688
0.9713541666666666
0.9738903394255874
0.9764397905759162
0.979002624671916
0.9815789473684211
0.9841688654353562
0.9867724867724867
0.9893899204244032
0.9920212765957447
0.9946666666666667
0.9973262032085561
1.0
