0.11713665943600847
0.11726384364820851
0.1173913043478258
0.11751904243743218
0.1165577342047931
0.11668484187568157
0.11597374179431054
0.11622807017543886
0.11648351648351636
0.116926503340757
0.11718749999999988
0.11731843575418985
0.1164613661814113
0.1156004489337821
0.1157303370786519
0.11586051743532035
0.11612175873731653
0.11625282167042869
0.11638418079096051
0.11538461538461527
0.11551528878822225
0.11464245175936436
0.11363636363636336
0.11376564277588155
0.11376564277588155
0.11389521640091108
0.11301369863013698
0.1141868512110726
0.11445086705202308
0.1145833333333335
0.1148491879350351
0.1151162790697672
0.11538461538461553
0.11565420560747663
0.11515863689776722
0.11529411764705871
0.1154299175500587
0.11556603773584904
0.11570247933884274
0.1158392434988181
0.11597633136094697
0.1149289099526065
0.1149289099526065
0.11506524317912209
0.1152019002375298
0.11533888228299635
0.11547619047619034
0.11561382598331339
0.1158900836320194
0.11602870813397154
0.11616766467065878
0.1163069544364511
0.11644657863145257
0.11658653846153832
0.11672683513838725
0.11686746987951793
0.11714975845410647
0.11729141475211623
0.11743341404358344
0.11757575757575733
0.11771844660194171
0.1178614823815309
0.11800486618004855
0.11829268292682935
0.1184371184371183
0.11858190709046476
0.11764705882352926
0.11779141104294509
0.11793611793611784
0.11808118081180793
0.11837237977805196
0.11851851851851833
0.11757425742574265
0.11771995043370503
0.11786600496277902
0.11801242236024823
0.1181592039800993
0.11830635118306371
0.11845386533665855
0.11860174781523117
0.11875000000000008
0.11889862327909911
0.1191969887076536
0.1193467336683419
0.11949685534591194
0.12025316455696233
0.1204055766793412
0.12055837563451786
0.12071156289707731
0.12086513994910926
0.12086513994910926
0.12101910828025476
0.12117346938775521
0.12132822477650089
0.12148337595907906
0.12163892445582593
0.12179487179487163
0.12210796915167087
0.12226512226512257
0.12113402061855653
0.12000000000000023
0.12031047865459273
0.12046632124352348
0.1207792207792208
0.12093628088426549
0.1212516297262059
0.12156862745098022
0.12172774869109958
0.12172774869109958
0.12188728702490159
0.1220472440944885
0.12220762155059113
0.12236842105263171
0.12252964426877451
0.12433155080213923
0.12433155080213923
0.12449799196787166
0.12466487935656843
0.12364130434782632
0.1238095238095235
0.12261580381471415
0.12261580381471415
0.1227830832196451
0.12430939226519314
0.12517385257301827
0.12552301255230133
0.12569832402234626
0.12587412587412602
0.12587412587412602
0.12605042016806703
0.1267605633802816
0.12693935119887154
0.12711864406779666
0.127298444130127
0.1276595744680852
0.1267806267806269
0.12842712842712828
0.12861271676300576
0.12936046511627922
0.12954876273653562
0.12954876273653562
0.12827988338192395
0.12846715328467156
0.127565982404692
0.1277533039647576
0.12794117647058806
0.12794117647058806
0.1281296023564063
0.12831858407079616
0.12850812407680967
0.12908011869436187
0.12927191679049016
0.12927191679049016
0.13004484304932717
0.13023952095808375
0.13043478260869554
0.13063063063063038
0.13161875945537066
0.13181818181818175
0.13201820940819411
0.13201820940819411
0.13221884498480238
0.1324200913242009
0.13129770992366419
0.13149847094801212
0.13169984686064298
0.13169984686064298
0.1319018404907977
0.1321044546851
0.13230769230769251
0.13251155624036967
0.13124999999999978
0.13291139240506317
0.13312202852614882
0.13333333333333314
0.13354531001589845
0.1337579617834395
0.13397129186602874
0.13418530351437669
0.13440000000000007
0.13483146067415733
0.13504823151125397
0.1338709677419356
0.134087237479806
0.1333333333333335
0.1333333333333335
0.13355048859934857
0.13376835236541612
0.13398692810457494
0.13344316309719934
0.1320132013201322
0.13223140495867788
0.13266998341625227
0.13289036544850488
0.13311148086522454
0.13210702341137118
0.13277310924369726
0.13299663299663317
0.13322091062394592
0.1334459459459458
0.1336717428087985
0.13412563667232602
0.13458262350936975
0.13550600343053185
0.1359724612736662
0.1364421416234886
0.1364421416234886
0.1364421416234886
0.13667820069204145
0.13691507798960142
0.13715277777777754
0.137630662020906
0.137630662020906
0.137870855148342
0.13811188811188801
0.1383537653239933
0.1383537653239933
0.13859649122807036
0.13884007029876974
0.1390845070422534
0.13932980599647266
0.14031971580817065
0.1405693950177934
0.14081996434937613
0.14107142857142832
0.14107142857142832
0.1413237924865832
0.1415770609318997
0.1402877697841727
0.1405405405405405
0.1407942238267147
0.1410488245931285
0.14130434782608683
0.14156079854809434
0.14181818181818184
0.14233576642335755
0.14338235294117618
0.14364640883977883
0.1439114391143913
0.1444444444444446
0.1447124304267163
0.14498141263940545
0.1452513966480446
0.1455223880597017
0.1457943925233643
0.14606741573033724
0.146341463414634
0.146341463414634
0.146341463414634
0.1471698113207547
0.14744801512287334
0.14772727272727262
0.14772727272727262
0.14772727272727262
0.14913957934990438
0.15057915057915044
0.15087040618955505
0.15116279069767463
0.15145631067961182
0.1517509727626456
0.15204678362573099
0.15234375
0.1532416502946956
0.15354330708661396
0.1538461538461539
0.15415019762845844
0.15445544554455456
0.15476190476190443
0.15506958250497005
0.15757575757575776
0.15587044534412955
0.1561866125760651
0.15682281059063155
0.15714285714285695
0.15714285714285695
0.15714285714285695
0.16630669546436305
0.1666666666666668
0.16485900216919733
0.16521739130434765
0.16521739130434765
0.16593886462882115
0.1663019693654265
0.16740088105726864
0.1677704194260487
0.1677704194260487
0.16851441241685153
0.16666666666666644
0.16703786191536735
0.16741071428571427
0.16930022573363407
0.16968325791855202
0.17006802721088451
0.17045454545454522
0.17084282460136663
0.17123287671232876
0.1716247139588101
0.17201834862385296
0.172413793103448
0.172413793103448
0.17169373549884015
0.17209302325581363
0.1737089201877937
0.1737089201877937
0.1717647058823528
0.17257683215130043
0.17422434367541742
0.17464114832535904
0.17505995203836952
0.1767554479418885
0.17848410757946226
0.17892156862745087
0.17936117936117935
0.17980295566502447
0.18024691358024666
0.1806930693069308
0.1806930693069308
0.18114143920595516
0.1852791878172589
0.18575063613231532
0.18622448979591852
0.1867007672634269
0.1867007672634269
0.1867007672634269
0.1867007672634269
0.18717948717948704
0.1876606683804626
0.18814432989690708
0.18863049095607215
0.18863049095607215
0.1891191709844561
0.18961038961038965
0.19010416666666652
0.1906005221932118
0.1926121372031664
0.1931216931216931
0.19363395225464186
0.19414893617021256
0.19518716577540124
0.19571045576407517
0.1972972972972973
0.1978319783197829
0.19836956521739155
0.1989100817438695
0.19945355191256847
0.19999999999999976
0.20797720797720812
0.20797720797720812
0.2085714285714289
0.20916905444126047
0.20916905444126047
0.20916905444126047
0.20977011494252853
0.21037463976945223
0.2109826589595375
0.20930232558139558
0.20930232558139558
0.20991253644314836
0.21052631578947367
0.21114369501466262
0.21114369501466262
0.21176470588235274
0.21238938053097306
0.2136498516320473
0.21428571428571405
0.21492537313432852
0.2155688622754489
0.22085889570552175
0.22153846153846182
0.22222222222222265
0.21981424148606826
0.22118380062305296
0.22118380062305296
0.22118380062305296
0.2218749999999997
0.2218749999999997
0.2232704402515723
0.22397476340694022
0.22468354430379722
0.22611464968152864
0.22611464968152864
0.22611464968152864
0.22683706070287496
0.22756410256410226
0.22829581993569112
0.22829581993569112
0.23178807947019842
0.2341137123745818
0.23489932885906017
0.23569023569023606
0.23809523809523825
0.23549488054607487
0.23630136986301414
0.23711340206185533
0.23711340206185533
0.23793103448275896
0.23875432525951543
0.23875432525951543
0.23958333333333295
0.24041811846689892
0.24125874125874114
0.24210526315789502
0.24210526315789502
0.24295774647887303
0.24381625441696098
0.24199288256227727
0.24285714285714247
0.24372759856630855
0.24372759856630855
0.24637681159420255
0.2472727272727271
0.2472727272727271
0.24817518248175163
0.24908424908424867
0.24999999999999956
0.2509225092250925
0.2509225092250925
0.2518518518518521
0.2527881040892197
0.2537313432835824
0.2537313432835824
0.2509363295880152
0.2509363295880152
0.2509363295880152
0.25187969924812026
0.2528301886792453
0.2537878787878786
0.2537878787878786
0.2537878787878786
0.2547528517110268
0.25572519083969497
0.25572519083969497
0.25670498084291204
0.26171875
0.2627450980392152
0.2627450980392152
0.2627450980392152
0.26377952755905476
0.26377952755905476
0.2648221343873519
0.2658730158730154
0.2669322709163345
0.2680000000000002
0.2712550607287451
0.27235772357723564
0.27235772357723564
0.27235772357723564
0.2734693877551017
0.278008298755187
0.278008298755187
0.2791666666666669
0.28033472803347315
0.28033472803347315
0.2815126050420171
0.278481012658228
0.278481012658228
0.278481012658228
0.2796610169491522
0.2796610169491522
0.2796610169491522
0.2796610169491522
0.28085106382978753
0.28205128205128227
0.2832618025751073
0.28571428571428575
0.28260869565217384
0.2838427947598256
0.2850877192982461
0.2863436123348018
0.2863436123348018
0.2876106194690269
0.2888888888888887
0.29017857142857156
0.29017857142857156
0.2927927927927931
0.2927927927927931
0.29411764705882365
0.29545454545454525
0.29545454545454525
0.2922374429223744
0.2922374429223744
0.2922374429223744
0.3033175355450234
0.3033175355450234
0.3033175355450234
0.3047619047619048
0.3047619047619048
0.3047619047619048
0.30434782608695654
0.30434782608695654
0.30731707317073187
0.30882352941176466
0.31034482758620663
0.31188118811881205
0.31500000000000017
0.3115577889447237
0.313131313131313
0.313131313131313
0.313131313131313
0.3195876288659793
0.3195876288659793
0.32124352331606226
0.3263157894736842
0.33155080213903754
0.33155080213903754
0.33155080213903754
0.33155080213903754
0.33155080213903754
0.33333333333333315
0.33513513513513515
0.33695652173913065
0.33695652173913065
0.33879781420765054
0.34636871508379863
0.34831460674157355
0.34831460674157355
0.34831460674157355
0.34831460674157355
0.34831460674157355
0.3502824858757064
0.3502824858757064
0.35227272727272707
0.35227272727272707
0.35227272727272707
0.35227272727272707
0.35632183908045945
0.3583815028901733
0.3583815028901733
0.36144578313253034
0.36144578313253034
0.36144578313253034
0.36363636363636354
0.3658536585365856
0.37499999999999967
0.37499999999999967
0.3773584905660377
0.3797468354430377
0.3797468354430377
0.38216560509554137
0.39735099337748314
0.4054054054054049
0.4054054054054049
0.4081632653061227
0.41666666666666613
0.41666666666666613
0.41666666666666613
0.4225352112676053
0.4225352112676053
0.4225352112676053
0.4255319148936174
0.4255319148936174
0.4255319148936174
0.428571428571428
0.43165467625899323
0.43165467625899323
0.43478260869565166
0.43478260869565166
0.43478260869565166
0.4411764705882346
0.44776119402985115
0.44776119402985115
0.44776119402985115
0.44776119402985115
0.45112781954887216
0.4545454545454542
0.4545454545454542
0.4545454545454542
0.45801526717557306
0.45801526717557306
0.45801526717557306
0.4615384615384608
0.46511627906976805
0.46511627906976805
0.46511627906976805
0.46511627906976805
0.46511627906976805
0.46875
0.46875
0.47244094488188915
0.48000000000000037
0.48000000000000037
0.48000000000000037
0.48000000000000037
0.4838709677419351
0.48780487804878003
0.49180327868852497
0.49586776859504056
0.49586776859504056
0.5000000000000007
0.5000000000000007
0.5000000000000007
0.5000000000000007
0.5042016806722697
0.5042016806722697
0.5084745762711859
0.5128205128205134
0.5172413793103451
0.5172413793103451
0.5172413793103451
0.5217391304347827
0.5263157894736851
0.5309734513274342
0.5309734513274342
0.5357142857142861
0.5357142857142861
0.5357142857142861
0.540540540540541
0.5454545454545453
0.5504587155963301
0.5555555555555552
0.5607476635514018
0.5607476635514018
0.5607476635514018
0.5660377358490566
0.5660377358490566
0.5714285714285716
0.5714285714285716
0.5769230769230771
0.58252427184466
0.5882352941176471
0.5882352941176471
0.5882352941176471
0.5959595959595958
0.6020408163265311
0.6555555555555552
0.6629213483146077
0.6629213483146077
0.6704545454545451
0.6704545454545451
0.6781609195402293
0.6860465116279076
0.6860465116279076
0.6860465116279076
0.6860465116279076
0.6860465116279076
0.6860465116279076
0.6860465116279076
0.6941176470588233
0.6941176470588233
0.702380952380952
0.702380952380952
0.702380952380952
0.7108433734939763
0.7108433734939763
0.7195121951219516
0.7195121951219516
0.7283950617283961
0.7374999999999994
0.7468354430379742
0.7564102564102557
0.7662337662337664
0.7662337662337664
0.7763157894736846
0.7763157894736846
0.7866666666666657
0.7866666666666657
0.7866666666666657
0.7866666666666657
0.7972972972972963
0.7972972972972963
0.7972972972972963
0.7972972972972963
0.7972972972972963
0.7972972972972963
0.7972972972972963
0.808219178082193
0.8428571428571418
0.8428571428571418
0.8428571428571418
0.8805970149253739
0.8939393939393933
0.8939393939393933
0.8939393939393933
0.9076923076923062
0.9076923076923062
0.9076923076923062
0.921875
0.921875
0.936507936507935
0.936507936507935
0.9516129032258057
0.9516129032258057
0.9516129032258057
0.9672131147540991
0.9672131147540991
0.9833333333333347
0.9999999999999989
0.9999999999999989
